1.495256997949000208e+02
1.381160427025200192e+02
1.589615529370401248e+02
1.608804286409456665e+02
1.563326955571943699e+02
1.731838538992979863e+02
1.645735747996227190e+02
1.389168301731941426e+02
1.203152621263552504e+02
1.129483714115815332e+02
1.160340263846014608e+02
1.228061919279195280e+02
1.298948239032319520e+02
1.291776075065978659e+02
1.346124660207556190e+02
1.343817868734077194e+02
1.306812662544067507e+02
1.155901049634407087e+02
1.432664405155179566e+02
9.851810794661183479e+01
1.301490761826177334e+02
1.329938976836234019e+02
1.277307398171364241e+02
1.184870442175880356e+02
1.111713173762929898e+02
9.430326678476984625e+01
1.110636875536053338e+02
1.179834435017962591e+02
7.725771167065572342e+01
1.066331508635659020e+02
1.204044440513212493e+02
1.121076795847779550e+02
1.149197061028310287e+02
9.771684690599936118e+01
6.743226571574672334e+01
1.158388469356695367e+02
1.181937534175683879e+02
1.036198866295922159e+02
1.330732887299595575e+02
8.285576756252031316e+01
1.126104988324941871e+02
1.231551630780537607e+02
1.206881030267439030e+02
7.706280780918262963e+01
7.326740340356464287e+01
3.897669624822305678e+01
9.165945151868025675e+01
9.719345344859385705e+01
5.470692228477381747e+01
9.482420610586692078e+01
9.337400063966404673e+01
7.045970755530292706e+01
6.745029766696649176e+01
5.152335793718052059e+01
3.499968576325489522e+01
3.088734835932149636e+01
7.486013655170799552e+01
2.330419854916380373e+01
8.667272394092148602e+01
3.798740761148388145e+01
2.650060297212120730e+01
2.206539747401133411e+01
2.326883248352431366e+01
2.193456482876493041e+01
3.755616434757450151e+01
1.553128901464257794e+01
2.763182600273197309e+01
3.221134472824611095e+01
2.067481609611864712e+01
3.286163530662434340e+01
1.757289143608782922e+01
2.187753171327352320e+01
3.590310325395449809e+01
2.125954185918056538e+01
2.061245415419908511e+01
1.461632349641987538e+01
2.856272031739607797e+01
1.951740798139513089e+01
2.069292468365001625e+01
1.651887210926928873e+01
1.544696395021735036e+01
2.363854144215282460e+01
2.726166560012814344e+01
4.384099452132693386e+01
3.535659845046328087e+01
2.231791445682047126e+01
1.741584840970771353e+01
2.185016237666265226e+01
2.476174041805252912e+01
3.399824869743076761e+01
1.200866092455413003e+01
2.625819848530212397e+01
2.438954340261951259e+01
2.227875748369424969e+01
1.938115263456080939e+01
2.638374283570971812e+01
2.332233684619628988e+01
1.710366980648985091e+01
3.191845003313710194e+01
2.503689612487049132e+01
2.499595636092989182e+01
1.686539405329300934e+01
1.934570222745226076e+01
1.933862923337878570e+01
1.499867834351991469e+01
2.073047606267862619e+01
2.190271375538358711e+01
1.302013226881443764e+01
1.607210022596881771e+01
2.205411522161464788e+01
1.282398577359347769e+01
1.278118942380294953e+01
2.763490356644285484e+01
2.631942890773431643e+01
2.492704921812472563e+01
1.788844898475672451e+01
2.044595789678291453e+01
1.593180310766954833e+01
2.089896502378766385e+01
1.483963664778217151e+01
1.302222837824395718e+01
1.542341554615555133e+01
2.220311244862770295e+01
1.253667023078484277e+01
1.691048743159160850e+01
2.121377424720127536e+01
1.631162898823286511e+01
2.248327242508143087e+01
1.075897596642057330e+01
1.230346160877525108e+01
2.105302187208658893e+01
1.771485584591678375e+01
1.462692578100097229e+01
2.876203606984601890e+01
1.596392039781443373e+01
1.134496444249820968e+01
1.364986191495902368e+01
1.895042476036707058e+01
1.044040417630678519e+01
2.066142942100574942e+01
1.120476167323081995e+01
1.289050809490777816e+01
1.603220065712265452e+01
9.839494313353034372e+00
1.053038666827083070e+01
1.395481872165056458e+01
1.792801588490679165e+01
1.672362198112693932e+01
1.767693898107528128e+01
1.243989644959990315e+01
1.662716092899411180e+01
1.260532037240633407e+01
1.024571719070508458e+01
1.152468984830590948e+01
1.238504805684094379e+01
1.751869025254745083e+01
8.406319348024293703e+00
9.576703605508686934e+00
1.304992245262260120e+01
1.134609028847679291e+01
1.052443623944305173e+01
1.170371622127790801e+01
1.218938398314747040e+01
9.424836175726289511e+00
1.139300648756080570e+01
1.344048133917303822e+01
9.842904745152562640e+00
1.458124071957993628e+01
9.544126521162427323e+00
1.582625947106592967e+01
1.032594656242017628e+01
1.147865223967693105e+01
6.727912983032713790e+00
1.034104940975172937e+01
9.922020088990016973e+00
7.331301525960657095e+00
1.555844158598005045e+01
1.157572594756738127e+01
7.468801676817011348e+00
1.184792752050426401e+01
1.989569600518613868e+01
7.489903910529704056e+00
1.229863830394435453e+01
1.662768133845777285e+01
9.366502383450335145e+00
1.069931120683656545e+01
1.482795672225468842e+01
1.136239150122746899e+01
7.809418060634433445e+00
7.755600400609991674e+00
1.580991862418747296e+01
1.055976029059477206e+01
1.610247360995295907e+01
8.767350281457609640e+00
1.186582239316861731e+01
7.265594804493875181e+00
1.325544547056806444e+01
8.371381604162063894e+00
1.655727772172486212e+01
9.392271459993001059e+00
8.004318485180052178e+00
1.181803946758379986e+01
1.210584286916626340e+01
9.461668095061673611e+00
6.531972852730437040e+00
1.018617094124529565e+01
1.155034146861006938e+01
1.078481967535170760e+01
1.244155559250854459e+01
1.278923011451185587e+01
8.714413696839793388e+00
1.205851415228187129e+01
7.519005555691210319e+00
9.055592996891853375e+00
1.059535633617780803e+01
7.570413933976984922e+00
1.086169259044138258e+01
8.923564316012853936e+00
1.709695450415532747e+01
6.316695370913562257e+00
7.638958989849269798e+00
7.663481460765670938e+00
1.200988743215140175e+01
1.020020989266010147e+01
1.284886119011014749e+01
9.987918445219383656e+00
7.184137217819666077e+00
1.018261032084938655e+01
1.968123239529962731e+01
8.742538461074202516e+00
1.732652447421269315e+01
1.943981864576093344e+01
7.668720158241476348e+00
6.515551710696932730e+00
1.374455980115179443e+01
8.653998021894107495e+00
6.817160244616297327e+00
5.603203684952837271e+00
1.129045309991746926e+01
5.131526326880303301e+00
9.370963894357451807e+00
8.184768577748434026e+00
1.075623367639996530e+01
7.129152741966532147e+00
9.485666938031467765e+00
7.758624122944627999e+00
9.814548973341768345e+00
5.911804537056401188e+00
6.685512418471349250e+00
6.311786743938452737e+00
1.069082150193306546e+01
8.858820804590472164e+00
7.438678001383157934e+00
1.399127888942484255e+01
9.701765610693778186e+00
6.767165090766698476e+00
4.936743411601543841e+00
7.630416335433625186e+00
1.100181846010712761e+01
9.390084402593846136e+00
5.909606911620412184e+00
8.684724113820154301e+00
1.586773078263195202e+01
8.989335698630174676e+00
9.208302215592732765e+00
7.992338990250940967e+00
7.756136130088870928e+00
5.015872528567734356e+00
9.161232324601341404e+00
6.490970241417281628e+00
7.968627170852321306e+00
1.062071581007593046e+01
9.610160355415924727e+00
4.521068491570857439e+00
1.659417559874755099e+01
1.596434327335604131e+01
1.291223062296095314e+01
9.484567151838422916e+00
8.847485192740228044e+00
6.374929872735997094e+00
9.345985163118223582e+00
6.674307071541824676e+00
5.468985907144275238e+00
1.008530347580676079e+01
1.358817331856669952e+01
6.140397943744082987e+00
1.119661810904107391e+01
8.038896521654878669e+00
1.213246800705952033e+01
1.144906584376566983e+01
8.063938263973922105e+00
6.485785323496366495e+00
7.406008471200816956e+00
1.520823741056546119e+01
5.503290842154005880e+00
5.618670894601299537e+00
6.228865881127932269e+00
8.189860990972103849e+00
3.558118282760061035e+00
4.234495963733516888e+00
8.787495580147238528e+00
6.530313555533878933e+00
5.905032033284448367e+00
9.547333823193804747e+00
8.759514988943069014e+00
5.372380074211959844e+00
5.488529811438154660e+00
8.399284326296015735e+00
7.231276390477332505e+00
6.769719324490855783e+00
7.164530477328638902e+00
1.066510302654382336e+01
9.273327910160917398e+00
5.472474697115626618e+00
7.885209820829973459e+00
6.388538805116730224e+00
7.260190089785299783e+00
7.382022624915935083e+00
7.476827615459180620e+00
4.004158551351421735e+00
9.332549809120228801e+00
1.030647778756660493e+01
5.211043770687877164e+00
7.410754212893826853e+00
4.830207688926630993e+00
4.085426547622664550e+00
1.255609516920909030e+01
6.711655361266799957e+00
1.070699252268836688e+01
4.762964931320611051e+00
7.152398482173948580e+00
6.868286608062931009e+00
1.062370880172061582e+01
5.387330463109832657e+00
9.997117118953408266e+00
9.950549457063104342e+00
6.103792552771342805e+00
4.878972883883886169e+00
8.649450922403568498e+00
8.044561097754565182e+00
7.403067829447601333e+00
7.855393503357578133e+00
6.897185767479486529e+00
6.836396578477317298e+00
5.709188475455758471e+00
5.468564250181857211e+00
5.485656712567058335e+00
6.187629230754013498e+00
4.023627334383983900e+00
8.466482611078236076e+00
7.161746262103440230e+00
3.836783611714382758e+00
4.960377818880764345e+00
5.301397318966007965e+00
7.404080961835823871e+00
4.955249185873270790e+00
9.838142414660806523e+00
5.421412091722280557e+00
1.055627685526016712e+01
4.092172073565357060e+00
3.616931138553066472e+00
6.988079621535858266e+00
5.814138579300203169e+00
5.398534820936704115e+00
8.726510130746968130e+00
6.583413615658689544e+00
1.090342554236897676e+01
3.870803610872006306e+00
5.498318837646078094e+00
7.359635496596249382e+00
6.672463903161320431e+00
6.877202230803545646e+00
4.897671140215350327e+00
4.307175832739551957e+00
6.085851250120832390e+00
4.795147149282222188e+00
5.750551741685892893e+00
5.472812136172434450e+00
7.070871567737633256e+00
8.362501973960243973e+00
5.282102928596106750e+00
5.518531975189199024e+00
5.721924653352767010e+00
1.174358907011350084e+01
3.840921274454097922e+00
1.033799416486011147e+01
7.251600269668421639e+00
6.917943179585469338e+00
6.433004319487389822e+00
8.006797831967263690e+00
3.353897252007259855e+00
4.763899442522689043e+00
1.175632859233554406e+01
6.457649277611371197e+00
3.815359346136840912e+00
7.086648093812870641e+00
4.111727297312150142e+00
5.475907949531771735e+00
1.411188786237441661e+01
8.517271574944944135e+00
1.411932387018554280e+01
6.134034733152450514e+00
5.667548572341602586e+00
6.293390789118149087e+00
4.106402583005929863e+00
8.456389904691343773e+00
4.109906119640443833e+00
7.461767711617619092e+00
5.575465230533207972e+00
5.260307985293402488e+00
4.892386899406829137e+00
5.814408250019795332e+00
1.038299602462935844e+01
1.168894575470446640e+01
9.069134531915974407e+00
4.416467361317282680e+00
9.706677142648644008e+00
9.671826629809828546e+00
3.489887669271482196e+00
7.419957728427329258e+00
6.809949070054065245e+00
6.439291326567545326e+00
7.556911986452742980e+00
4.235475213916969572e+00
3.727920661754108522e+00
3.689686434058409237e+00
4.158578826533655182e+00
5.756233517947998202e+00
4.132019485165497663e+00
9.121189532957334478e+00
6.960822045882227194e+00
6.545000764654356651e+00
8.112923707242133631e+00
5.445660444125273614e+00
2.820096263217465093e+00
4.096483346922517477e+00
8.873465759762918736e+00
5.136696106683012353e+00
5.132633836244408165e+00
6.156774331360509223e+00
4.809209655705754649e+00
5.585260325807797521e+00
5.208775608216990705e+00
4.161821622256049125e+00
6.292630569737964308e+00
4.427456097181474703e+00
5.775221140627698979e+00
4.792853061934505554e+00
4.390996127646939584e+00
4.352019852669429589e+00
3.470945812539992570e+00
9.971871533944772992e+00
7.007528438738377830e+00
3.945904366209287417e+00
7.057094569122731365e+00
6.338513625672375973e+00
6.330393836455690426e+00
5.512187442041557084e+00
3.959001830267688149e+00
6.637687068173529603e+00
4.270944633880274566e+00
7.337291151164476943e+00
1.279231529291921099e+01
5.959253588030780868e+00
5.123533431208397104e+00
5.493562380899482456e+00
1.540340921886889625e+01
5.526164080429972536e+00
4.644016090522684159e+00
4.714970544567477440e+00
1.015231908469645461e+01
5.608444351679810147e+00
3.006678806738600329e+00
6.616680719123835708e+00
5.019599167783680649e+00
4.743796890950716438e+00
4.152764849900399291e+00
5.741165514080236676e+00
4.687852116586206819e+00
3.064744653807779162e+00
8.013094035963538531e+00
8.605787843095381362e+00
6.047093396369074725e+00
1.029649616522255329e+01
4.201208520591514173e+00
6.585674120024122224e+00
5.382883407126013431e+00
1.240436572817932159e+01
6.172902820256089385e+00
7.133181217796011886e+00
5.241989191390604041e+00
4.031610087655032260e+00
4.752558206874729407e+00
5.929901546551294089e+00
4.664084135579670054e+00
7.337692271701826918e+00
4.906240657581124154e+00
7.347174187202855755e+00
4.458473577503811569e+00
5.083786263973255615e+00
5.972537239154412703e+00
4.309954663045393985e+00
4.735444732985241600e+00
8.638948495649149351e+00
5.400051704584906354e+00
5.517409957086705674e+00
6.558820768893957265e+00
4.564835840986245508e+00
6.980153381586394090e+00
1.135071592308031185e+01
4.450345454675753487e+00
5.950803272106698572e+00
4.885682374058008648e+00
5.675643265370921675e+00
7.616992051988593637e+00
6.656388680676294634e+00
7.094915660644765865e+00
4.200640206418558620e+00
5.133428736595329944e+00
5.066938641001176080e+00
7.107318733137214295e+00
4.616054289500712393e+00
3.347189002341353081e+00
6.346986005288965060e+00
4.323506222550761890e+00
3.906754381163613843e+00
1.162735803495769638e+01
8.445518301863387478e+00
5.192197848149271877e+00
6.773558768992726797e+00
5.414105325300355709e+00
5.356101298742543371e+00
3.449310902519611144e+00
3.836872247002033109e+00
5.482309297539343262e+00
7.515463942197578184e+00
4.999979215771682917e+00
5.776779305580197033e+00
6.242541246624476514e+00
4.788683304943551988e+00
3.321553029491971287e+00
4.664981986369447498e+00
6.680242243169490557e+00
6.106893139032116835e+00
1.039916130045960330e+01
5.449882985133084112e+00
5.470296223599032004e+00
4.174894587765854759e+00
2.798971807521055677e+00
4.695591704976131986e+00
4.182106116651634231e+00
3.991725627683968991e+00
5.314594573539291211e+00
5.724085703923513790e+00
5.945930060650305826e+00
1.159331646427359885e+01
5.875878350679309747e+00
1.231147047449206866e+01
9.723147235976844271e+00
7.390267149601028152e+00
8.539964554224660276e+00
4.453395590233350632e+00
8.736342444541925545e+00
5.023570992384239986e+00
4.491904995054968097e+00
3.535140389485524892e+00
9.019706954532441756e+00
3.467220927526717400e+00
4.101406850476832844e+00
7.061559261376832097e+00
3.492500222610352978e+00
3.286179521250543800e+00
5.433329481652218185e+00
1.455496779855990752e+01
4.629013337055537747e+00
9.027829153362789683e+00
5.053802289848047025e+00
1.631957567695996758e+01
3.301360608638746363e+00
6.080300608692811970e+00
3.296884873918991765e+00
7.737700931589322373e+00
3.995408186692909869e+00
3.459687588820778981e+00
6.472925043228386244e+00
7.662076699405449887e+00
3.633314356550827906e+00
9.408684324779699182e+00
1.128122429577081576e+01
4.248861519645942053e+00
6.041694652737592541e+00
6.130161669170122174e+00
5.955620273492835182e+00
5.256826297508987444e+00
8.732534573434783454e+00
3.891743871420508150e+00
5.033243047302677908e+00
3.895977540765128921e+00
1.050316558229011399e+01
5.250423118214063933e+00
6.316229503160412762e+00
4.162316804469051945e+00
3.581942674224420919e+00
4.934730133659488871e+00
3.941840392749142108e+00
5.161660116781112251e+00
8.184245458147845653e+00
7.379908480896429701e+00
4.145080073670786902e+00
9.679683223791213820e+00
4.327418713125313232e+00
5.999515086573100398e+00
1.532045853626023479e+01
6.878447610337407703e+00
4.210125765486738558e+00
5.747930563430336370e+00
6.347319672301003024e+00
4.601449043076955014e+00
3.656102421491216337e+00
4.013064257363302190e+00
3.778658741464643533e+00
3.118844912230880340e+00
4.652191881472445445e+00
7.988589678612131983e+00
7.121149720914546677e+00
5.642904924846504855e+00
7.132244364419953797e+00
3.754210147039297230e+00
7.502881843138207607e+00
6.569121748602346322e+00
3.263937036512558620e+00
4.340227718641927801e+00
3.480674176977689438e+00
4.793757289826438672e+00
3.050325496822611004e+00
3.226972925393998270e+00
3.723678329932883724e+00
5.408312775071252076e+00
5.989574113394798616e+00
6.247308854173146742e+00
4.998103081771811951e+00
1.113343689595136610e+01
5.136781746470426846e+00
8.520041591619616383e+00
4.490166077794660815e+00
4.036242533402455201e+00
5.308183615150965373e+00
5.082952231612744676e+00
4.158628481652081099e+00
8.789443059111423651e+00
3.666734656711821305e+00
5.724890767966106075e+00
8.795505565975194173e+00
5.328617784633040699e+00
5.089155053602697265e+00
6.771561356067575588e+00
3.463849141779962171e+00
4.045706098044029808e+00
4.743741458350900331e+00
4.629597122184624602e+00
6.089447318219940897e+00
2.771710263281601883e+01
3.832522761822296786e+00
5.515875698295725549e+00
5.258132364124815439e+00
3.753052461094190662e+00
5.515072723646881059e+00
5.320924874717668729e+00
7.293848726211003886e+00
4.851219327377242152e+00
5.734999407440923846e+00
7.173201809119098549e+00
6.211623956615060393e+00
3.839393612220653118e+00
3.347338965622577156e+00
4.008960319043688436e+00
1.166128038789287480e+01
1.355461482165564746e+01
1.034107988198159944e+01
6.079477568974435364e+00
6.149949124397517508e+00
3.864629118129142338e+00
5.298574630763603466e+00
5.013885477002531843e+00
6.341581598821890431e+00
3.554014310161730972e+00
4.964783173043974429e+00
5.303197788222434816e+00
1.149432742173086375e+01
4.334003502756773152e+00
5.052119129258010766e+00
7.519241402995831436e+00
5.669120491730211597e+00
5.281999599730157868e+00
8.827428619663884035e+00
4.065910656318414418e+00
6.872156731491767090e+00
3.790838872826333361e+00
6.128484380390539776e+00
3.919736341114031131e+00
5.014284772599437723e+00
3.604777267289762221e+00
1.362308977647493435e+01
3.450184670700002343e+00
5.454578109404798703e+00
4.496062080140483808e+00
6.255461756990919220e+00
4.244205635837746016e+00
1.193431435874157742e+01
5.938100708376818027e+00
2.507177941413807343e+00
4.169709965172270216e+00
3.938284031746027924e+00
3.819787653296400354e+00
6.594409190154309819e+00
3.640366007312367369e+00
8.493516330646288637e+00
3.894725409326891263e+00
1.533757881308481785e+01
4.704939123049172167e+00
8.059678448666131700e+00
7.093530948612859710e+00
4.663550794065510985e+00
7.746454370124202349e+00
7.655061175014809649e+00
7.286051591251576198e+00
4.881763305879069037e+00
7.845839337392176205e+00
8.360951944407222669e+00
6.415082130162260476e+00
4.020475287257162300e+00
3.920390039862825304e+00
2.784406651300523894e+00
5.536106637879664838e+00
5.828085402876666876e+00
5.212974199913752216e+00
7.597706730629612437e+00
3.768111124092473840e+00
1.193650168605234896e+01
5.348848593224771797e+00
1.075250624416552014e+01
9.858885838683166369e+00
3.013295244405794548e+00
3.593394564913988010e+00
7.438154330286550042e+00
3.376127651179377409e+00
3.450326508610741527e+00
3.301181038825193426e+00
4.378700526112176306e+00
7.944821689425637601e+00
6.183496404643856081e+00
7.643776359789555386e+00
7.838958397954985280e+00
6.676666741148994610e+00
3.696372497628865439e+00
4.401698019105771742e+00
7.962876624666893832e+00
6.025943798034455234e+00
7.298222464391639797e+00
4.843098550360889654e+00
4.386364666086042696e+00
5.684324379132446481e+00
6.412714353157424441e+00
1.100038429184529143e+01
5.753118526169593849e+00
6.135258492460880397e+00
4.988131889775697658e+00
4.211221556685847744e+00
4.093659079583886751e+00
4.352670724489484222e+00
1.156111627297446987e+01
1.633389534028282952e+01
7.974685401040265020e+00
6.768537074057429770e+00
4.418207267856859133e+00
4.323729586480117071e+00
3.843583567467330653e+00
7.485812051996973082e+00
5.540770737819305403e+00
1.744926625251008190e+01
5.015342805188400810e+00
6.919151892305182905e+00
5.956197786808246519e+00
7.933470897828182267e+00
1.184168977447817461e+01
3.630682451594893223e+00
5.851306663537497954e+00
2.696706552500850229e+00
6.126309274142648142e+00
5.727891318991883196e+00
5.544134701256638209e+00
3.748487172314771243e+00
2.306033916948052109e+01
8.005397742402593053e+00
7.636800661422540770e+00
5.034881842741090630e+00
3.919811331747089067e+00
5.304214804224649527e+00
1.052425828302046362e+01
2.614467593652265887e+00
1.323821353571547554e+01
5.410134640166473829e+00
6.963858898017663890e+00
7.174685676659088962e+00
4.095100894381899614e+00
3.737122724157567077e+00
6.586813867528787725e+00
7.686753371684967640e+00
1.495266060794662799e+01
6.511512084417518942e+00
3.961792097259555057e+00
4.186010390700753980e+00
4.661089761701858514e+00
4.698111669578875826e+00
5.160729206566836424e+00
2.480591059925590702e+00
4.990049544652413793e+00
3.994276917806347527e+00
3.924947444126081653e+00
6.332242403332779546e+00
5.430595915991921707e+00
4.658887522146048177e+00
8.427043803826805402e+00
8.576252965022531427e+00
3.339873042646845924e+00
5.645765820456245976e+00
3.860963041715337329e+00
3.264999199471385616e+00
6.409604290309581565e+00
4.500942791199460835e+00
7.695800087638923870e+00
1.153080544470600799e+01
4.623652099686404782e+00
4.656628910701917867e+00
3.528251642489841799e+00
3.667404072114374358e+00
7.691839000143890104e+00
6.667923774770216916e+00
8.297563524927399570e+00
4.000519906694192329e+00
5.333087144074283970e+00
4.049359203319050415e+00
3.729738880637347709e+00
4.232166218374820765e+00
7.950026745341466139e+00
7.704447202662511707e+00
4.811734462416283442e+00
3.712501997227374062e+00
5.918296689530921917e+00
4.800544852950839214e+00
3.442156407731039813e+00
2.768890600353229647e+00
1.190048656859177711e+01
4.139658313541930923e+00
5.310259378796186702e+00
3.774108909932353928e+00
5.012020037017296481e+00
3.685077147300860556e+00
5.220046869806367340e+00
8.123516124209158917e+00
3.900581103592815513e+00
7.134790324219614455e+00
1.244602400822075339e+01
4.614234627847393355e+00
9.445186009644407577e+00
3.159257460546930130e+00
6.350418506374590599e+00
4.526813666217968546e+00
3.093571879921181544e+00
5.785934866554366174e+00
4.863683766312873580e+00
6.374558498446527111e+00
5.586556343901572852e+00
1.847587179049241257e+01
8.383815415534511928e+00
6.474823883421682247e+00
5.361560583750839548e+00
5.304086843297450393e+00
8.981881493071810496e+00
6.560780204505386237e+00
3.186883293690587760e+00
6.257123099315079706e+00
5.377882784823786899e+00
9.225679333187621012e+00
5.403350180187955765e+00
4.337327075895346162e+00
3.725019438446776299e+00
6.209307457841147126e+00
8.233238822380720023e+00
4.409897461189818735e+00
6.637265134900746766e+00
3.455471530065539643e+00
2.932032184596372559e+01
4.446151962909945965e+00
4.712110812626623790e+00
8.492927930960780358e+00
5.034088130052219334e+00
3.744684009557484039e+00
7.859132175666234232e+00
1.293140269431233413e+01
7.838203765084415409e+00
3.741342372073431566e+00
3.327791554574603072e+00
3.622028798316442089e+00
1.121209510186177205e+01
8.333528574279116086e+00
5.588111612565072939e+00
4.652519572739830522e+00
4.711240543872746933e+00
1.046723464614426113e+01
7.028891501498461203e+00
5.707114352058753504e+00
3.104971466657077350e+00
3.064654190240241327e+00
6.294239184331216208e+00
3.906624418698997570e+00
7.133184102599324561e+00
7.174283141153893872e+00
1.373538005133005235e+01
4.607411519087380114e+00
4.920528371740387819e+00
3.326737709546659705e+00
4.996408318406042603e+00
2.127321933163808243e+00
4.908492748925746163e+00
6.451398419317866839e+00
1.152973427059092337e+01
6.364496635297540728e+00
1.498897237919708658e+01
4.449132331481446379e+00
1.607999843552133257e+01
1.629980811985646127e+01
7.713633244806053391e+00
2.798847523972567863e+00
6.517282022336784664e+00
7.862278231835694520e+00
4.604641081770894928e+00
4.455450580600479604e+00
2.767889644418953576e+00
7.807513873009249039e+00
3.240776009580181416e+00
8.084829111206037311e+00
6.510266401341431752e+00
3.002556036533396977e+00
1.146353570153809542e+01
4.952685721266710139e+00
8.414848347939731354e+00
3.975352780330926539e+00
4.122126038525808056e+00
1.612163900721983367e+01
3.998128281235562742e+00
1.170617460922855280e+01
6.514545825997898554e+00
3.206182667522976537e+00
9.555910590526680792e+00
2.736258098673378214e+00
3.403252142690254001e+00
4.750467264463946293e+00
5.612314760460507479e+00
6.278400767346268729e+00
4.936386045633834208e+00
3.652180898938301112e+00
3.302656396245043258e+00
8.397067255360079585e+00
1.614530459300322107e+01
1.014211807022728173e+01
2.854321146945563381e+00
9.774413760788243977e+00
2.404794274044097069e+00
6.992016723084865326e+00
3.987107215999951659e+00
4.663597616758885067e+00
7.893175549437971839e+00
6.101632381881582745e+00
6.902741546243994719e+00
7.786142902216543149e+00
9.543562847151019213e+00
2.257831518639316570e+01
7.699156026156696697e+00
9.602472674029852939e+00
4.650018767813598686e+00
8.626710319802086246e+00
3.177025204053517626e+00
4.636545623922186721e+00
6.446507028064648814e+00
4.152159892131566998e+00
1.381792306774234369e+01
1.478984146753956175e+01
3.489476042447777093e+00
5.261521115387211900e+00
2.979995602406366739e+00
5.673691212507719683e+00
1.238789315196937402e+01
3.408198084809088257e+00
5.309206404430294235e+00
8.588262096632723441e+00
1.583850142860985422e+01
9.352292400338697576e+00
4.166749809891935996e+00
