2.180975600000000000e+07
2.181000000000000000e+07
2.181298800000000000e+07
2.181332800000000000e+07
2.181340000000000000e+07
2.181372800000000000e+07
2.181394400000000000e+07
2.181463600000000000e+07
2.181470800000000000e+07
2.181695600000000000e+07
2.181696000000000000e+07
2.181734800000000000e+07
2.181759200000000000e+07
2.181759200000000000e+07
2.181760000000000000e+07
2.181760000000000000e+07
2.181760000000000000e+07
2.181787600000000000e+07
2.181806800000000000e+07
2.181806800000000000e+07
2.181827200000000000e+07
2.181827600000000000e+07
2.181828000000000000e+07
2.181828800000000000e+07
2.181828800000000000e+07
2.181828800000000000e+07
2.181828800000000000e+07
2.181828800000000000e+07
2.181828800000000000e+07
2.181828800000000000e+07
2.181828800000000000e+07
2.181828800000000000e+07
2.181828800000000000e+07
2.181828800000000000e+07
2.181828800000000000e+07
2.181828800000000000e+07
2.181828800000000000e+07
2.181828800000000000e+07
2.181828800000000000e+07
2.181828800000000000e+07
2.181828800000000000e+07
2.181828800000000000e+07
2.181828800000000000e+07
2.181828800000000000e+07
2.181828800000000000e+07
2.181828800000000000e+07
2.181828800000000000e+07
2.181828800000000000e+07
2.181828800000000000e+07
2.181828800000000000e+07
2.181828800000000000e+07
2.181828800000000000e+07
2.181828800000000000e+07
2.181828800000000000e+07
2.181828800000000000e+07
2.181828800000000000e+07
2.181828800000000000e+07
2.181828800000000000e+07
2.181828800000000000e+07
2.181828800000000000e+07
2.181828800000000000e+07
2.181828800000000000e+07
2.181828800000000000e+07
2.181828800000000000e+07
2.181828800000000000e+07
2.181828800000000000e+07
2.181828800000000000e+07
2.181828800000000000e+07
2.181828800000000000e+07
2.181828800000000000e+07
2.181828800000000000e+07
2.181828800000000000e+07
2.181828800000000000e+07
2.181828800000000000e+07
2.181828800000000000e+07
2.181828800000000000e+07
2.181828800000000000e+07
2.181828800000000000e+07
2.181828800000000000e+07
2.181828800000000000e+07
2.181828800000000000e+07
2.181828800000000000e+07
2.181828800000000000e+07
2.181828800000000000e+07
2.181828800000000000e+07
2.181828800000000000e+07
2.181828800000000000e+07
2.181828800000000000e+07
2.181828800000000000e+07
2.181828800000000000e+07
2.181828800000000000e+07
2.181828800000000000e+07
2.181828800000000000e+07
2.181828800000000000e+07
2.181828800000000000e+07
2.181828800000000000e+07
2.181828800000000000e+07
2.181828800000000000e+07
2.181828800000000000e+07
2.181828800000000000e+07
2.181828800000000000e+07
2.181828800000000000e+07
2.181828800000000000e+07
2.181828800000000000e+07
2.181828800000000000e+07
2.181828800000000000e+07
2.181828800000000000e+07
2.181828800000000000e+07
2.181828800000000000e+07
2.181828800000000000e+07
2.181828800000000000e+07
2.181828800000000000e+07
2.181828800000000000e+07
2.181828800000000000e+07
2.181828800000000000e+07
2.181828800000000000e+07
2.181828800000000000e+07
2.181828800000000000e+07
2.181828800000000000e+07
2.181828800000000000e+07
2.181828800000000000e+07
2.181828800000000000e+07
2.181828800000000000e+07
2.181828800000000000e+07
2.181828800000000000e+07
2.181828800000000000e+07
2.181828800000000000e+07
2.181828800000000000e+07
2.181828800000000000e+07
2.181828800000000000e+07
2.181828800000000000e+07
2.181828800000000000e+07
2.181828800000000000e+07
2.181828800000000000e+07
2.181828800000000000e+07
2.181828800000000000e+07
2.181828800000000000e+07
2.181828800000000000e+07
2.181828800000000000e+07
2.181828800000000000e+07
2.181828800000000000e+07
2.181828800000000000e+07
2.181828800000000000e+07
2.181828800000000000e+07
2.181828800000000000e+07
2.181828800000000000e+07
2.181828800000000000e+07
2.181828800000000000e+07
2.181828800000000000e+07
2.181828800000000000e+07
2.181828800000000000e+07
2.181828800000000000e+07
2.181828800000000000e+07
2.181828800000000000e+07
2.181828800000000000e+07
2.181828800000000000e+07
2.181828800000000000e+07
2.181828800000000000e+07
2.181828800000000000e+07
2.181828800000000000e+07
2.181828800000000000e+07
2.181828800000000000e+07
2.181828800000000000e+07
2.181828800000000000e+07
2.181828800000000000e+07
2.181828800000000000e+07
2.181828800000000000e+07
2.181828800000000000e+07
2.181828800000000000e+07
2.181828800000000000e+07
2.181828800000000000e+07
2.181828800000000000e+07
2.181828800000000000e+07
2.181828800000000000e+07
2.181828800000000000e+07
2.181828800000000000e+07
2.181828800000000000e+07
2.181828800000000000e+07
2.181828800000000000e+07
2.181828800000000000e+07
2.181828800000000000e+07
2.181828800000000000e+07
2.181828800000000000e+07
2.181828800000000000e+07
2.181828800000000000e+07
2.181828800000000000e+07
2.181828800000000000e+07
2.181828800000000000e+07
2.181828800000000000e+07
2.181828800000000000e+07
2.181828800000000000e+07
2.181828800000000000e+07
2.181828800000000000e+07
2.181828800000000000e+07
2.181828800000000000e+07
2.181828800000000000e+07
2.181828800000000000e+07
2.181828800000000000e+07
2.181828800000000000e+07
2.181828800000000000e+07
2.181828800000000000e+07
2.181828800000000000e+07
2.181828800000000000e+07
2.181828800000000000e+07
2.181828800000000000e+07
2.181828800000000000e+07
2.181828800000000000e+07
2.181828800000000000e+07
2.181828800000000000e+07
2.181828800000000000e+07
2.181828800000000000e+07
2.181828800000000000e+07
2.181828800000000000e+07
2.181828800000000000e+07
2.181828800000000000e+07
2.181828800000000000e+07
2.181828800000000000e+07
2.181828800000000000e+07
2.181828800000000000e+07
2.181828800000000000e+07
2.181828800000000000e+07
2.181828800000000000e+07
2.181828800000000000e+07
2.181828800000000000e+07
2.181828800000000000e+07
2.181828800000000000e+07
2.181828800000000000e+07
2.181828800000000000e+07
2.181828800000000000e+07
2.181828800000000000e+07
2.181828800000000000e+07
2.181828800000000000e+07
2.181828800000000000e+07
2.181828800000000000e+07
2.181828800000000000e+07
2.181828800000000000e+07
2.181828800000000000e+07
2.181828800000000000e+07
2.181828800000000000e+07
2.181828800000000000e+07
2.181828800000000000e+07
2.181828800000000000e+07
2.181828800000000000e+07
2.181828800000000000e+07
2.181828800000000000e+07
2.181828800000000000e+07
2.181828800000000000e+07
2.181828800000000000e+07
2.181828800000000000e+07
2.181828800000000000e+07
2.181828800000000000e+07
2.181828800000000000e+07
2.181828800000000000e+07
2.181828800000000000e+07
2.181828800000000000e+07
2.181828800000000000e+07
2.181828800000000000e+07
2.181828800000000000e+07
2.181828800000000000e+07
2.181828800000000000e+07
2.181828800000000000e+07
2.181828800000000000e+07
2.181828800000000000e+07
2.181828800000000000e+07
2.181828800000000000e+07
2.181828800000000000e+07
2.181828800000000000e+07
2.181828800000000000e+07
2.181828800000000000e+07
2.181828800000000000e+07
2.181828800000000000e+07
2.181828800000000000e+07
2.181828800000000000e+07
2.181828800000000000e+07
2.181828800000000000e+07
2.181828800000000000e+07
2.181828800000000000e+07
2.181828800000000000e+07
2.181828800000000000e+07
2.181828800000000000e+07
2.181828800000000000e+07
2.181828800000000000e+07
2.181828800000000000e+07
2.181828800000000000e+07
2.181828800000000000e+07
2.181828800000000000e+07
2.181828800000000000e+07
2.181828800000000000e+07
2.181828800000000000e+07
2.181828800000000000e+07
2.181828800000000000e+07
2.181828800000000000e+07
2.181828800000000000e+07
2.181828800000000000e+07
2.181828800000000000e+07
2.181828800000000000e+07
2.181828800000000000e+07
2.181828800000000000e+07
2.181828800000000000e+07
2.181828800000000000e+07
2.181828800000000000e+07
2.181828800000000000e+07
2.181828800000000000e+07
2.181828800000000000e+07
2.181828800000000000e+07
2.181828800000000000e+07
2.181828800000000000e+07
2.181828800000000000e+07
2.181828800000000000e+07
2.181828800000000000e+07
2.181828800000000000e+07
2.181828800000000000e+07
2.181828800000000000e+07
2.181828800000000000e+07
2.181828800000000000e+07
2.181828800000000000e+07
2.181828800000000000e+07
2.181828800000000000e+07
2.181828800000000000e+07
2.181828800000000000e+07
2.181828800000000000e+07
2.181828800000000000e+07
2.181828800000000000e+07
2.181828800000000000e+07
2.181828800000000000e+07
2.181828800000000000e+07
2.181828800000000000e+07
2.181828800000000000e+07
2.181828800000000000e+07
2.181828800000000000e+07
2.181828800000000000e+07
2.181828800000000000e+07
2.181828800000000000e+07
2.181828800000000000e+07
2.181828800000000000e+07
2.181828800000000000e+07
2.181828800000000000e+07
2.181828800000000000e+07
2.181828800000000000e+07
2.181828800000000000e+07
2.181828800000000000e+07
2.181828800000000000e+07
2.181828800000000000e+07
2.181828800000000000e+07
2.181828800000000000e+07
2.181828800000000000e+07
2.181828800000000000e+07
2.181828800000000000e+07
2.181828800000000000e+07
2.181828800000000000e+07
2.181828800000000000e+07
2.181828800000000000e+07
2.181828800000000000e+07
2.181828800000000000e+07
2.181828800000000000e+07
2.181828800000000000e+07
2.181828800000000000e+07
2.181828800000000000e+07
2.181828800000000000e+07
2.181828800000000000e+07
2.181828800000000000e+07
2.181828800000000000e+07
2.181828800000000000e+07
2.181828800000000000e+07
2.181828800000000000e+07
2.181828800000000000e+07
2.181828800000000000e+07
2.181828800000000000e+07
2.181828800000000000e+07
2.181828800000000000e+07
2.181828800000000000e+07
2.181828800000000000e+07
2.181828800000000000e+07
2.181828800000000000e+07
2.181828800000000000e+07
2.181828800000000000e+07
2.181828800000000000e+07
2.181828800000000000e+07
2.181828800000000000e+07
2.181828800000000000e+07
2.181828800000000000e+07
2.181828800000000000e+07
2.181828800000000000e+07
2.181828800000000000e+07
2.181828800000000000e+07
2.181828800000000000e+07
2.181828800000000000e+07
2.181828800000000000e+07
2.181828800000000000e+07
2.181828800000000000e+07
2.181828800000000000e+07
2.181828800000000000e+07
2.181828800000000000e+07
2.181828800000000000e+07
2.181828800000000000e+07
2.181828800000000000e+07
2.181828800000000000e+07
2.181828800000000000e+07
2.181828800000000000e+07
2.181828800000000000e+07
2.181828800000000000e+07
2.181828800000000000e+07
2.181828800000000000e+07
2.181828800000000000e+07
2.181828800000000000e+07
2.181828800000000000e+07
2.181828800000000000e+07
2.181828800000000000e+07
2.181828800000000000e+07
2.181828800000000000e+07
2.181828800000000000e+07
2.181828800000000000e+07
2.181828800000000000e+07
2.181828800000000000e+07
2.181828800000000000e+07
2.181828800000000000e+07
2.181828800000000000e+07
2.181828800000000000e+07
2.181828800000000000e+07
2.181828800000000000e+07
2.181828800000000000e+07
2.181828800000000000e+07
2.181828800000000000e+07
2.181828800000000000e+07
2.181828800000000000e+07
2.181828800000000000e+07
2.181828800000000000e+07
2.181828800000000000e+07
2.181828800000000000e+07
2.181828800000000000e+07
2.181828800000000000e+07
2.181828800000000000e+07
2.181828800000000000e+07
2.181828800000000000e+07
2.181828800000000000e+07
2.181828800000000000e+07
2.181828800000000000e+07
2.181828800000000000e+07
2.181828800000000000e+07
2.181828800000000000e+07
2.181828800000000000e+07
2.181828800000000000e+07
2.181828800000000000e+07
2.181828800000000000e+07
2.181828800000000000e+07
2.181828800000000000e+07
2.181828800000000000e+07
2.181828800000000000e+07
2.181828800000000000e+07
2.181828800000000000e+07
2.181828800000000000e+07
2.181828800000000000e+07
2.181828800000000000e+07
2.181828800000000000e+07
2.181828800000000000e+07
2.181828800000000000e+07
2.181828800000000000e+07
2.181828800000000000e+07
2.181828800000000000e+07
2.181828800000000000e+07
2.181828800000000000e+07
2.181828800000000000e+07
2.181828800000000000e+07
2.181828800000000000e+07
2.181828800000000000e+07
2.181828800000000000e+07
2.181828800000000000e+07
2.181828800000000000e+07
2.181828800000000000e+07
2.181828800000000000e+07
2.181828800000000000e+07
2.181828800000000000e+07
2.181828800000000000e+07
2.181828800000000000e+07
2.181828800000000000e+07
2.181828800000000000e+07
2.181828800000000000e+07
2.181828800000000000e+07
2.181828800000000000e+07
2.181828800000000000e+07
2.181828800000000000e+07
2.181828800000000000e+07
2.181828800000000000e+07
2.181828800000000000e+07
2.181828800000000000e+07
2.181828800000000000e+07
2.181828800000000000e+07
2.181828800000000000e+07
2.181828800000000000e+07
2.181828800000000000e+07
2.181828800000000000e+07
2.181828800000000000e+07
2.181828800000000000e+07
2.181828800000000000e+07
2.181828800000000000e+07
2.181828800000000000e+07
2.181828800000000000e+07
2.181828800000000000e+07
2.181828800000000000e+07
2.181828800000000000e+07
2.181828800000000000e+07
2.181828800000000000e+07
2.181828800000000000e+07
2.181828800000000000e+07
2.181828800000000000e+07
2.181828800000000000e+07
2.181828800000000000e+07
2.181828800000000000e+07
2.181828800000000000e+07
2.181828800000000000e+07
2.181828800000000000e+07
2.181828800000000000e+07
2.181828800000000000e+07
2.181828800000000000e+07
2.181828800000000000e+07
2.181828800000000000e+07
2.181828800000000000e+07
2.181828800000000000e+07
2.181828800000000000e+07
2.181828800000000000e+07
2.181828800000000000e+07
2.181828800000000000e+07
2.181828800000000000e+07
2.181828800000000000e+07
2.181828800000000000e+07
2.181828800000000000e+07
2.181828800000000000e+07
2.181828800000000000e+07
2.181828800000000000e+07
2.181828800000000000e+07
2.181828800000000000e+07
2.181828800000000000e+07
2.181828800000000000e+07
2.181828800000000000e+07
2.181828800000000000e+07
2.181828800000000000e+07
2.181828800000000000e+07
2.181828800000000000e+07
2.181828800000000000e+07
2.181828800000000000e+07
2.181828800000000000e+07
2.181828800000000000e+07
2.181828800000000000e+07
2.181828800000000000e+07
2.181828800000000000e+07
2.181828800000000000e+07
2.181828800000000000e+07
2.181828800000000000e+07
2.181828800000000000e+07
2.181828800000000000e+07
2.181828800000000000e+07
2.181828800000000000e+07
2.181828800000000000e+07
2.181828800000000000e+07
2.181828800000000000e+07
2.181828800000000000e+07
2.181828800000000000e+07
2.181828800000000000e+07
2.181828800000000000e+07
2.181828800000000000e+07
2.181828800000000000e+07
2.181828800000000000e+07
2.181828800000000000e+07
2.181828800000000000e+07
2.181828800000000000e+07
2.181828800000000000e+07
2.181828800000000000e+07
2.181828800000000000e+07
2.181828800000000000e+07
2.181828800000000000e+07
2.181828800000000000e+07
2.181828800000000000e+07
2.181828800000000000e+07
2.181828800000000000e+07
2.181828800000000000e+07
2.181828800000000000e+07
2.181828800000000000e+07
2.181828800000000000e+07
2.181828800000000000e+07
2.181828800000000000e+07
2.181828800000000000e+07
2.181828800000000000e+07
2.181828800000000000e+07
2.181828800000000000e+07
2.181828800000000000e+07
2.181828800000000000e+07
2.181828800000000000e+07
2.181828800000000000e+07
2.181828800000000000e+07
2.181828800000000000e+07
2.181828800000000000e+07
2.181828800000000000e+07
2.181828800000000000e+07
2.181828800000000000e+07
2.181828800000000000e+07
2.181828800000000000e+07
2.181828800000000000e+07
2.181828800000000000e+07
2.181828800000000000e+07
2.181828800000000000e+07
2.181828800000000000e+07
2.181828800000000000e+07
2.181828800000000000e+07
2.181828800000000000e+07
2.181828800000000000e+07
2.181828800000000000e+07
2.181828800000000000e+07
2.181828800000000000e+07
2.181828800000000000e+07
2.181828800000000000e+07
2.181828800000000000e+07
2.181828800000000000e+07
2.181828800000000000e+07
2.181828800000000000e+07
2.181828800000000000e+07
2.181828800000000000e+07
2.181828800000000000e+07
2.181828800000000000e+07
2.181828800000000000e+07
2.181828800000000000e+07
2.181828800000000000e+07
2.181828800000000000e+07
2.181828800000000000e+07
2.181828800000000000e+07
2.181828800000000000e+07
2.181828800000000000e+07
2.181828800000000000e+07
2.181828800000000000e+07
2.181828800000000000e+07
2.181828800000000000e+07
2.181828800000000000e+07
2.181828800000000000e+07
2.181828800000000000e+07
2.181828800000000000e+07
2.181828800000000000e+07
2.181828800000000000e+07
2.181828800000000000e+07
2.181828800000000000e+07
2.181828800000000000e+07
2.181828800000000000e+07
2.181828800000000000e+07
2.181828800000000000e+07
2.181828800000000000e+07
2.181828800000000000e+07
2.181828800000000000e+07
2.181828800000000000e+07
2.181828800000000000e+07
2.181828800000000000e+07
2.181828800000000000e+07
2.181828800000000000e+07
2.181828800000000000e+07
2.181828800000000000e+07
2.181828800000000000e+07
2.181828800000000000e+07
2.181828800000000000e+07
2.181828800000000000e+07
2.181828800000000000e+07
2.181828800000000000e+07
2.181828800000000000e+07
2.181828800000000000e+07
2.181828800000000000e+07
2.181828800000000000e+07
2.181828800000000000e+07
2.181828800000000000e+07
2.181828800000000000e+07
2.181828800000000000e+07
2.181828800000000000e+07
2.181828800000000000e+07
2.181828800000000000e+07
2.181828800000000000e+07
2.181828800000000000e+07
2.181828800000000000e+07
2.181828800000000000e+07
2.181828800000000000e+07
2.181828800000000000e+07
2.181828800000000000e+07
2.181828800000000000e+07
2.181828800000000000e+07
2.181828800000000000e+07
2.181828800000000000e+07
2.181828800000000000e+07
2.181828800000000000e+07
2.181828800000000000e+07
2.181828800000000000e+07
2.181828800000000000e+07
2.181828800000000000e+07
2.181828800000000000e+07
2.181828800000000000e+07
2.181828800000000000e+07
2.181828800000000000e+07
2.181828800000000000e+07
2.181828800000000000e+07
2.181828800000000000e+07
2.181828800000000000e+07
2.181828800000000000e+07
2.181828800000000000e+07
2.181828800000000000e+07
2.181828800000000000e+07
2.181828800000000000e+07
2.181828800000000000e+07
2.181828800000000000e+07
2.181828800000000000e+07
2.181828800000000000e+07
2.181828800000000000e+07
2.181828800000000000e+07
2.181828800000000000e+07
2.181828800000000000e+07
2.181828800000000000e+07
2.181828800000000000e+07
2.181828800000000000e+07
2.181828800000000000e+07
2.181828800000000000e+07
2.181828800000000000e+07
2.181828800000000000e+07
2.181828800000000000e+07
2.181828800000000000e+07
2.181828800000000000e+07
2.181828800000000000e+07
2.181828800000000000e+07
2.181828800000000000e+07
2.181828800000000000e+07
2.181828800000000000e+07
2.181828800000000000e+07
2.181828800000000000e+07
2.181828800000000000e+07
2.181828800000000000e+07
2.181828800000000000e+07
2.181828800000000000e+07
2.181828800000000000e+07
2.181828800000000000e+07
2.181828800000000000e+07
2.181828800000000000e+07
2.181828800000000000e+07
2.181828800000000000e+07
2.181828800000000000e+07
2.181828800000000000e+07
2.181828800000000000e+07
2.181828800000000000e+07
2.181828800000000000e+07
2.181828800000000000e+07
2.181828800000000000e+07
2.181828800000000000e+07
2.181828800000000000e+07
2.181828800000000000e+07
2.181828800000000000e+07
2.181828800000000000e+07
2.181828800000000000e+07
2.181828800000000000e+07
2.181828800000000000e+07
2.181828800000000000e+07
2.181828800000000000e+07
2.181828800000000000e+07
2.181828800000000000e+07
2.181828800000000000e+07
2.181828800000000000e+07
2.181828800000000000e+07
2.181828800000000000e+07
2.181828800000000000e+07
2.181828800000000000e+07
2.181828800000000000e+07
2.181828800000000000e+07
2.181828800000000000e+07
2.181828800000000000e+07
2.181828800000000000e+07
2.181828800000000000e+07
2.181828800000000000e+07
2.181828800000000000e+07
2.181828800000000000e+07
2.181828800000000000e+07
2.181828800000000000e+07
2.181828800000000000e+07
2.181828800000000000e+07
2.181828800000000000e+07
2.181828800000000000e+07
2.181828800000000000e+07
2.181828800000000000e+07
2.181828800000000000e+07
2.181828800000000000e+07
2.181828800000000000e+07
2.181828800000000000e+07
2.181828800000000000e+07
2.181828800000000000e+07
2.181828800000000000e+07
2.181828800000000000e+07
2.181828800000000000e+07
2.181828800000000000e+07
2.181828800000000000e+07
2.181828800000000000e+07
2.181828800000000000e+07
2.181828800000000000e+07
2.181828800000000000e+07
2.181828800000000000e+07
2.181828800000000000e+07
2.181828800000000000e+07
2.181828800000000000e+07
2.181828800000000000e+07
2.181828800000000000e+07
2.181828800000000000e+07
2.181828800000000000e+07
2.181828800000000000e+07
2.181828800000000000e+07
2.181828800000000000e+07
2.181828800000000000e+07
2.181828800000000000e+07
2.181828800000000000e+07
2.181828800000000000e+07
2.181828800000000000e+07
2.181828800000000000e+07
2.181828800000000000e+07
2.181828800000000000e+07
2.181828800000000000e+07
2.181828800000000000e+07
2.181828800000000000e+07
2.181828800000000000e+07
2.181828800000000000e+07
2.181828800000000000e+07
2.181828800000000000e+07
2.181828800000000000e+07
2.181828800000000000e+07
2.181828800000000000e+07
2.181828800000000000e+07
2.181828800000000000e+07
2.181828800000000000e+07
2.181828800000000000e+07
2.181828800000000000e+07
2.181828800000000000e+07
2.181828800000000000e+07
2.181828800000000000e+07
2.181828800000000000e+07
2.181828800000000000e+07
2.181951600000000000e+07
2.182375600000000000e+07
2.182409600000000000e+07
2.182454400000000000e+07
2.184751200000000000e+07
2.185126400000000000e+07
2.185402000000000000e+07
2.185414000000000000e+07
2.185444800000000000e+07
2.185449600000000000e+07
2.186410400000000000e+07
2.186426800000000000e+07
2.186436800000000000e+07
2.186508400000000000e+07
2.186525200000000000e+07
2.186534400000000000e+07
2.186544400000000000e+07
2.186926400000000000e+07
2.188589200000000000e+07
2.190322000000000000e+07
2.191880400000000000e+07
2.192798800000000000e+07
2.193368400000000000e+07
2.194393200000000000e+07
2.194605200000000000e+07
2.194615200000000000e+07
2.194615200000000000e+07
2.194615200000000000e+07
2.194615200000000000e+07
2.194615200000000000e+07
2.194615200000000000e+07
2.194615200000000000e+07
2.194615200000000000e+07
2.194615200000000000e+07
2.194899600000000000e+07
2.196409200000000000e+07
2.199226000000000000e+07
2.201144800000000000e+07
2.204202400000000000e+07
2.207037600000000000e+07
2.208754400000000000e+07
2.211662800000000000e+07
2.213385200000000000e+07
2.214944800000000000e+07
2.217755600000000000e+07
2.219913200000000000e+07
2.221927600000000000e+07
2.224714000000000000e+07
2.227048000000000000e+07
2.229860800000000000e+07
2.232591600000000000e+07
2.234199600000000000e+07
2.237148800000000000e+07
2.239490800000000000e+07
2.242414400000000000e+07
2.243944400000000000e+07
2.246240800000000000e+07
2.249489600000000000e+07
2.250451600000000000e+07
2.250879600000000000e+07
2.252337600000000000e+07
2.253648000000000000e+07
2.256881200000000000e+07
2.259197600000000000e+07
2.260086000000000000e+07
2.260706000000000000e+07
2.261304400000000000e+07
2.261997600000000000e+07
2.262865600000000000e+07
2.263464000000000000e+07
2.264418000000000000e+07
2.264800400000000000e+07
2.265367600000000000e+07
2.266328800000000000e+07
2.266930800000000000e+07
2.267699600000000000e+07
2.268511600000000000e+07
2.268610400000000000e+07
2.268783600000000000e+07
2.268855600000000000e+07
2.268906000000000000e+07
2.269085600000000000e+07
2.270432400000000000e+07
2.270830000000000000e+07
2.270830000000000000e+07
2.270830000000000000e+07
2.270830000000000000e+07
2.270830000000000000e+07
2.270830000000000000e+07
2.270830000000000000e+07
2.270830000000000000e+07
2.270830000000000000e+07
2.270830000000000000e+07
2.270830000000000000e+07
2.270830000000000000e+07
2.270830000000000000e+07
2.270830000000000000e+07
2.270830000000000000e+07
2.270830000000000000e+07
2.270830000000000000e+07
2.270830000000000000e+07
2.270830000000000000e+07
2.270830000000000000e+07
2.270830000000000000e+07
2.270830000000000000e+07
2.270830000000000000e+07
2.270830000000000000e+07
2.270830000000000000e+07
2.270830000000000000e+07
2.270830000000000000e+07
2.270830000000000000e+07
2.270830000000000000e+07
2.270830000000000000e+07
2.270830000000000000e+07
2.270830000000000000e+07
2.270830000000000000e+07
2.270830000000000000e+07
2.270830000000000000e+07
2.270830000000000000e+07
2.270830000000000000e+07
2.270830000000000000e+07
2.270830000000000000e+07
2.270830000000000000e+07
2.270830000000000000e+07
2.270830000000000000e+07
2.270830000000000000e+07
2.270830000000000000e+07
2.270830000000000000e+07
2.270830000000000000e+07
2.270830000000000000e+07
2.270830000000000000e+07
2.270830000000000000e+07
2.270830000000000000e+07
2.270830000000000000e+07
2.270830000000000000e+07
2.270830000000000000e+07
2.270830000000000000e+07
2.270830000000000000e+07
2.270830000000000000e+07
2.270830000000000000e+07
2.270830000000000000e+07
2.270830000000000000e+07
2.270830000000000000e+07
2.270830000000000000e+07
2.270830000000000000e+07
2.270830000000000000e+07
2.270830000000000000e+07
2.270830000000000000e+07
2.270830000000000000e+07
2.270830000000000000e+07
2.270830000000000000e+07
2.270830000000000000e+07
2.270830000000000000e+07
2.270830000000000000e+07
2.270830000000000000e+07
2.270830000000000000e+07
2.270830000000000000e+07
2.270830000000000000e+07
2.270830000000000000e+07
2.270830000000000000e+07
2.270830000000000000e+07
2.270830000000000000e+07
2.270830000000000000e+07
2.270830000000000000e+07
2.270830000000000000e+07
2.270830000000000000e+07
2.270830000000000000e+07
2.270830000000000000e+07
2.270830000000000000e+07
