2.122500379085540678e-01
3.352063298225402971e-02
3.310704898834228305e-02
3.254420709609985585e-02
3.252194309234619080e-02
3.270906829833984675e-02
3.254348134994506508e-02
3.260876441001892001e-02
3.247965240478515453e-02
3.260454773902893288e-02
3.266503500938415516e-02
3.302291202545166310e-02
3.284953522682190069e-02
3.245184779167175487e-02
3.262445449829101674e-02
3.283992075920105086e-02
3.286711144447326816e-02
3.274524593353271562e-02
3.274076342582702553e-02
3.266821265220642284e-02
3.253262615203857122e-02
3.287017607688903775e-02
3.294714760780334539e-02
3.303412842750549222e-02
3.261637759208679127e-02
3.265926265716552479e-02
3.314118266105652022e-02
3.248255419731140015e-02
3.294966268539428755e-02
3.311484885215758983e-02
3.319815635681152427e-02
3.293976235389709656e-02
3.314926362037658863e-02
3.313902568817138350e-02
3.320515036582946666e-02
3.288350462913513378e-02
3.378688526153564298e-02
3.331088495254516668e-02
3.332160806655883739e-02
3.329965305328368846e-02
3.308491373062133478e-02
3.336282014846801702e-02
3.342654776573181219e-02
3.358022952079772749e-02
3.298357200622558522e-02
3.282539892196655040e-02
3.319641780853271190e-02
3.337991333007812172e-02
3.361950159072876060e-02
3.314949178695678761e-02
3.367451429367065291e-02
3.286598229408264210e-02
3.338489174842834695e-02
3.319796514511108576e-02
3.276874327659606845e-02
3.348632407188415622e-02
3.254297375679016113e-02
3.359093189239501648e-02
3.360833215713501104e-02
3.356914424896240146e-02
3.346702885627746843e-02
3.397190213203429843e-02
3.361048555374145791e-02
3.318975067138672103e-02
3.351224184036254855e-02
3.377513623237610174e-02
3.369739723205566334e-02
3.357846927642822027e-02
3.337633752822875832e-02
3.311606073379516624e-02
3.322997999191284330e-02
3.365997266769409080e-02
3.372025036811828608e-02
3.352095961570739774e-02
3.378236317634582264e-02
3.368447399139404275e-02
3.391109251976013456e-02
3.339658474922180265e-02
3.345609235763549738e-02
3.366056823730468467e-02
3.372957801818847468e-02
3.367781996726990079e-02
3.370128536224364924e-02
3.365639090538025124e-02
3.367180132865905950e-02
3.391385507583618425e-02
3.377956819534301547e-02
3.345684361457824940e-02
3.294661140441894343e-02
3.376387119293212946e-02
3.379925322532653653e-02
3.306178402900696034e-02
3.413587951660156106e-02
3.387843251228332686e-02
3.389963483810425060e-02
3.376135849952698054e-02
3.359976363182067688e-02
3.362172603607177512e-02
3.354793357849120833e-02
3.335776495933532454e-02
3.345570755004882713e-02
3.360220026969909513e-02
3.373771166801452920e-02
3.377787089347839694e-02
3.414390635490417714e-02
3.426872563362121787e-02
3.410873436927795710e-02
3.376859498023986744e-02
3.361231064796448009e-02
3.375638723373412808e-02
3.432815551757812528e-02
3.421660828590392806e-02
3.370445275306701433e-02
3.412140464782714711e-02
3.401766300201416321e-02
3.379529547691344921e-02
3.350407457351684687e-02
3.400650048255920294e-02
3.378251099586487144e-02
3.391046762466430609e-02
3.421497368812560780e-02
3.366391468048095942e-02
3.393300676345824968e-02
3.435963511466980091e-02
3.417403936386108343e-02
3.424787878990173673e-02
3.383454608917236400e-02
3.334232473373412858e-02
3.336795711517333979e-02
3.320531392097473417e-02
3.442197847366332969e-02
3.330458903312683017e-02
3.361001443862914745e-02
3.403978919982909856e-02
3.280440902709960693e-02
3.418068361282348977e-02
3.412718963623046636e-02
3.412309122085570995e-02
3.434132456779479675e-02
3.389957642555236489e-02
3.447596120834350852e-02
3.428406357765197837e-02
3.414697837829589605e-02
3.449119234085083058e-02
3.285528731346130243e-02
3.382312726974487371e-02
3.404823350906371893e-02
3.432305312156676974e-02
3.399554443359374678e-02
3.367764902114868397e-02
3.412352323532104326e-02
3.435821843147277704e-02
3.393580651283264332e-02
3.344853925704956155e-02
3.410450792312622048e-02
3.415424990653991716e-02
3.412027859687805087e-02
3.416286659240722751e-02
3.433002829551697055e-02
3.425529241561889315e-02
3.398230290412902754e-02
3.420496797561645846e-02
3.429196286201476734e-02
3.411941361427307112e-02
3.397317814826965321e-02
3.409081363677978621e-02
3.413546681404113631e-02
3.314079141616821378e-02
3.340446329116820989e-02
3.356600379943847773e-02
3.384641647338867271e-02
3.427980637550354093e-02
3.276862668991088745e-02
3.392743253707885404e-02
3.426252865791321045e-02
3.404341840744018466e-02
3.388682389259338457e-02
3.417733383178710865e-02
3.461180853843688621e-02
3.417505788803100464e-02
3.433880662918090826e-02
3.424485635757446023e-02
3.441504812240600564e-02
3.435089206695556702e-02
3.303262066841125555e-02
3.350356483459472623e-02
3.382886338233948020e-02
3.429458427429199485e-02
3.399064660072326910e-02
3.416884255409240873e-02
3.446460366249084334e-02
3.400435876846313182e-02
3.436118626594543424e-02
3.457726240158080777e-02
3.427675247192382701e-02
3.422394132614135775e-02
3.448562312126159796e-02
3.439406943321227789e-02
3.452612543106078902e-02
3.446589970588684326e-02
3.443701148033142395e-02
3.418191504478454434e-02
3.472242307662963545e-02
3.448948335647582936e-02
3.450689339637756647e-02
3.329570364952087747e-02
3.404775285720824940e-02
3.477096748352050820e-02
3.444172167778015298e-02
3.476590752601623618e-02
3.451699948310851807e-02
3.441890001296996765e-02
3.425971651077270447e-02
3.426455450057983715e-02
3.431892061233520613e-02
3.398810195922851579e-02
3.448263001441955605e-02
3.428912186622619374e-02
3.439232254028320307e-02
3.363803577423095381e-02
3.418466281890868846e-02
3.462499785423278631e-02
3.445482730865478266e-02
3.436307501792907476e-02
3.438485074043273748e-02
3.349307489395141751e-02
3.446583271026611162e-02
3.465037441253662059e-02
3.456241130828857644e-02
3.447401428222656578e-02
3.446388220787048595e-02
3.483714842796325345e-02
3.479944801330566578e-02
3.342912888526916593e-02
3.391358685493469499e-02
3.454909014701842973e-02
3.466305947303772311e-02
3.461691617965698131e-02
3.462076258659362721e-02
3.454708361625671159e-02
3.476121020317077953e-02
3.481960320472717030e-02
3.430813407897949363e-02
3.360184741020202925e-02
3.424740362167358332e-02
3.462092852592468101e-02
3.351993322372436718e-02
3.398776721954345492e-02
3.458495163917541665e-02
3.462621760368347207e-02
3.471767950057983582e-02
3.458499884605407970e-02
3.490646600723266296e-02
3.441394233703613109e-02
3.427324843406677479e-02
3.451495075225829989e-02
3.468257546424866056e-02
3.499152350425720204e-02
3.439184522628783991e-02
3.477885317802429516e-02
3.485451889038086032e-02
3.454206061363220004e-02
3.486114668846130443e-02
3.515482115745544728e-02
3.430307173728942838e-02
3.462826490402221707e-02
3.512855148315429527e-02
3.525452136993408037e-02
3.512258243560791027e-02
3.471259832382202204e-02
3.471495866775512612e-02
3.502459526062011441e-02
3.487257361412048062e-02
3.476331305503845004e-02
3.458626103401184204e-02
3.492830038070678794e-02
3.466506528854369773e-02
3.474944758415222240e-02
3.503898429870605513e-02
3.461756539344787442e-02
3.441254448890686268e-02
3.390709853172302335e-02
3.476575303077697465e-02
3.411680626869201954e-02
3.493728685379028642e-02
3.477307534217834173e-02
3.469981217384338068e-02
3.448851418495178095e-02
3.440145540237427024e-02
3.484872198104858182e-02
3.471305274963378679e-02
3.469839358329773055e-02
3.500665664672851507e-02
3.488155508041381608e-02
3.508215546607971330e-02
3.494053411483764859e-02
3.474144577980041448e-02
3.453503584861755682e-02
3.407222938537597667e-02
3.452148628234863459e-02
3.454668712615966558e-02
3.471050834655761697e-02
3.498369574546814076e-02
3.382118105888366755e-02
3.331498956680297580e-02
3.534350562095642245e-02
3.489957118034362621e-02
3.519481682777404752e-02
3.504284787178039290e-02
3.474775624275207309e-02
3.476371860504150202e-02
3.478997278213501188e-02
3.485469675064086642e-02
3.443042922019958624e-02
3.483849287033081304e-02
3.456750512123107910e-02
3.421106028556823719e-02
3.481947469711303700e-02
3.469230651855468445e-02
3.401209449768066717e-02
3.458041524887085078e-02
3.499860286712646457e-02
3.453952527046203619e-02
3.490335965156555337e-02
3.504462862014770530e-02
3.479761767387390403e-02
3.474859380722045837e-02
3.484441137313842862e-02
3.524992203712463273e-02
3.511584234237671159e-02
3.465993857383727755e-02
3.486952996253967624e-02
3.467810368537902616e-02
3.313511586189270275e-02
3.456756877899169744e-02
3.511850357055663896e-02
3.513041949272156100e-02
3.495997214317321522e-02
3.538945412635802895e-02
3.495085072517394725e-02
3.481908822059631009e-02
3.461153411865234425e-02
3.521359682083129855e-02
3.489492011070251254e-02
3.432097339630126726e-02
3.531734633445739874e-02
3.458819341659545576e-02
3.490959119796752802e-02
3.490149068832397450e-02
3.428975105285644864e-02
3.458395528793335033e-02
3.498717236518859852e-02
3.518669414520263911e-02
3.507500052452087319e-02
3.468618845939636097e-02
3.472369432449341070e-02
3.501141142845153736e-02
3.450597000122070102e-02
3.557383990287781017e-02
3.521318912506103682e-02
3.533773660659789845e-02
3.501721954345703158e-02
3.495298218727111578e-02
3.551017427444457669e-02
3.539577293395996388e-02
3.504000830650329246e-02
3.451086139678954945e-02
3.499367761611938549e-02
3.515327453613281000e-02
3.445952081680297985e-02
3.316963005065917680e-02
3.487821125984191806e-02
3.448475408554076832e-02
3.519179892539978094e-02
3.536646246910095381e-02
3.493153071403503479e-02
3.512628030776977772e-02
3.438889122009277516e-02
3.506089639663696050e-02
3.522871541976928950e-02
3.444883513450622270e-02
3.535747528076171875e-02
3.522147655487060242e-02
3.512324762344360557e-02
3.511410856246948570e-02
3.496053600311279513e-02
3.480874156951904025e-02
3.531790423393249556e-02
3.575980210304260248e-02
3.547320246696471918e-02
3.535805177688598755e-02
3.503604912757873197e-02
3.523051428794860690e-02
3.520797371864319014e-02
3.507523989677429482e-02
3.528708672523498541e-02
3.514309763908386036e-02
3.553702449798584045e-02
3.546236181259155434e-02
3.513675427436828425e-02
3.497510576248168829e-02
3.577945613861083923e-02
3.513593268394470115e-02
3.453838419914245783e-02
3.541612887382507291e-02
3.576836490631103704e-02
3.516138243675231978e-02
3.544500446319580333e-02
3.556136584281921476e-02
3.553176832199096691e-02
3.539799189567566229e-02
3.518590879440307295e-02
3.525275635719299361e-02
3.594469404220580755e-02
3.573930096626281444e-02
3.539986300468445091e-02
3.557568645477295066e-02
3.486026763916015569e-02
3.522138237953185980e-02
3.351962995529175066e-02
3.483906769752502519e-02
3.495763039588928311e-02
3.546678304672241239e-02
3.554010987281799178e-02
3.500944972038268904e-02
3.464073348045348943e-02
3.402999210357666310e-02
3.444093942642211664e-02
3.519808721542358465e-02
3.507572603225708047e-02
3.520181202888488653e-02
3.531217479705810874e-02
3.568007349967956821e-02
3.593803143501281966e-02
3.549706578254699374e-02
3.552893066406249967e-02
3.545615005493164135e-02
3.566136121749877846e-02
3.540185809135436984e-02
3.589968109130859536e-02
3.552058672904968156e-02
3.535633587837219011e-02
3.565318965911865035e-02
3.547046208381653132e-02
3.541747856140136513e-02
3.547674417495727539e-02
3.561306953430175976e-02
3.568073058128357067e-02
3.533702421188354703e-02
3.587763285636901694e-02
3.507522797584533558e-02
3.549170923233032487e-02
3.555577778816223361e-02
3.518985724449157776e-02
3.537728452682495361e-02
3.523309540748596064e-02
3.559259796142578286e-02
3.578228640556335716e-02
3.556053233146667242e-02
3.546262335777282393e-02
3.567860555648803833e-02
3.539951801300048745e-02
3.518057513236999556e-02
3.537922453880310014e-02
3.542629027366638039e-02
3.572037053108215177e-02
3.541539907455444613e-02
3.583988976478576921e-02
3.547837257385253601e-02
3.534769654273986483e-02
3.503480315208434837e-02
3.560023021697997919e-02
3.560755181312560969e-02
3.457369089126587081e-02
3.447867774963379178e-02
3.498665142059326216e-02
3.513745665550231656e-02
3.583967471122741916e-02
3.563132476806640803e-02
3.592228531837463046e-02
3.555846405029296914e-02
3.551679468154907149e-02
3.562737607955932667e-02
3.563410019874573009e-02
3.502756381034850819e-02
3.555708837509155562e-02
3.542329573631286532e-02
3.583786320686340593e-02
3.598216295242309681e-02
3.573523664474487216e-02
3.559615159034729137e-02
3.585523176193237266e-02
3.584054470062256192e-02
3.555918931961059293e-02
3.507592105865478538e-02
3.456889510154723816e-02
3.567912983894348106e-02
3.587144398689270236e-02
3.541793131828308017e-02
3.531778693199157798e-02
3.520499539375305381e-02
3.559932637214660578e-02
3.573196506500243841e-02
3.537905597686767656e-02
3.585994291305542175e-02
3.541506958007812483e-02
3.553155779838561984e-02
3.544695997238159202e-02
3.561642551422119357e-02
3.580478405952453730e-02
3.582217121124267600e-02
3.571945047378539961e-02
3.546371841430664279e-02
3.599482345581054427e-02
3.581097817420959145e-02
3.569980525970459229e-02
3.584604954719543268e-02
3.583223509788513450e-02
3.554901504516601307e-02
3.558113861083984225e-02
3.575917077064514477e-02
3.507103991508483953e-02
3.479834556579589760e-02
3.427375054359436263e-02
3.571712493896484625e-02
3.556175684928893771e-02
3.568125319480895674e-02
3.585579156875610268e-02
3.590944075584411727e-02
3.611335158348083496e-02
3.561954331398010237e-02
3.578358817100524975e-02
3.557619786262512102e-02
3.570116305351257041e-02
3.531951332092285456e-02
3.569255709648132269e-02
3.592355728149414229e-02
3.625472402572631897e-02
3.618895411491394182e-02
3.576332998275756625e-02
3.545440578460693631e-02
3.578332901000976646e-02
3.599551510810852090e-02
3.589043593406677363e-02
3.593586564064026045e-02
3.604158210754394853e-02
3.577110075950622886e-02
3.594899320602416848e-02
3.574708056449889954e-02
3.593408656120300471e-02
3.601134920120239308e-02
3.596888780593872348e-02
3.552272415161132624e-02
3.606811118125915344e-02
3.579931044578552046e-02
3.574768424034118625e-02
3.585634756088256631e-02
3.556093573570251465e-02
3.572019124031066556e-02
3.601605248451232588e-02
3.580156826972961254e-02
3.553812861442565835e-02
3.501935672760009971e-02
3.570075249671936235e-02
3.556121754646301286e-02
3.542293620109557978e-02
3.571114420890807856e-02
3.529139137268066245e-02
3.511260437965393194e-02
3.516545891761779785e-02
3.548858499526977295e-02
3.573920392990112549e-02
3.545654320716858099e-02
3.543071007728576527e-02
3.557523059844970581e-02
3.556030941009521301e-02
3.529843688011169434e-02
3.516785788536071905e-02
3.568933367729187206e-02
3.567323899269104343e-02
3.527885103225707891e-02
3.532882761955261075e-02
3.544444346427917669e-02
3.544237542152404996e-02
3.517443585395813033e-02
3.519297647476195973e-02
3.544948863983154314e-02
3.558725762367248580e-02
3.550852990150451388e-02
3.569327878952026356e-02
3.500835251808166737e-02
3.544946837425232145e-02
3.557987713813781649e-02
3.578912544250488492e-02
3.525588274002075528e-02
3.561913347244262396e-02
3.552699208259582631e-02
3.529834175109863165e-02
3.597741270065307750e-02
3.545387244224548068e-02
3.461788725852966292e-02
3.611331343650817788e-02
3.585996913909911959e-02
3.616971373558044295e-02
3.515382051467895452e-02
3.589778685569763178e-02
3.592168617248535367e-02
3.601767468452453380e-02
3.584137773513793729e-02
3.509818840026855680e-02
3.577977824211120428e-02
3.634706139564514160e-02
3.614073586463928400e-02
3.555129933357238647e-02
3.599056410789489707e-02
3.638961148262023770e-02
3.592983365058898676e-02
3.623965167999267795e-02
3.599926400184631087e-02
3.556774163246154835e-02
3.629395627975463834e-02
3.591532444953918213e-02
3.490200591087341125e-02
3.587881040573120267e-02
3.591845488548278675e-02
3.619842863082885914e-02
3.587368083000182922e-02
3.606975102424621327e-02
3.611675453186034834e-02
3.610781431198119978e-02
3.590180778503417741e-02
3.590319824218750344e-02
3.562979173660278664e-02
3.584489440917968534e-02
3.531012058258056752e-02
3.573403692245483154e-02
3.569144868850707836e-02
3.591819143295288397e-02
3.601505017280578341e-02
3.553041625022888145e-02
3.584486055374145469e-02
3.605365872383117787e-02
3.592123413085937522e-02
3.564024925231933788e-02
3.557452440261840709e-02
3.558318495750427413e-02
3.573065996170043945e-02
3.574474024772644060e-02
3.553790616989135898e-02
3.563000607490539318e-02
3.569947290420532465e-02
3.572215318679809737e-02
3.553800630569457775e-02
3.575001025199889965e-02
3.567551851272583036e-02
3.551071596145630171e-02
3.643829464912414634e-02
3.642286348342895635e-02
3.607297205924987760e-02
3.637739849090575878e-02
3.630308318138122242e-02
3.677470731735229398e-02
3.666457700729370411e-02
3.626728320121765103e-02
3.607202482223510753e-02
3.640804576873779563e-02
3.636433458328246909e-02
3.654444956779479697e-02
3.642740225791930853e-02
3.662795686721801586e-02
3.628120017051696816e-02
3.535020828247070063e-02
3.579024195671081515e-02
3.627752709388733232e-02
3.672094154357909840e-02
3.574229121208191001e-02
3.535835981369018360e-02
3.664606928825378529e-02
3.687611055374145214e-02
3.587599015235901079e-02
3.622218489646911871e-02
3.667368149757384982e-02
3.625252127647399930e-02
3.644127821922302224e-02
3.652550935745239175e-02
3.652853846549988098e-02
3.575140166282653881e-02
3.669718003273009926e-02
3.603086614608764365e-02
3.642482662200927784e-02
3.638988924026489297e-02
3.638323020935058799e-02
3.636718392372131209e-02
3.654820632934570324e-02
3.637940025329589738e-02
3.623565959930419994e-02
3.640142512321472429e-02
3.644450330734252952e-02
3.638822603225708163e-02
3.648742890357971336e-02
3.677765607833862610e-02
3.635078167915344050e-02
3.513127017021179521e-02
3.560481643676757790e-02
3.654162049293518261e-02
3.651791787147522228e-02
3.660492730140686019e-02
3.665704822540283292e-02
3.606719350814819453e-02
3.599637007713318154e-02
3.630406761169433644e-02
3.629767751693725730e-02
3.658752417564391929e-02
3.502777338027954213e-02
3.542967677116393849e-02
3.620494818687439165e-02
3.651576018333434898e-02
3.617321300506591564e-02
3.630255055427551031e-02
3.642751097679138017e-02
3.659698200225829784e-02
3.651562476158141946e-02
3.662851452827453613e-02
3.681691002845764032e-02
3.670427846908569380e-02
3.646410512924194020e-02
3.622599983215332026e-02
3.650095868110656699e-02
3.642394971847533885e-02
3.654041957855224537e-02
3.648575687408447260e-02
3.613060903549194375e-02
3.630966067314148060e-02
3.571688604354858465e-02
3.441634702682495189e-02
3.540595507621765309e-02
3.450639343261718839e-02
3.692209053039550992e-02
3.659983253479003745e-02
3.671537375450134588e-02
3.658030724525451749e-02
3.662192773818969543e-02
3.624940872192383007e-02
3.636032676696777238e-02
3.602762389183044450e-02
3.609799146652221957e-02
3.690755462646484047e-02
3.668324661254882685e-02
3.634555125236511169e-02
3.657067227363586248e-02
3.686442708969116244e-02
3.687857365608215171e-02
3.667318487167358504e-02
3.665710759162903176e-02
3.693555307388305536e-02
3.698622918128967318e-02
3.673545098304748652e-02
3.705963277816772677e-02
3.709663867950439148e-02
3.617730283737182612e-02
3.573856306076049483e-02
3.652692723274231223e-02
3.668185544013977117e-02
3.671067738533020236e-02
3.670019006729125649e-02
3.665385293960571333e-02
3.657569193840026767e-02
3.681276392936706776e-02
3.659549570083617948e-02
3.674924397468566639e-02
3.587750458717346019e-02
3.665332436561584417e-02
3.676178050041199047e-02
3.642893123626708696e-02
3.646832108497619768e-02
3.659184598922729514e-02
3.660698413848877120e-02
3.646206855773925781e-02
3.608349633216857699e-02
3.690761828422546575e-02
3.687976741790771618e-02
3.719489598274230979e-02
3.696952390670776162e-02
3.695025515556335516e-02
3.599141597747802790e-02
3.691732168197631864e-02
3.693402814865111988e-02
3.641252470016479587e-02
3.649772858619689669e-02
3.692528438568114940e-02
3.691189384460449169e-02
3.690636324882507618e-02
3.685053277015686024e-02
3.696662402153014920e-02
3.673988294601440718e-02
3.692407774925231950e-02
3.671336412429809792e-02
3.694791078567504633e-02
3.701464319229125916e-02
3.744307136535644787e-02
3.763611793518066573e-02
3.690253472328185874e-02
3.678844809532165472e-02
3.676396656036377136e-02
3.678375744819641080e-02
3.665493726730346957e-02
3.683499121665954890e-02
3.690053248405456704e-02
3.686099410057067788e-02
3.699498963356018244e-02
3.700768709182739036e-02
3.655596208572387679e-02
3.684746026992798129e-02
3.706456351280212197e-02
3.726039671897888456e-02
3.702143549919128390e-02
3.721017336845398177e-02
3.674494051933288596e-02
3.659829878807067949e-02
3.707866501808166487e-02
3.645081520080566129e-02
3.696447753906249856e-02
3.673157310485839627e-02
3.692578172683715770e-02
3.673403239250182944e-02
3.685030698776245450e-02
3.700391793251037870e-02
3.685123682022094921e-02
3.700942802429198902e-02
3.708625769615173096e-02
3.689252805709838934e-02
3.619748568534850858e-02
3.493922662734985640e-02
3.696372389793396024e-02
3.688446807861327920e-02
3.667968368530273582e-02
3.702593231201171953e-02
3.711065149307250788e-02
3.716228151321410850e-02
3.702139735221862682e-02
3.706163477897644193e-02
3.710304594039916942e-02
3.744568657875060880e-02
3.719615554809570235e-02
3.672365736961364507e-02
3.675208330154419029e-02
3.708866500854492154e-02
3.716561722755432062e-02
3.694388985633850070e-02
3.738487172126769842e-02
3.738660812377929410e-02
3.725168299674987832e-02
3.712221574783325373e-02
3.697695803642273016e-02
3.683198261260986484e-02
3.745690011978149159e-02
3.650644063949584628e-02
3.700676202774047518e-02
3.705461525917053134e-02
3.643573069572448447e-02
3.701654052734375255e-02
3.667340278625488142e-02
3.736542820930480874e-02
3.713546133041381592e-02
3.723398017883301075e-02
3.715130162239074774e-02
3.705591940879821716e-02
3.728240084648132280e-02
3.721195101737975741e-02
3.735872840881347690e-02
3.720378708839416210e-02
3.765885734558105380e-02
3.688562798500061302e-02
3.740369939804077254e-02
3.720216464996337763e-02
3.754069113731384189e-02
3.695244073867797602e-02
3.687373638153076255e-02
3.688411641120910300e-02
3.693660926818847362e-02
3.695636534690856928e-02
3.703462004661559753e-02
3.691478109359741522e-02
3.690960025787353577e-02
3.691026234626770125e-02
3.696017026901245173e-02
3.692016458511352545e-02
3.789036870002746721e-02
3.705210685729980191e-02
3.712698841094970448e-02
3.686040186882019037e-02
3.710329794883727994e-02
3.721566987037659008e-02
3.709548354148864413e-02
3.696016049385070917e-02
3.654172372817993120e-02
3.673281049728393394e-02
3.664111685752868830e-02
3.718584346771239973e-02
3.729590129852294877e-02
3.595770931243896795e-02
3.763700675964355702e-02
3.717956399917602545e-02
3.679494857788086215e-02
3.748718667030334628e-02
3.738056588172912476e-02
3.733580231666564636e-02
3.719447135925293274e-02
3.728932595252990728e-02
3.689799499511718650e-02
3.719892001152038524e-02
3.710018563270568726e-02
3.716880989074707042e-02
3.686452317237853826e-02
3.692398238182068027e-02
3.683760094642639371e-02
3.685899138450622614e-02
3.704599666595458779e-02
3.688280224800109808e-02
3.723005104064941451e-02
3.632853984832763727e-02
3.640189886093139759e-02
3.726067590713501299e-02
3.709255504608154064e-02
3.699000263214111128e-02
3.683956956863403132e-02
3.682411646842956299e-02
3.722401690483093106e-02
3.728361940383911194e-02
3.689591979980468700e-02
3.709528350830078314e-02
3.683696722984314276e-02
3.663215446472167791e-02
3.745464825630188260e-02
3.697270822525024203e-02
3.741208553314209068e-02
3.686449146270751737e-02
3.692601203918457337e-02
3.686908030509948586e-02
3.729835343360900918e-02
3.697340917587280118e-02
3.706375384330749811e-02
3.703969168663025224e-02
3.713904905319213856e-02
3.692685770988464455e-02
3.679084944725036915e-02
3.723015332221984997e-02
3.731455516815185280e-02
3.716003513336181563e-02
3.720381522178650008e-02
3.691384196281433105e-02
3.706401681900024087e-02
3.721459054946899686e-02
3.724704670906067022e-02
3.734528994560241955e-02
3.732954835891723333e-02
3.731292057037353255e-02
3.756324934959411749e-02
3.705264425277710050e-02
3.709322404861450234e-02
3.733212590217590415e-02
3.724842119216918712e-02
3.723329091072082736e-02
3.738342714309692699e-02
3.743847441673278653e-02
3.720843839645385925e-02
3.654303765296935957e-02
3.742077970504760487e-02
3.716540193557739402e-02
3.704290509223937683e-02
3.599472665786743186e-02
3.704522585868835760e-02
3.757575511932373380e-02
3.729433131217956693e-02
3.735776209831237482e-02
3.695215058326721536e-02
3.719853615760803506e-02
3.746420264244079701e-02
3.734671401977539273e-02
3.663524293899535905e-02
3.727712988853454368e-02
3.706457328796386452e-02
3.720014739036560381e-02
3.754868936538695995e-02
3.749619078636169667e-02
3.734145498275756592e-02
3.700544857978820684e-02
3.724430823326110862e-02
3.703046512603759555e-02
3.728448176383972190e-02
3.769886159896850691e-02
3.737507247924804626e-02
3.743370652198791532e-02
3.723039746284485113e-02
3.697029733657836853e-02
3.685296559333801208e-02
3.713995122909546226e-02
3.722541880607604936e-02
3.717660498619079767e-02
