1.554559583536434957e+02
1.426754714989303636e+02
1.511467098340767166e+02
1.596075189169178827e+02
1.502180176015882580e+02
1.303978621721319655e+02
1.309966960870104344e+02
1.301587351747552361e+02
1.312270745521030051e+02
1.145008275918523708e+02
1.059182062934485629e+02
6.436662894467686158e+01
7.367908558384429796e+01
7.326382972744787025e+01
7.052648174693047167e+01
6.363332453561660174e+01
7.647787774227271029e+01
6.166265081660612424e+01
7.396539963121269068e+01
7.127727571059858747e+01
4.630847943708084813e+01
4.280834162166338785e+01
3.992599723417772140e+01
3.037687409284087536e+01
3.819407846471176526e+01
3.832757073855717778e+01
4.096493966849241275e+01
2.126215206305221983e+01
3.021040793244263867e+01
3.689183386085388605e+01
2.400206368140145941e+01
4.130658856132915702e+01
2.546962111045095511e+01
3.536264238450323205e+01
2.630472565406279983e+01
2.410420797251361336e+01
1.975008088231778913e+01
1.832586695363129436e+01
2.406919806385887739e+01
1.531730586379180004e+01
1.981370774703871263e+01
1.368614558188961539e+01
1.619136335469868371e+01
2.819232468532798208e+01
1.756037069518618665e+01
1.360064755005586790e+01
1.892031557044665391e+01
1.744417927990247463e+01
2.361104705671638726e+01
1.458700164707359903e+01
1.399420187820739514e+01
8.645857559595983233e+00
3.552029538834405287e+01
2.571034143796018867e+01
1.675209127676798460e+01
8.601440190015296139e+00
3.716197922992748914e+01
7.317595643785494985e+00
1.159084120716023669e+01
1.203276475045148253e+01
8.720728514347541704e+00
1.697336631842141230e+01
9.860549104355042616e+00
1.415827269822657541e+01
2.113090223818792168e+01
1.174521005972497889e+01
1.143827459555105897e+01
8.170904017448542334e+00
1.297706045532540919e+01
1.205718061468436098e+01
1.131570096583007512e+01
1.091526707366258009e+01
2.007988624837747338e+01
1.804971755259457566e+01
1.615217784032952508e+01
1.566301307273184662e+01
7.526411921291282781e+00
5.983655788761395478e+00
9.878640001144827210e+00
5.687380603435932436e+00
1.430893054891923910e+01
1.114351752022632702e+01
1.890729830808936995e+01
9.264233384819785755e+00
1.011938225104567657e+01
1.142668251627316955e+01
2.291798826091434194e+01
6.987040554468895159e+00
8.324100006404082208e+00
3.498643190678786397e+01
1.419176812849689817e+01
7.989880854625503126e+00
2.626794088153045692e+01
1.326580050320625581e+01
4.574770411768944456e+01
6.466902118442782843e+00
4.543176451000644533e+01
1.665894233210632080e+01
6.183310601190291855e+00
9.970595543103588199e+00
7.425373292296990613e+00
4.259416950357266529e+01
3.002179754322574823e+01
4.747021429326500730e+00
6.440367715661915682e+00
2.034345183677359614e+01
9.986263908767798014e+00
2.051317833705775939e+01
1.892676509031215559e+01
2.337571737067558431e+01
9.004659475105121658e+00
3.475581349232474082e+01
4.106863809517538755e+01
8.856998041018192325e+00
1.195178377899838651e+01
1.856710811801268690e+01
1.803316693102299695e+01
1.700927593538945004e+01
1.202459221529186273e+01
1.819136066896844639e+01
1.483921269303054373e+02
2.686880334221779520e+01
2.341763995614869742e+01
3.683514778936653755e+01
1.503823248756431852e+01
8.079346671274974412e+00
2.128753489248488862e+01
1.569462443544736985e+01
1.847838851441440511e+01
1.441726706189647444e+01
1.354564105104095084e+01
4.095216279864913389e+01
3.773429461942146901e+01
2.305716833243512198e+01
3.071049907389464906e+01
2.258978360698637289e+01
1.841648520221655971e+01
5.921259040296024523e+01
2.121871075008136387e+01
9.243371644536210852e+00
1.880142202741664548e+01
9.463808071554854706e+00
1.586588493352176954e+01
1.122706510853422301e+01
1.561952989366683653e+01
1.097436412979704201e+01
3.809391656158830841e+01
1.288311847991687920e+01
1.514875159224314771e+01
1.591297120665061193e+01
1.690491919106379015e+01
2.444587132948131725e+01
1.585388605596595291e+01
1.645800645005424911e+01
1.474175508983849170e+01
1.154910834341285231e+01
1.732802031423560507e+01
1.458748240039032851e+01
1.535000144018758128e+01
1.268388382545875182e+01
2.758697645414210697e+01
2.751044073796334999e+01
9.732520348154979573e+00
1.280911015302507749e+01
1.770044443505634391e+01
1.863484112448285757e+01
1.068676244460942826e+01
1.210318697545926803e+01
7.776617072674405939e+00
2.200271381439574370e+01
1.651244409601234864e+01
1.131651214089291457e+01
2.306503114753324724e+01
1.191599247548511542e+01
4.389112501787853660e+01
3.047170438632086586e+01
2.726568267258759093e+01
4.251202018868224997e+01
2.520955824082475161e+01
1.329884219425876957e+01
1.184369281987610378e+01
8.992424683972387811e+00
1.077148431259362127e+01
1.750635908405088870e+01
2.789015127671996552e+01
1.680651352361043749e+01
7.282310751609962551e+00
1.165090815445039496e+01
1.974261089584407358e+01
1.293786607810981515e+01
3.564082777515194067e+01
1.907032887688404799e+01
2.187483207643492022e+01
5.587989418787249463e+01
1.993451885577486138e+01
2.340484066058862922e+01
1.790061844650540834e+01
1.038187540087106164e+01
2.852779755620000657e+01
1.888156996982745639e+01
1.090451445489016358e+01
3.393181715778739971e+01
2.390613934380034777e+01
1.616889401151517092e+01
1.444780427153536095e+01
1.820479552312559335e+01
2.571859861122239010e+01
2.392286108196798011e+01
1.980224569533122647e+01
2.095046976154592855e+01
1.593877077875188419e+01
1.859600717793126989e+01
4.102771308147662666e+01
6.631684115263148271e+00
1.883668002594498248e+01
1.072991089509996421e+01
1.597678407635098097e+01
1.765648867229646157e+01
1.110550029351066925e+01
1.306678735437497707e+01
1.293695295764098852e+01
1.606894951361867996e+01
1.092609737923757507e+01
2.459787627014326006e+01
1.130126482994335788e+02
2.801113374601560224e+01
2.045835197768439784e+01
2.067640154998986191e+01
2.035666571766384081e+01
1.268138643909131957e+01
3.030873421830688841e+01
8.133888648294055557e+00
1.706952293885991168e+01
3.373593239702278623e+01
7.316964048086932237e+00
2.726077411626489422e+01
1.147215266878216511e+01
1.776837181623662332e+01
1.180297938778126010e+01
1.054211679941318280e+01
2.945794193733390998e+01
1.696519513803961132e+01
1.141147452064370427e+01
9.067064336473860564e+00
1.510806559008714700e+01
2.538699889616689376e+01
1.174514559828453031e+01
1.519514227881047752e+01
1.584415647490000723e+01
1.184528150884156084e+01
1.293268090508921198e+01
2.169165567663030458e+01
2.662772051757605141e+01
2.107823393057287475e+01
1.584893135482849580e+01
9.436820720977616261e+00
1.662864133183422766e+01
1.152040999051775216e+01
1.289723338725980284e+01
7.964704494098378440e+00
5.971892424496442864e+00
1.107715946012606700e+01
8.932402430254354542e+00
2.148806111246330275e+01
1.061446729863839700e+01
1.352026350535510169e+01
1.019533624342275147e+01
1.253677549070552999e+01
1.679109779240767253e+01
1.729241615518919062e+01
1.664862087572899796e+01
1.449880803107741656e+01
1.213026747480089718e+01
0.000000000000000000e+00
0.000000000000000000e+00
0.000000000000000000e+00
0.000000000000000000e+00
0.000000000000000000e+00
0.000000000000000000e+00
0.000000000000000000e+00
0.000000000000000000e+00
0.000000000000000000e+00
0.000000000000000000e+00
0.000000000000000000e+00
0.000000000000000000e+00
0.000000000000000000e+00
0.000000000000000000e+00
0.000000000000000000e+00
0.000000000000000000e+00
0.000000000000000000e+00
0.000000000000000000e+00
0.000000000000000000e+00
0.000000000000000000e+00
0.000000000000000000e+00
0.000000000000000000e+00
0.000000000000000000e+00
0.000000000000000000e+00
0.000000000000000000e+00
0.000000000000000000e+00
0.000000000000000000e+00
0.000000000000000000e+00
0.000000000000000000e+00
0.000000000000000000e+00
0.000000000000000000e+00
0.000000000000000000e+00
0.000000000000000000e+00
0.000000000000000000e+00
0.000000000000000000e+00
0.000000000000000000e+00
0.000000000000000000e+00
0.000000000000000000e+00
0.000000000000000000e+00
0.000000000000000000e+00
0.000000000000000000e+00
0.000000000000000000e+00
0.000000000000000000e+00
0.000000000000000000e+00
0.000000000000000000e+00
0.000000000000000000e+00
0.000000000000000000e+00
0.000000000000000000e+00
0.000000000000000000e+00
0.000000000000000000e+00
0.000000000000000000e+00
0.000000000000000000e+00
0.000000000000000000e+00
0.000000000000000000e+00
0.000000000000000000e+00
0.000000000000000000e+00
0.000000000000000000e+00
0.000000000000000000e+00
0.000000000000000000e+00
0.000000000000000000e+00
0.000000000000000000e+00
0.000000000000000000e+00
0.000000000000000000e+00
0.000000000000000000e+00
0.000000000000000000e+00
0.000000000000000000e+00
0.000000000000000000e+00
0.000000000000000000e+00
0.000000000000000000e+00
0.000000000000000000e+00
0.000000000000000000e+00
0.000000000000000000e+00
0.000000000000000000e+00
0.000000000000000000e+00
0.000000000000000000e+00
0.000000000000000000e+00
0.000000000000000000e+00
0.000000000000000000e+00
0.000000000000000000e+00
