2.629190506935119576e-01
5.973541688919067200e-02
5.821947908401488986e-02
5.781560277938842946e-02
5.793950414657592779e-02
5.811576628684997359e-02
5.808386874198913363e-02
5.803652906417846452e-02
5.811905574798584273e-02
5.816148352622985823e-02
5.836085724830627347e-02
5.806686258316039878e-02
5.810633826255798273e-02
5.844405484199523965e-02
5.805587959289550820e-02
5.807634115219115906e-02
5.836816000938415544e-02
5.815576481819152710e-02
5.842150616645813005e-02
5.851454257965087863e-02
5.826561260223388911e-02
5.852686476707458230e-02
5.817049407958984480e-02
5.845274639129638405e-02
5.856727623939514404e-02
5.931748747825622836e-02
5.897534418106079035e-02
5.830518102645874251e-02
5.870159125328063693e-02
5.923853826522827021e-02
5.888267302513122692e-02
5.896770811080932762e-02
5.889486193656921081e-02
5.887540006637573264e-02
5.875840497016907027e-02
5.869543457031250328e-02
5.800617337226867537e-02
5.775501585006714150e-02
5.806828856468200517e-02
5.877856922149658075e-02
5.823652291297912870e-02
5.808419251441955533e-02
5.831594204902648682e-02
5.738139843940735091e-02
5.804890775680542070e-02
5.810482525825500649e-02
5.811279058456420704e-02
5.828490805625915344e-02
5.837112545967101940e-02
5.858932781219482189e-02
5.835797476768493641e-02
5.814554882049560725e-02
5.793291735649108709e-02
5.784945130348205511e-02
5.819948315620422641e-02
5.875316143035888561e-02
5.897873640060424805e-02
5.863454771041869823e-02
5.971497941017150923e-02
5.875942635536193781e-02
5.914830517768859819e-02
5.892295575141906494e-02
5.924432992935180914e-02
5.916236495971679415e-02
5.891712021827697626e-02
5.885614228248596536e-02
5.885577034950256053e-02
5.936936187744140669e-02
5.794418430328369257e-02
5.916834211349487199e-02
5.882135224342346230e-02
5.914796876907348760e-02
5.882963204383850203e-02
5.865919637680053894e-02
5.943248081207275213e-02
5.889722609519958824e-02
5.952753877639770791e-02
5.898883104324340737e-02
5.910258483886719066e-02
5.959679150581359552e-02
5.867448306083679344e-02
5.878864717483520824e-02
5.951137208938598461e-02
5.983573055267334129e-02
5.935514545440673945e-02
5.966323542594909740e-02
5.990849685668945407e-02
5.902311587333679277e-02
5.912946271896362543e-02
5.946776652336120683e-02
5.950252676010131525e-02
5.942276549339294694e-02
5.903420662879944186e-02
5.919245100021362088e-02
5.948884367942810364e-02
5.837230515480041487e-02
5.893215417861938366e-02
5.851113152503967241e-02
5.926121735572814631e-02
5.931002283096313554e-02
5.944668126106262412e-02
5.944573259353637396e-02
5.965248036384582231e-02
5.936629891395568681e-02
5.916570949554443570e-02
5.895971441268920560e-02
5.976459836959838873e-02
6.011882853507995866e-02
5.903883743286132690e-02
5.971267914772033364e-02
5.945954942703247231e-02
5.986938905715942505e-02
5.994973564147949158e-02
5.962556433677673046e-02
5.950828528404236012e-02
5.994979047775268743e-02
5.979607748985290433e-02
5.988207793235778703e-02
5.980483436584472373e-02
5.958806228637695407e-02
5.895475935935973882e-02
5.981692981719970853e-02
5.906927514076232982e-02
5.878201794624328402e-02
5.925915718078613587e-02
5.942790031433105302e-02
5.888179993629455433e-02
5.934099078178405734e-02
5.836947917938232339e-02
5.868298172950744962e-02
5.866491651535034324e-02
5.848149371147155773e-02
5.809334945678711060e-02
5.882763695716857616e-02
5.835942745208740068e-02
5.852241301536559998e-02
5.817877697944641435e-02
5.825534749031066606e-02
5.799298310279846214e-02
5.771467494964599432e-02
5.951257658004760476e-02
5.881710004806518788e-02
5.835334706306457425e-02
5.874120163917541382e-02
5.885420751571655146e-02
5.888083720207214211e-02
5.829990005493163735e-02
5.843699836730956859e-02
5.831074738502502186e-02
5.798593735694885370e-02
5.848665595054626520e-02
5.843884015083312955e-02
5.867483234405517639e-02
5.873008251190185713e-02
5.864373183250427141e-02
5.825858545303344571e-02
5.828071784973144764e-02
5.840841960906982544e-02
5.837013196945190635e-02
5.844178843498230164e-02
5.872892665863037320e-02
5.890555024147033775e-02
5.829345560073852239e-02
5.833715963363647616e-02
5.838976335525512817e-02
5.827464079856872758e-02
5.898512768745422380e-02
5.867395329475402765e-02
5.873951244354248119e-02
5.952066040039062644e-02
5.956063008308410539e-02
5.931368207931518588e-02
5.926909089088439747e-02
5.931687831878661860e-02
5.919277095794677618e-02
5.957552313804626715e-02
5.941171312332153148e-02
5.930188608169555814e-02
5.916476273536681874e-02
5.816753959655762002e-02
5.882032561302184825e-02
5.887807631492614907e-02
5.947027158737182295e-02
5.942474842071533009e-02
5.911219286918640431e-02
5.870330452919006459e-02
5.953671622276306141e-02
5.948423433303832997e-02
5.777818655967712630e-02
5.889703369140625311e-02
5.922484707832336576e-02
5.942259383201599354e-02
5.918106126785278170e-02
5.983344531059265475e-02
5.915682983398437567e-02
5.952357316017151123e-02
5.932270264625549155e-02
5.918721127510070956e-02
5.911388731002807650e-02
5.972432327270507657e-02
5.959376645088195618e-02
5.946735215187072543e-02
5.944553375244140958e-02
5.955206441879272450e-02
5.971436238288879705e-02
5.970509815216064331e-02
5.954586052894592085e-02
5.991328930854797341e-02
5.838078737258910883e-02
5.962163567543030118e-02
6.017022538185119729e-02
5.957860898971557850e-02
5.986570096015930015e-02
5.933030056953430414e-02
5.982431292533874762e-02
5.762287998199462635e-02
5.905321288108825867e-02
5.937310552597045710e-02
5.997600936889648654e-02
5.978355789184570251e-02
5.985858416557311712e-02
5.947881388664245927e-02
5.963757920265197465e-02
6.023648190498352012e-02
5.904562616348266874e-02
5.938806343078613381e-02
6.007493901252746599e-02
5.939936161041260015e-02
5.990619492530822876e-02
5.925572276115417814e-02
5.934509849548339627e-02
6.089734840393066367e-02
5.976647639274597357e-02
5.925784611701965382e-02
6.004848814010620150e-02
5.976530742645263378e-02
5.876050162315368808e-02
5.982664132118225425e-02
5.927336740493774347e-02
5.972435569763183405e-02
5.996358227729797069e-02
5.909547686576843012e-02
6.009827899932861095e-02
5.958115553855895807e-02
5.989770269393920876e-02
5.987340545654296770e-02
6.051661443710327354e-02
6.038343191146850614e-02
6.032415747642517340e-02
5.935521245002746415e-02
5.990728616714477428e-02
5.922366642951965021e-02
5.852844429016113015e-02
5.871285247802734281e-02
6.163120436668396290e-02
6.121996641159057478e-02
6.152570724487304438e-02
6.126995635032653903e-02
6.064869594573974593e-02
6.020487093925475791e-02
6.111729288101196145e-02
6.099344420433044228e-02
6.112737560272216847e-02
6.083711767196655490e-02
6.101424694061279019e-02
6.146736264228820634e-02
6.081425642967223932e-02
6.084245014190673567e-02
6.082331633567809870e-02
6.063106393814086947e-02
6.132232999801635887e-02
6.098770213127135964e-02
6.152099013328551913e-02
6.089339542388916282e-02
6.082820582389831393e-02
6.096925973892211581e-02
6.095159602165221846e-02
6.130832076072692538e-02
6.110647773742675787e-02
6.075469398498534873e-02
6.104000568389892495e-02
6.067654323577880565e-02
6.122106814384460638e-02
6.051874303817748879e-02
6.079458808898925704e-02
6.091061782836913741e-02
6.135737013816833230e-02
6.048437571525573653e-02
6.069915270805358726e-02
6.110548639297485457e-02
5.898929738998413136e-02
6.049155974388122775e-02
6.012518477439880715e-02
6.025957417488098100e-02
5.821927618980407559e-02
5.959139275550841969e-02
5.966415476799011297e-02
6.036045002937316661e-02
5.910958957672118874e-02
5.887723159790039101e-02
6.027734947204589633e-02
6.043984365463257041e-02
5.914569759368896312e-02
5.742855715751647716e-02
5.951713347434997581e-02
6.002857542037964150e-02
6.025659084320068165e-02
6.016733717918396063e-02
6.020580244064330927e-02
6.025826191902160928e-02
6.050724649429321117e-02
6.024708151817322055e-02
6.189101386070251787e-02
6.178121328353881891e-02
6.142627954483032005e-02
6.126996088027954201e-02
6.110573601722717185e-02
6.213098073005676042e-02
6.029076910018921209e-02
6.141132116317749023e-02
6.138817405700683350e-02
5.949418592453002697e-02
6.077172780036926153e-02
6.134004259109496898e-02
6.133968734741210987e-02
6.134801745414733554e-02
6.148239040374756104e-02
6.136191153526306119e-02
6.097779345512389926e-02
6.139722752571105668e-02
6.137194728851318171e-02
6.085916519165038979e-02
6.053540945053100669e-02
6.133599162101745911e-02
6.160773348808288447e-02
6.175054073333740429e-02
5.995214176177978554e-02
6.064389777183532698e-02
6.068642759323120139e-02
6.177503466606139998e-02
6.148581027984618974e-02
6.158008837699890242e-02
6.153170013427734092e-02
6.110604643821716114e-02
6.133480882644653381e-02
6.127399444580078347e-02
6.100346779823303395e-02
6.111534166336059226e-02
6.205398631095886131e-02
6.119000864028930481e-02
6.153227281570434332e-02
6.015408396720886564e-02
