2.963696174621582302e-01
4.881254553794860812e-02
4.864400100708007879e-02
4.850725245475769054e-02
4.840609598159790333e-02
4.836101603507995950e-02
4.828600168228149719e-02
4.833870196342468506e-02
4.818477702140808172e-02
4.835376453399658353e-02
4.819610428810119918e-02
4.825045394897460593e-02
4.816075992584228221e-02
4.834113311767578025e-02
4.821280837059020719e-02
4.821462273597717368e-02
4.815986108779907182e-02
4.824000000953674455e-02
4.852639675140380665e-02
4.837575340270996310e-02
4.839013123512268116e-02
4.838619995117187517e-02
4.840792226791381520e-02
4.846911597251891968e-02
4.849650597572326832e-02
4.863265728950500605e-02
4.849039387702942100e-02
4.831109499931335316e-02
4.843726611137390281e-02
4.848033952713012851e-02
4.849835491180420205e-02
4.852387094497680881e-02
4.854326128959655928e-02
4.857053756713867326e-02
4.852022480964660739e-02
4.839212393760681380e-02
4.836633539199829135e-02
4.839950799942016602e-02
4.850898933410644626e-02
4.847341871261596352e-02
4.850334835052490245e-02
4.855290484428406023e-02
4.847589707374572870e-02
4.857170820236206277e-02
4.857652282714843700e-02
4.843574643135070690e-02
4.840433049201965654e-02
4.839425063133239585e-02
4.845472264289855946e-02
4.835770416259765891e-02
4.837761521339416226e-02
4.841763758659362732e-02
4.844701814651489191e-02
4.843405866622924744e-02
4.854804396629333607e-02
4.844942331314086581e-02
4.847745966911316123e-02
4.854208540916443021e-02
4.851201105117797924e-02
4.859342098236083679e-02
4.847653365135192599e-02
4.849323558807373119e-02
4.853064513206482161e-02
4.853307056427001720e-02
4.848775315284729187e-02
4.849606442451476901e-02
4.846967220306396679e-02
4.853737831115722406e-02
4.850156784057617354e-02
4.850945353507995356e-02
4.856664347648620428e-02
4.858865165710449241e-02
4.852497196197509688e-02
4.854651498794555764e-02
4.856147694587707730e-02
4.869740390777587552e-02
4.851921916007995855e-02
4.856544041633605729e-02
4.862221741676330672e-02
4.852299928665160939e-02
4.851407337188720637e-02
4.861564302444457836e-02
4.853830242156982611e-02
4.853841280937194747e-02
4.854630565643310719e-02
4.861095762252807401e-02
4.857593107223510953e-02
4.852299928665160939e-02
4.854791426658630615e-02
4.859002923965453913e-02
4.855387353897094860e-02
4.853743934631347956e-02
4.855189585685729808e-02
4.859191751480102656e-02
4.857940721511840726e-02
4.857228136062621826e-02
4.859323239326476807e-02
4.865222597122192266e-02
4.859104108810424760e-02
4.860877537727355951e-02
4.861803340911865362e-02
4.867442989349365229e-02
4.874133229255676186e-02
4.869727897644043207e-02
4.847593593597412237e-02
4.850701665878295876e-02
4.857306027412414823e-02
4.857037973403930536e-02
4.858979749679565724e-02
4.863830518722533913e-02
4.863968825340270891e-02
4.855430150032043202e-02
4.861175251007079923e-02
4.860506010055541670e-02
4.860140085220336637e-02
4.859355378150939653e-02
4.860059428215026539e-02
4.864592504501343007e-02
4.866660618782043396e-02
4.868919992446899686e-02
4.862855410575867010e-02
4.864998626708984253e-02
4.861601924896240268e-02
4.874599814414978111e-02
4.870497632026672685e-02
4.872645163536071938e-02
4.868053698539733659e-02
4.869695901870727678e-02
4.876005935668945024e-02
4.866501712799072010e-02
4.861314558982848810e-02
4.860131621360778975e-02
4.840544295310974382e-02
4.831427121162414767e-02
4.824689960479736084e-02
4.823873782157898221e-02
4.820514249801635676e-02
4.808944702148437722e-02
4.814694046974182101e-02
4.821374177932739175e-02
4.828090167045593489e-02
4.815562963485717912e-02
4.821565008163452432e-02
4.816798281669616710e-02
4.825803279876708651e-02
4.816519141197204285e-02
4.814462041854858376e-02
4.831151986122131370e-02
4.825242328643798706e-02
4.835187244415282970e-02
4.863562107086181335e-02
4.856598186492919883e-02
4.872993350028991671e-02
4.866635060310364053e-02
4.860175943374633878e-02
4.866328382492065424e-02
4.868405795097351108e-02
4.865739583969116294e-02
4.863318943977355813e-02
4.873884129524230779e-02
4.871764874458312661e-02
4.872528004646300981e-02
4.869837522506714061e-02
4.874884128570556446e-02
4.872466731071472407e-02
4.877060866355895780e-02
4.875005078315734763e-02
4.870035481452941739e-02
4.863985824584961259e-02
4.869984769821166654e-02
4.864042425155639532e-02
4.869292092323303234e-02
4.866308498382568293e-02
4.868552875518798728e-02
4.873342275619507030e-02
4.878744220733642611e-02
4.869992303848266757e-02
4.886572909355163530e-02
4.877872347831726380e-02
4.873262262344360551e-02
4.873385334014892351e-02
4.878666973114013927e-02
4.881525158882141224e-02
4.879938673973083230e-02
4.887237334251403470e-02
4.876041054725646640e-02
4.883003091812133933e-02
4.875625014305114829e-02
4.876391172409057922e-02
4.878603577613830483e-02
4.876957583427429105e-02
4.882934260368346907e-02
4.884342384338379028e-02
4.883007526397704912e-02
4.878919720649719377e-02
4.880504369735717829e-02
4.878651547431946123e-02
4.881846070289611733e-02
4.876980924606322959e-02
4.877535247802734092e-02
4.883163857460021823e-02
4.880649900436401234e-02
4.886703991889953386e-02
4.886542820930481201e-02
4.884413695335388522e-02
4.893010520935058699e-02
4.883119821548462247e-02
4.882268953323364025e-02
4.886829113960266396e-02
4.882399487495422269e-02
4.881218028068542297e-02
4.882837748527527055e-02
4.882203078269958807e-02
4.884956765174865850e-02
4.880199456214905085e-02
4.887371516227722451e-02
4.890959024429321345e-02
4.888935279846191168e-02
4.892852354049682939e-02
4.898017525672912487e-02
4.890853977203369479e-02
4.888793659210204784e-02
4.888958525657653709e-02
4.888873410224914284e-02
4.879544091224670421e-02
4.892017960548401129e-02
4.889031529426574735e-02
4.888602566719055242e-02
4.883264756202698037e-02
4.893932867050170693e-02
4.896795868873596302e-02
4.885782361030578669e-02
4.887141537666320895e-02
4.878063130378722939e-02
4.887483477592468456e-02
4.893140101432800343e-02
4.902722525596618641e-02
4.884651470184326466e-02
4.880842518806457336e-02
4.885672760009765470e-02
4.888606810569762900e-02
4.882973718643188188e-02
4.878183794021606623e-02
4.877153277397155984e-02
4.885083103179931746e-02
4.883414649963378762e-02
4.881309795379638883e-02
4.884170579910278309e-02
4.880989193916320662e-02
4.873632764816283880e-02
4.873669409751892057e-02
4.872606372833251931e-02
4.871572232246398904e-02
4.864741730690002458e-02
4.863583135604858387e-02
4.862004446983337475e-02
4.873691010475158375e-02
4.863212704658508023e-02
4.866402006149291720e-02
4.870336937904357760e-02
4.862340903282165450e-02
4.873259377479553095e-02
4.863731551170349249e-02
4.868616771697997780e-02
4.860572171211242909e-02
4.856906747817993364e-02
4.857716512680053389e-02
4.866782069206238015e-02
4.861383318901062178e-02
4.864848685264587524e-02
4.861085081100463556e-02
4.863346743583678994e-02
4.861249637603759499e-02
4.858689045906067205e-02
4.858874177932739208e-02
4.861507511138916243e-02
4.866739439964294645e-02
4.861460471153259549e-02
4.865933108329772994e-02
4.863629722595214783e-02
4.861587715148926042e-02
4.861668729782104431e-02
4.866993165016174350e-02
4.910411381721496715e-02
4.903883671760558838e-02
4.908495330810546536e-02
4.899525737762450844e-02
4.897832393646240484e-02
4.899802064895630166e-02
4.902619218826293618e-02
4.901825332641601696e-02
4.907872247695922729e-02
4.908023095130920749e-02
4.908202290534972867e-02
4.903643560409545743e-02
4.902369785308837574e-02
4.905786991119384655e-02
4.909422659873962508e-02
4.900815320014953458e-02
4.908555912971496876e-02
4.907174396514892706e-02
4.897625494003295804e-02
4.902328252792358121e-02
4.902437138557434043e-02
4.905631780624389315e-02
4.895673823356628401e-02
4.908987092971801858e-02
4.905564117431640558e-02
4.929598927497863547e-02
4.914216732978821112e-02
4.913371086120605497e-02
4.917254686355590487e-02
4.918224239349365534e-02
4.918976330757141024e-02
4.941914153099059848e-02
4.917807149887085116e-02
4.920012593269348228e-02
4.911325263977051048e-02
4.910768675804138422e-02
4.916387176513671575e-02
4.918398070335388422e-02
4.919244003295898671e-02
4.917869877815246593e-02
4.916725850105285733e-02
4.911445498466491394e-02
4.925339770317077592e-02
4.924860739707946633e-02
4.920329236984252730e-02
4.924029779434203891e-02
4.925481963157653936e-02
4.924407100677490046e-02
4.926871418952941811e-02
4.925810766220092840e-02
4.934270167350768982e-02
4.927302098274231185e-02
4.930787324905395314e-02
4.932599353790283192e-02
4.936638355255126842e-02
4.938699603080749789e-02
4.938754653930663846e-02
4.933673143386840820e-02
4.924829125404357744e-02
4.927356457710266313e-02
4.923957586288452148e-02
4.932619333267211637e-02
4.925948715209960832e-02
4.934469532966613559e-02
4.937459373474121366e-02
4.928767180442809870e-02
4.942197227478027644e-02
4.935912275314330994e-02
4.939003467559814620e-02
4.951943397521972601e-02
4.929940295219421148e-02
4.928125548362732172e-02
4.927575278282165377e-02
4.934194707870483143e-02
4.930012822151184221e-02
4.937948846817016846e-02
4.937017703056335166e-02
4.947837233543395802e-02
4.948985981941222967e-02
4.943592023849487094e-02
4.935824942588806080e-02
4.937759280204773171e-02
4.936213660240173356e-02
4.943701767921447610e-02
4.946323728561401178e-02
4.945626926422119068e-02
4.950865721702575606e-02
4.946456241607666282e-02
4.947689437866210904e-02
4.939263844490051486e-02
4.947829699516296392e-02
4.944941449165344421e-02
4.939694595336913824e-02
4.953805541992187256e-02
4.945282101631164745e-02
4.942861199378967285e-02
4.950136923789977966e-02
4.943116259574890231e-02
4.940139198303222789e-02
4.946818614006042586e-02
4.945101380348205372e-02
4.950068449974059925e-02
4.949588418006897056e-02
4.953930068016051957e-02
4.945879745483398177e-02
4.959816884994507069e-02
4.958359003067016463e-02
4.957489323616028065e-02
4.956086206436156882e-02
4.941503691673278936e-02
4.945612144470214883e-02
4.950595927238464478e-02
4.945480895042419361e-02
4.943656277656555131e-02
4.944485998153686640e-02
4.940802836418151794e-02
4.947525358200072915e-02
4.947217488288879056e-02
4.942944812774658497e-02
4.947462105751037481e-02
4.959685134887695246e-02
4.955452346801757918e-02
4.952687644958496394e-02
4.964086890220641840e-02
4.958133101463317594e-02
4.958123373985290350e-02
4.959898090362548778e-02
4.966711282730102567e-02
4.965858507156371837e-02
4.962857866287231218e-02
4.957780313491821217e-02
4.962574863433837774e-02
4.957509207725525197e-02
4.955462265014648482e-02
4.951898360252380421e-02
4.953547954559325839e-02
4.951062750816345032e-02
4.953353190422057906e-02
4.960893082618713507e-02
4.952734637260437084e-02
4.951931929588317821e-02
4.939879655838012862e-02
4.934053134918212763e-02
4.924190568923950129e-02
4.924172925949096835e-02
4.920558190345764027e-02
4.926826667785644265e-02
4.929144001007080417e-02
4.929442119598388683e-02
4.920802426338195812e-02
4.918169426918030107e-02
4.922496533393860146e-02
4.927769064903259055e-02
4.919341683387756098e-02
4.922758483886718883e-02
4.920064353942871227e-02
4.924277949333191046e-02
4.923816442489623718e-02
4.920187377929687716e-02
4.967024016380310047e-02
4.964783143997192338e-02
4.968880486488342491e-02
4.963865065574645657e-02
4.963772296905517856e-02
4.972899079322815052e-02
4.978479552268982172e-02
4.973850250244140486e-02
4.967831683158874245e-02
4.965637683868408259e-02
4.966721081733703469e-02
4.975149607658386347e-02
4.970165848731994407e-02
4.970249390602111961e-02
4.963622450828552440e-02
4.953667736053466580e-02
4.959795308113098405e-02
4.965465259552002270e-02
4.964253258705138977e-02
4.963960862159728926e-02
4.964836955070495855e-02
4.969346046447754156e-02
4.969563007354736023e-02
4.976952600479125910e-02
4.972181010246276567e-02
4.996047449111938599e-02
4.982065677642822515e-02
4.973987889289856190e-02
4.975833582878112782e-02
4.973752927780151351e-02
4.969626903533935769e-02
4.978823876380920194e-02
4.973852467536925975e-02
4.974358582496642839e-02
4.969293236732483243e-02
4.960725402832031478e-02
5.975954127311706304e-02
4.979362821578979525e-02
4.984712958335876798e-02
4.976890206336975070e-02
4.968990683555603305e-02
4.975723004341125327e-02
4.978336310386657915e-02
4.981377935409545682e-02
4.982345271110534546e-02
4.994864630699157731e-02
4.978515839576721363e-02
4.975050950050353971e-02
4.975313496589660323e-02
4.977833867073058749e-02
4.976022958755493136e-02
4.973486781120300265e-02
4.971797275543212574e-02
4.983204627037048084e-02
4.982196760177612371e-02
4.981493306159973100e-02
4.984494113922119385e-02
5.000626921653747448e-02
4.990529179573058999e-02
4.985968923568725314e-02
4.979695343971252131e-02
4.983461737632751548e-02
4.989342355728149103e-02
4.984173750877380488e-02
4.985350990295410456e-02
4.975532746315002725e-02
4.986012911796569580e-02
4.984349036216735584e-02
4.983830738067626664e-02
4.977137827873229919e-02
4.986377000808715765e-02
4.981891846656799627e-02
4.982140493392944042e-02
4.982299780845642068e-02
4.987412929534912331e-02
4.983480381965637446e-02
4.982622265815735141e-02
4.982328248023986522e-02
4.981471061706543163e-02
4.992962050437927540e-02
4.997880935668945479e-02
4.989885950088501082e-02
4.984170007705688438e-02
4.985803437232971119e-02
4.979027581214905129e-02
4.980666494369506703e-02
4.987973427772521978e-02
4.983268785476684809e-02
4.983903741836547691e-02
4.984974670410156211e-02
4.978837037086486506e-02
4.983347105979919756e-02
4.985540175437927490e-02
4.985098314285278664e-02
4.991745972633361561e-02
4.988463592529297080e-02
4.987657523155212408e-02
4.984445643424988137e-02
4.985959053039550753e-02
4.984821224212646756e-02
4.987129569053649902e-02
4.993206524848937955e-02
5.001926779747009610e-02
