1.546186907509047899e+02
1.378919970694310848e+02
1.541119851900760409e+02
1.577208041861308061e+02
1.481023649666785786e+02
1.331489242024460680e+02
1.305815878474898284e+02
1.280541064074128315e+02
1.203450370861407919e+02
1.240149286428989654e+02
1.274659948954990654e+02
1.216365043856627608e+02
1.375971804393461184e+02
9.896564820380147864e+01
9.683147764514562539e+01
9.371553353145206700e+01
8.779925002381463628e+01
9.266259401918699723e+01
6.029046201614644218e+01
7.351398131937732217e+01
7.683841246959896409e+01
8.290849896942928865e+01
6.474785710421949148e+01
4.143033241147761458e+01
7.840664822177630811e+01
6.691693817554661905e+01
5.417276596136983358e+01
2.856504033416059940e+01
5.950506650213993254e+01
3.030031088304286513e+01
5.087040940813410828e+01
2.994117772191975746e+01
2.221559038742718784e+01
3.951018875725507939e+01
1.764293152779665164e+01
2.642938493625514695e+01
3.106776478209462766e+01
4.158732898441977710e+01
4.857891238325724714e+01
3.354126262049724971e+01
1.963306095163612852e+01
3.697833437953105573e+01
2.042117943162799421e+01
1.351134304568815203e+01
2.551615798045307670e+01
1.033617529238296484e+01
1.796907595361473398e+01
1.226402312607347866e+01
2.553989691991388966e+01
1.923196881436329164e+01
1.203007720693836546e+01
1.892331260884099109e+01
1.420421257419095618e+01
1.847852981776152248e+01
2.007145254339067009e+01
1.013741139985304329e+01
2.421141181285998201e+01
1.781051193548358569e+01
1.271436551187724362e+01
1.820914802851037351e+01
1.612219033791252798e+01
1.400023401171137216e+01
1.387202536259847641e+01
1.082490094286931637e+01
1.074106335250148447e+01
1.391295870983160299e+01
1.824007386485765991e+01
1.511882661507680758e+01
9.834747771182776432e+00
1.752485253582467806e+01
1.513496316100220085e+01
1.352572162762856500e+01
1.054324590974135312e+01
1.199020390376693079e+01
3.139903170793485288e+01
1.292600003356891669e+01
1.877576982881876688e+01
1.182249774664669140e+01
1.445530212295997963e+01
1.549501240215848874e+01
9.337771991247944214e+00
2.029661902649556993e+01
1.520275868315445500e+01
1.454582151764790865e+01
1.346176672327624146e+01
1.664598943665420094e+01
9.070505819046667639e+00
1.029864360627789210e+01
1.178920506339564156e+01
9.069600062706877353e+00
2.100350762044413955e+01
1.187380766097447626e+01
1.130345702932593532e+01
7.426618776735493199e+00
5.111653170764284937e+00
5.650636092590032966e+00
1.065936919273383232e+01
9.616398217945551607e+00
9.693673685870200174e+00
1.316148448917160785e+01
1.155971242097552754e+01
1.564807819438854786e+01
1.305033497252803087e+01
9.656529324634201217e+00
1.474964984012618530e+01
1.089028394652381948e+01
1.493657736191657825e+01
1.069646868083460944e+01
1.428972194311993782e+01
9.263480796215857183e+00
8.225915424952923161e+00
1.316297826145223304e+01
1.070245864388448354e+01
1.075237324058131527e+01
2.128044387347054567e+01
8.050548727719881725e+00
8.505786067030562947e+00
6.116812728902903729e+00
9.633920724486884524e+00
1.025597841989295667e+01
7.976396175245275444e+00
1.286727292807396772e+01
9.868291337870422453e+00
8.336182246165343201e+00
1.054168499110738821e+01
7.097227349632943216e+00
1.275156326519247152e+01
7.307465111182910533e+00
1.376452671331699484e+01
1.909971447842048420e+01
9.894463369373196926e+00
5.859644021977869599e+00
1.508059831623016755e+01
3.799537983730654211e+00
7.704886863096254146e+00
7.343711534568660326e+00
9.142406459636681859e+00
5.470187965885685344e+00
9.972218207840311877e+00
6.038852709580011080e+00
7.083608464629376655e+00
4.023014979541650327e+00
7.069645306827095688e+00
2.131672279962398875e+01
6.656574702495967166e+00
6.442945754879327858e+00
7.952463231435046076e+00
6.137971962726622266e+00
7.739120153256432211e+00
7.624948841323694992e+00
1.241475890981764252e+01
6.764383939100017784e+00
9.529593843965464828e+00
6.769793824409127581e+00
9.631776831698850572e+00
1.164997947921114019e+01
1.348255118363836580e+01
7.305956446785125458e+00
9.355933226527341162e+00
6.303341460938002960e+00
9.665802357777936393e+00
1.200631751985255491e+01
1.053773116531312048e+01
1.165820364108746965e+01
9.052355763547760503e+00
6.313899957692838960e+00
5.210646312768162147e+00
1.013072849073969017e+01
1.204461495833561457e+01
1.021221246702426555e+01
8.224645220840384852e+00
1.065810006259364862e+01
1.123505248490531905e+01
2.320295286899392906e+01
4.940947016800101288e+00
5.995084254891206221e+00
1.005297618648235591e+01
1.261204226377705240e+01
1.401050021224942199e+01
5.285354523419313111e+00
5.479046513157791232e+00
6.468121594724482115e+00
5.752381817666914365e+00
1.099550513528404494e+01
8.755054379587598135e+00
1.607998235223018924e+01
1.097153865595161548e+01
8.914314130862949881e+00
7.974010861633791691e+00
1.718124588499091843e+01
5.988861198384027418e+00
1.047320550996882460e+01
5.187062224197465987e+00
9.065487286099571662e+00
1.201649900309701913e+01
5.691246689020647231e+00
1.318960875303483249e+01
2.034457890087656651e+01
5.608722772489743491e+00
7.964152891742687146e+00
7.325966600625400282e+00
2.991660567561240569e+01
2.197611801250929986e+01
7.383965212101966102e+00
1.422002065228519641e+01
8.249482691272454815e+00
1.184150128799188550e+01
1.013862357577336226e+01
1.171031164798256796e+01
1.156031052307731599e+01
1.655788285895263456e+01
1.756976971317623892e+01
8.457880943678533825e+00
7.359410225838648678e+00
1.822734768056220389e+01
8.986445587410200275e+00
7.791783688092458249e+00
8.497425189692547676e+00
1.021873136813483640e+01
1.024603741088697184e+01
9.112141421439565292e+00
2.016711439067406886e+01
1.099444749389452802e+01
8.948842996391938698e+00
1.542525059923393194e+01
1.281441146174075563e+01
5.752844277936016937e+00
8.092964927800979424e+00
3.388560724825897097e+01
1.220598336391413952e+01
1.538675978638216435e+01
7.013151836049695831e+00
9.891416726073797960e+00
1.761692455354607034e+01
1.280429013482444844e+01
1.080884024181394487e+01
1.630040252458513095e+01
1.607718158070131054e+01
1.092247166406205494e+01
7.528404332376183561e+00
1.929986825351893742e+01
1.792994981006144783e+01
2.253635272047510796e+01
1.063802368252163433e+01
1.972845526657262027e+01
1.205084787324954299e+01
2.354536293122729163e+01
1.198010407464581384e+01
4.334633576638069030e+00
1.377438845455083971e+01
1.639903305353431762e+01
1.732657957402322779e+01
7.590492844123184035e+00
1.377510740384889232e+01
4.806207373596560473e+01
1.033589660848084257e+01
6.173069829878896186e+00
8.476628273816741554e+00
1.517464836340695022e+01
1.159197891086848387e+01
1.956095725721653977e+01
2.098737610244135610e+01
1.017335432592737199e+01
1.762870781587425029e+01
2.211858226957263085e+01
1.777883253458536217e+01
8.673874972994020993e+00
3.357776523736773555e+01
6.262597400259389602e+00
9.203593439987969305e+00
2.396135227021607506e+01
9.122361080273211797e+00
8.402820465469066136e+00
2.624206237556150967e+01
1.140512297098203121e+01
6.542415797804940425e+00
6.231240594020994727e+00
1.354716727680719224e+01
1.134382058547061334e+01
6.546208484334934852e+00
3.609923239867119094e+01
3.552985221070649402e+01
9.008841518923819791e+00
2.308884225970349036e+01
3.462722425329641140e+01
1.092510881935139899e+01
1.892342880822520357e+01
1.716231815217298617e+01
1.543524813425463904e+01
8.674700768894307856e+00
6.017761647809064307e+00
3.330479517165848335e+01
1.138930761006076686e+01
1.012351582326769162e+01
2.587785361478465873e+01
1.294307958073693499e+01
1.409997547543395058e+01
3.375205321484539667e+01
4.593167025024276029e+01
5.508377879943937572e+00
5.630700152947238912e+00
8.079938514657396098e+00
6.690816984560357561e+00
3.334196447241657069e+01
7.342732892034481651e+00
1.838488874222256086e+01
8.027150655106316535e+00
4.200895939099880394e+01
2.037976383909993672e+01
8.833817886115040707e+00
3.268730467480899904e+01
5.676696295182594554e+00
4.418731615998750328e+01
7.849886921100497794e+00
1.231157051712350814e+01
1.798721797849961490e+01
1.135139038734810057e+01
2.505007330630251516e+01
1.678406883995581111e+01
1.026205855529708977e+01
2.578803695332046786e+01
5.763056435267542632e+00
6.930546384899153090e+00
1.551603497222303218e+01
8.999901667046893650e+00
7.611806724807973268e+00
8.697959710140155565e+00
3.457014653459280140e+01
7.748278119675146236e+00
1.414603269385106188e+01
1.390225696371222064e+01
1.573240741816051447e+01
1.257075296493957239e+01
8.525510358401723110e+00
9.571261818453962178e+00
1.888690284558058252e+01
1.889474013077228420e+01
1.275275826855246208e+01
1.015144570358163634e+01
2.498892677591466693e+01
1.037191748692653270e+01
9.063293005107956546e+00
1.563310359904348168e+01
1.321136754289975102e+01
3.406019501966124352e+01
1.459557819664647660e+01
2.288650927721508666e+01
2.385367425975350741e+01
1.659599104242801459e+01
7.719061461534470148e+00
9.369709207382548755e+00
1.423858417861037040e+01
4.708192364285475051e+00
7.749250018676186791e+00
1.508078992295858711e+01
1.154182258966341834e+01
5.848606897653189307e+00
2.546462509924931084e+01
7.154531808432928131e+00
7.363163045258624528e+00
7.778987207070292342e+00
9.796648703177535111e+00
1.161431842800021030e+01
2.390219401442023539e+01
1.487520026686725494e+01
1.330917615186816327e+01
1.419264840197439170e+01
9.885837763207904416e+00
1.698720690122001642e+01
3.092959617616397949e+01
4.921791831179297638e+00
6.770526195699114957e+00
1.289148284486383744e+01
5.789799296470544476e+00
1.392480253079980379e+01
1.761371910567662979e+01
5.807774664658744257e+00
2.496529695164394624e+01
1.117738895260888654e+01
1.174879724812099013e+01
1.384839877816703435e+01
2.524043173013212282e+01
6.377227150708205450e+00
7.248515580315531892e+00
8.065862299692138748e+00
1.061322598262190553e+01
5.795942989285961744e+00
5.639624933853881750e+00
8.695787695735434752e+00
1.382685431313027102e+01
1.512713307941838892e+01
4.466007239932898720e+00
3.837510493847415916e+01
1.863932625036271418e+01
8.996992566244335521e+00
2.465439555448238451e+01
2.003142504460209850e+01
1.545885813047114077e+01
5.865173776661885441e+00
2.972352963782261881e+01
7.933218604532352281e+00
1.092856200276932199e+01
1.070776128101379854e+01
2.043538251191245791e+01
3.294990355492407019e+01
1.358436923133420393e+01
2.046698060477807957e+01
9.273731665697452442e+00
3.154341203899398494e+01
3.399367589658793065e+01
2.458769879853726437e+01
1.918396948702983806e+01
3.072325850015640114e+01
3.981173395130854686e+01
8.742231108459556310e+00
1.847239948126830100e+01
2.144844449646724982e+01
1.348320350111167087e+01
1.252466462375326550e+01
1.194894103277307451e+01
9.167350713298898057e+00
1.344161778756156345e+01
2.527510887132340045e+01
4.476292927066297267e+01
3.030764485850237122e+01
6.521621808041143886e+00
1.953399659942346034e+01
1.401728450254289271e+01
1.488122172537147669e+01
7.811039333617886271e+00
7.201235987529934768e+00
3.482312243049513967e+01
1.164747669720343204e+01
1.100199157455076637e+01
2.043608582778989557e+01
2.121728098757243686e+01
9.154849171780201189e+00
1.371004851806031155e+01
1.862002761448580301e+01
8.857825816864506763e+00
1.132259866158099193e+01
3.277349595990419573e+01
3.413900583514992348e+01
1.968619605002303175e+01
3.023447582656634225e+01
1.162681243266151476e+01
1.342408944260917103e+01
2.237064747908586781e+01
4.893927869469235858e+00
8.042097585335987731e+00
1.451134591670152396e+01
7.815983338361322197e+00
2.226026086177221330e+01
5.870568283880675864e+00
3.514045268405580913e+01
8.061903765156278823e+00
2.126915644325605115e+01
2.686385124890163212e+01
2.608546189325467424e+01
2.090315508693096191e+01
2.852266761194333355e+01
2.905087568112581309e+01
1.523139606651730027e+01
7.531378205647659030e+00
7.322888699769464438e+00
2.076504857994736497e+01
5.623683083076714162e+00
5.117913320654452036e+01
1.544964878231389527e+01
3.162253261795088122e+01
1.595804940512674008e+01
3.781812698344462831e+01
1.625452485894235721e+01
2.516655837119739658e+01
9.701909077031951156e+00
2.746841531059204300e+01
2.595138881455113378e+01
2.281006670469522390e+01
2.356173213548206036e+01
1.355425769499630739e+01
6.792659550749533537e+00
1.185906445309178636e+01
1.964181752618109300e+01
1.011264274880675629e+01
2.384545074408031695e+01
1.444586582822060805e+01
5.801098525706192000e+00
8.376839615285216922e+00
2.017960436602576735e+01
1.523211098735702151e+01
2.036704254823373361e+01
9.774094042670549598e+00
7.803477249475886168e+00
5.605508727618940412e+01
1.358027611585818129e+01
2.379210571344216518e+01
2.943698250582997389e+01
1.185263647688825017e+01
1.885045353326138340e+01
1.030542238887217721e+01
9.987102931529953764e+00
1.143924833275387165e+01
1.343927387732213852e+01
8.778141828626408127e+00
1.245374833538751247e+01
2.356684556951316267e+01
2.431048968821300349e+01
1.812869906031836109e+01
1.555541371107358373e+01
6.682765281835140847e+00
9.401146968565173623e+00
1.261431219875099252e+01
1.228515560709379528e+01
8.700616531030568979e+00
1.107187013275046183e+01
2.214989663199332171e+01
1.197309412185333244e+01
1.379273313775761878e+01
1.085850620674275824e+01
1.137761430443139510e+01
1.459108959722923160e+01
6.517056957624978608e+00
7.933482751414558720e+00
2.297318467699300015e+01
1.247113475007714278e+01
1.411681211203939235e+01
2.282259220568968061e+01
3.775430404055825306e+01
3.133074842899347701e+01
1.915254691756373617e+01
2.863136482517861836e+01
3.052362046255555228e+01
3.536967095147819862e+01
1.659393743706258917e+01
9.106976507718902880e+00
9.357698647316254892e+00
8.398480602539949658e+00
1.150335611433707683e+01
7.986770331523558752e+00
3.969663184243780307e+01
1.979276098803028461e+01
2.543080411957541642e+01
7.898081185252698866e+00
1.060650633348226357e+01
2.556334328085476315e+01
1.198876610251396180e+01
1.931255218931848461e+01
3.469424058772771957e+01
7.205917900260392805e+00
1.461558603094182551e+01
5.349121913571955211e+00
1.147598374807971844e+01
1.183973010118649327e+01
3.202772316275148512e+01
1.671173082170040303e+01
1.034306004336011497e+01
2.905127374263419782e+01
2.382384934516652919e+01
2.595765527374735981e+01
2.003776418848400809e+01
2.969909544035886739e+01
8.987113996396166371e+00
1.441876449831176643e+01
1.760116796594939359e+01
7.172956427215217978e+00
3.621993255434207271e+01
8.110297617787498581e+00
6.845329118725010709e+00
1.510325158285913005e+01
3.737066403323047581e+01
2.693407251058872731e+01
1.129817523427823645e+01
1.299892119663642376e+01
1.275912519795005196e+01
1.749845756117825246e+01
1.091991443309093945e+01
1.486819068580027725e+01
2.657794088009008249e+01
1.618362305482258634e+01
2.387025845273143076e+01
4.130645905995909573e+01
1.084311650518457881e+01
1.834979193881211046e+01
8.296695621053025604e+00
1.775056610263710866e+01
8.588817297451781130e+00
2.640417316668412440e+01
7.360179896030669688e+00
4.790899326863332419e+01
2.996546267039731148e+01
9.797758491141204118e+00
7.802434494942405152e+00
1.265232763007296946e+01
3.778342743288816052e+01
2.491346989949610702e+01
1.419140691230299112e+01
1.487717016554304728e+01
1.190416836255467992e+01
1.097092059507434136e+01
1.094943332077454556e+01
5.203017694500460699e+00
1.117295142958025345e+01
1.717639007811587604e+01
1.262776847371705990e+01
2.710916643683428973e+01
1.349991542400211308e+01
8.576014995604021252e+00
8.677569718204869886e+00
1.079201103254414384e+01
1.338901840423447709e+01
3.419208554955697110e+01
2.885477747582700658e+01
1.690192550222694479e+01
1.744910147211473728e+01
1.449540383978767011e+01
6.178741646932397913e+00
2.566671917508733358e+01
1.065406964750462393e+01
8.024976661786110910e+00
3.387906640423326365e+01
2.565987398675249764e+01
1.045317326581144712e+01
2.402658587269225166e+01
9.169423167797196683e+00
2.610020338185194078e+01
2.279264417415908284e+01
1.491487219832790245e+01
7.725504381113851515e+00
3.782343606546287873e+01
1.608369703120950689e+01
1.085856283728946003e+01
1.112244166001027779e+01
4.183473104807267617e+01
1.702067174832097862e+01
5.753141442016242735e+01
5.916764889708113095e+00
3.341657693223869074e+01
2.996334801916223611e+01
2.001303235229706345e+01
1.219173826964984109e+01
9.072366092049234609e+00
3.675985457577696280e+01
1.314856588092666811e+01
1.699406157203287293e+01
9.515974602889485823e+00
2.978724419914905042e+01
2.663554519097771944e+01
1.285090635897234179e+01
1.186761817404390129e+01
3.393579657460062293e+01
1.435920442914790485e+01
8.852752670723930351e+00
1.280256252445590448e+01
1.557529273406904480e+01
2.835263923310494150e+01
3.442107698251406589e+01
3.757410272192879575e+01
7.781053759459932273e+00
6.978917429560260288e+00
1.162508247855097032e+01
7.313548289613884812e+00
2.001331098284239118e+01
1.578699908616787972e+01
2.485537992066666746e+01
2.516425491124305580e+01
3.947931986221949074e+01
3.918956930630164237e+01
1.402950444134952335e+01
6.785274299530656528e+00
1.798851688901874013e+01
1.079921590331172965e+01
1.842667524437379001e+01
1.235447687235877368e+01
9.235918023809366773e+00
3.121358030355323976e+01
7.800657150390417627e+00
7.749039754202312835e+00
1.216055137650059947e+01
7.602935786546549224e+00
9.321152790576299196e+00
1.262576200958669581e+01
1.203423900873301911e+01
6.889502241815931960e+00
2.440918140539918824e+01
1.746351675646183210e+01
1.353990674699856278e+01
9.312048031739818654e+00
1.324665464573979889e+01
4.916189984253874456e+01
1.576699149539381573e+01
1.314697414693184108e+01
8.725957350383289679e+00
1.068814577145293931e+01
1.341691601836916270e+01
7.786132564989672211e+00
1.668215457108095734e+01
2.463548435711138396e+01
1.872894627281590374e+01
1.296006401993405177e+01
9.790987002791004201e+00
3.105613250444021745e+01
2.754921641913159291e+01
1.162956805613680267e+01
1.287008533744368854e+01
1.887331273140642196e+01
1.688119347954206617e+01
3.477308735589105737e+01
2.260825414570783565e+01
1.775050727712993393e+01
2.149919617694421703e+01
2.463840138229558718e+01
1.956023616651212649e+01
8.525576042984344127e+00
4.042049854677530618e+01
2.968082943917161742e+01
2.474364075770215976e+01
1.089685285259302283e+01
1.779612862172030674e+01
7.735555137005317938e+00
8.533650756929191061e+00
5.483812598671610772e+01
6.341670832426327564e+01
2.732432667133907245e+01
4.015556668434432197e+01
2.061295890299314237e+01
1.324926317453674507e+01
4.724093075183149892e+01
2.747308131917533203e+01
4.120468747631290540e+01
1.057330632349323807e+01
3.002443756128280228e+01
8.590424039149716862e+00
1.834341507018314843e+01
1.254643520103218002e+01
2.254864780595500662e+01
1.656213699615257440e+01
4.687480439248616904e+01
1.954392561529524741e+01
4.420356238043019204e+01
1.076664906653432396e+01
3.135310307904649463e+01
1.028438196209315336e+01
4.998035096346005446e+01
1.825061952842137103e+01
1.334431770800378558e+01
1.410819995139778271e+01
1.602554639116016943e+01
1.096374045606483882e+01
4.961339733650978445e+01
5.936810438542072887e+01
2.427774937483011186e+01
1.261251905673669427e+01
9.592069770681742824e+00
3.706209725305632929e+01
8.441987783753722496e+00
8.075694408924897871e+00
1.164907480529738137e+01
2.039212412030295596e+01
3.224741344147013677e+01
1.153547084091745489e+01
1.686352970186924338e+01
1.989494232660431550e+01
1.511837625393439666e+01
1.066352625968376877e+01
1.190859780033628823e+01
3.150953884374844094e+01
1.050165836907352279e+01
8.446182348343690194e+00
8.646244721443469672e+00
1.649458995005376494e+01
3.494822027659848374e+01
4.280827768057390159e+01
1.224634396881769050e+01
4.798959890864818334e+01
1.362860655871748072e+01
1.198151009179838233e+01
1.845042917650812342e+01
2.912080339183294697e+01
1.966332383193449118e+01
1.321574210675665029e+01
3.658914678016513022e+01
1.634457383332572533e+01
4.038286408124543669e+01
6.811344098539866110e+00
1.215497384373336587e+01
1.149409725158453099e+01
1.228887817845489394e+01
3.984059965963940186e+01
1.381824608785623631e+01
9.195219233949750048e+00
2.685789991551995115e+01
2.534184612791967339e+01
1.367074932230312889e+01
7.657767577131640024e+00
1.312923154798101599e+01
4.551458836889634085e+01
1.521710028207785470e+01
1.724549056046530282e+01
4.707961755438731188e+01
1.961150328466298731e+01
1.421310914067197650e+01
2.880374266562674634e+01
2.586295437063731484e+01
9.464591979871977756e+00
1.765610054120437766e+01
1.679864528083717801e+01
1.729621408706187324e+01
1.713991699345127273e+01
1.784147918333834681e+01
3.807218985050369753e+01
1.205065850839663533e+01
2.929019040835035170e+01
1.274695500674267556e+01
2.257169422101241807e+01
8.841579752388419422e+00
4.074865142843253807e+01
2.044045894568569466e+01
2.006984066749342333e+01
2.216901414071845267e+01
5.557145710576252640e+01
8.565647328284569539e+00
4.385759812260128854e+01
1.022337279231838814e+01
1.207115809586037081e+01
5.629853449882461547e+01
9.065169629247703753e+00
1.009979538107369734e+01
2.312009096749568826e+01
2.327483973034372866e+01
1.579607520913458885e+01
3.735774056445486480e+01
2.360254503271060145e+01
5.228157247656349682e+01
2.687621082769393510e+01
4.935281088205145039e+01
1.051767778036342094e+01
2.285460752502502046e+01
1.408454926318981215e+01
4.073056336802373778e+01
1.121864553095533701e+01
5.600013743449112269e+01
4.641300938575550816e+01
1.046327344409308857e+01
4.408141514397643590e+01
1.061681028530254700e+01
1.129002618885823672e+01
1.125850544547207122e+01
1.037816670995509760e+01
3.948018810359986475e+01
2.975509260368800568e+01
4.043271089457192602e+01
2.023954978393427595e+01
1.056681219326268639e+01
3.705619647510896897e+01
3.187698753943693930e+01
1.007425585730041817e+01
1.852889156595973930e+01
1.232990986137934719e+01
5.597464794365199481e+01
1.559529060037680814e+01
2.092022372116209894e+01
1.417719594407384420e+01
1.613941925732664373e+01
1.086739035461870273e+01
1.126823945376347602e+01
1.680821067699233851e+01
2.979364789601590857e+01
1.815111445296639658e+01
2.600006171948675160e+01
1.696204746585677370e+01
1.161022432254957515e+01
1.041877509722743866e+01
7.655220453103868117e+00
1.832558771101132322e+01
1.987197615195427502e+01
2.145190074802984626e+01
2.585167471806702011e+01
2.511265440335733601e+01
2.183718154728753902e+01
1.128697304785742439e+01
1.606053751755299075e+01
1.422283979292128642e+01
2.660599160637498528e+01
1.271075041148041507e+01
1.817298526123855140e+01
1.155374305998013007e+01
1.592241313777920197e+01
3.031982045516899049e+01
1.207088203675107962e+01
1.416906710470614605e+01
2.078947073793282030e+01
2.126278001339086643e+01
1.387030433617956149e+01
1.740700313145876876e+01
3.615564525072996105e+01
2.814415326350498958e+01
2.664127119493656792e+01
2.181580752327756656e+01
3.289199376699439625e+01
7.453439623514584333e+00
1.898872971404438914e+01
1.458699568412000680e+01
2.071613502790821570e+01
1.506078668559838007e+01
3.021460749542914925e+01
2.475104813120401204e+01
2.117013861460656798e+01
1.851472811496884674e+01
1.824984231446845584e+01
2.368843328036781060e+01
4.641372178470759735e+01
4.307565616048677981e+01
3.107790771478070724e+01
1.784755115604916043e+01
1.379358886371889703e+01
2.283997479138970732e+01
3.463319616055204619e+01
4.351955167219226439e+01
2.123158167772540494e+01
3.093763023176171956e+01
8.320352989179681913e+00
2.489948462507399540e+01
1.425613102422330591e+01
4.330510645341153264e+01
4.724650206548852083e+01
4.379987581049991974e+01
1.332036731344298275e+01
1.142568285133040895e+01
5.438869014996896567e+01
1.903075346260759559e+01
1.147125002018178108e+01
2.413146241485896226e+01
1.007954089042119605e+01
1.854083436979154342e+01
2.692272986708097093e+01
2.425340896702594762e+01
2.657706471359250600e+01
7.834626455383480348e+00
1.695026055544796861e+01
4.092519707264879969e+01
9.609466895661940455e+00
9.386544245531265318e+00
5.114837407587626217e+01
1.960149562272003010e+01
4.090040510072123681e+01
1.454884317758165402e+01
3.884419440063599183e+01
2.220651564213526186e+01
3.892985980042438854e+01
1.717801840885136144e+01
6.820019662110296643e+00
1.880725037377625952e+01
4.389514378521450766e+01
1.693652812826592324e+01
1.234937636966213503e+01
3.418565027932109501e+01
1.293884830168289213e+01
2.345412855004871133e+01
9.530898624205700997e+00
5.353062916396527271e+01
1.727129393367778221e+01
2.042410497059058017e+01
3.685861448458034317e+01
2.276142752272064129e+01
1.522027677852639371e+01
1.543017866299896035e+01
4.227387577788702799e+01
2.924569358539298847e+01
4.125875594563100179e+01
2.413824689399231360e+01
2.052409498534085941e+01
1.533388683629101124e+01
2.027246081944945644e+01
3.071845328273107967e+01
9.710467449999566014e+00
1.339656165481735606e+01
3.688779040804092801e+01
2.175613517346870651e+01
1.535454597359630569e+01
9.611672089563928267e+00
8.571604265304699766e+00
3.334107573134784275e+01
2.604831424479150925e+01
2.106235655763651948e+01
1.444808045027483878e+01
1.739101427372591857e+01
2.548616633358954431e+01
4.271179837321115969e+01
9.136195570313971004e+00
1.118976050535328071e+01
1.519872213605705902e+01
1.899398875697910327e+01
1.933812419201203880e+01
2.602513567518013460e+01
1.366450729063076253e+01
1.573709556389283470e+01
4.826004308234418261e+01
7.598047696143797225e+01
2.213376853638155950e+01
