1.543384306038721547e+02
1.440694916915367401e+02
1.518033582487769593e+02
1.823914881763503217e+02
1.767923470839561730e+02
1.580823533948421868e+02
1.535649429291389936e+02
1.271156638784100608e+02
1.157348770686975286e+02
1.204851040490187302e+02
1.229804836858340451e+02
1.256848047018791021e+02
1.224544357556696497e+02
1.207420002867200708e+02
1.158254844469683462e+02
1.075714262989805832e+02
1.283514569059833548e+02
1.299219246763208844e+02
1.193504825498110051e+02
1.209883153593703184e+02
1.132880575271396424e+02
9.292860550533444552e+01
1.290665964497701452e+02
1.223443526554139282e+02
1.076668852003463002e+02
1.116311757934364408e+02
9.634458160678018146e+01
1.145038649712023187e+02
1.207338430509113323e+02
7.250419005027654862e+01
1.083256734837737838e+02
1.186378144908436951e+02
1.331449605085424253e+02
1.193774178636726191e+02
9.824311331667175295e+01
6.872866795217782965e+01
7.030677237481776842e+01
1.073178795467972293e+02
1.035881296425716869e+02
9.991979542724406826e+01
6.388013073312158951e+01
1.076091787078620428e+02
7.878471387758999356e+01
9.285214299002835503e+01
6.183133497426771186e+01
7.264706537700796218e+01
1.149753485718483574e+02
6.081900214786896441e+01
4.984628761265900465e+01
7.296333457910911591e+01
6.084470170407428213e+01
2.696859132460549091e+01
3.950456557310178596e+01
3.158557906649216918e+01
3.747067535452170262e+01
3.749308840440223634e+01
2.996790020153250467e+01
2.309451295365558465e+01
2.762091146742648817e+01
1.900533479261212477e+01
2.227316627284761807e+01
1.676662365465037396e+01
2.737267364620603161e+01
1.910287233611661861e+01
2.366900895161248997e+01
2.702421866108715420e+01
3.197383683674186727e+01
1.774647299277719270e+01
2.214195107628086490e+01
2.218970374432721826e+01
2.892957909280064044e+01
2.676939425171135767e+01
2.176404811448330889e+01
1.768435145831465150e+01
2.903497014352624106e+01
2.042500614905343781e+01
1.614985779638962171e+01
1.429630020873653073e+01
1.071823427184216015e+01
2.494633745899407273e+01
2.278474085239372471e+01
3.057039588214426473e+01
1.330948104285535827e+01
1.468819308706667748e+01
1.862741123085464068e+01
2.557897232080084748e+01
2.463168499296924807e+01
1.613542263610656846e+01
1.870394538004601159e+01
1.732893099575761298e+01
1.990772770495366473e+01
1.923988859422741271e+01
1.148215598700442364e+01
2.569507956941797744e+01
2.917795070337350083e+01
1.155593282764481167e+01
1.841288694459887409e+01
1.827008136482947975e+01
1.718116503207329870e+01
1.648171889159973702e+01
2.758982851025972138e+01
1.827019210181153142e+01
1.554559195605569144e+01
1.709575679002517035e+01
2.424067754644131867e+01
1.798877277113804141e+01
2.600953535097183789e+01
1.840160767643677531e+01
1.913901024932836492e+01
1.964574481195788636e+01
1.296646847038283745e+01
1.747376514653464596e+01
2.545589221476212671e+01
1.377214650054493639e+01
1.881266719243960850e+01
9.550035026275127237e+00
1.323496686351586860e+01
1.210261134717686815e+01
2.202338444972503595e+01
2.070671387004829356e+01
1.394843741187060893e+01
1.475563450452491132e+01
9.548181954110718905e+00
1.817299246342271246e+01
1.908564966271036312e+01
1.917490023859688364e+01
1.425489907324326033e+01
1.862349997189251383e+01
2.105441488905711722e+01
2.179678606197546742e+01
1.767072277199637398e+01
2.448802313407227516e+01
1.220926474771986214e+01
2.912236505312563750e+01
1.852984328267416103e+01
1.234943783758959590e+01
1.206191562704006159e+01
1.109323751969618144e+01
1.021855252360590782e+01
1.014087481012100511e+01
1.383971675301563486e+01
1.406692226528611478e+01
1.763278878007210793e+01
2.083378497289547582e+01
1.022149811025780686e+01
1.085655199801978554e+01
2.248363051062375462e+01
1.356817399683527903e+01
1.711442568971937206e+01
1.911270148021778681e+01
1.415773248198058631e+01
1.250174243032219223e+01
1.270662682661189180e+01
1.285593881118750481e+01
1.906296600621501014e+01
1.372852036627226724e+01
2.126609395221888832e+01
1.123673483644326154e+01
1.963151195497953694e+01
1.307541862998707316e+01
1.411421925670027377e+01
1.342098749701902882e+01
1.275437993882427712e+01
1.873814073004339775e+01
1.255399353831306897e+01
1.034874836282645205e+01
1.117905094705727898e+01
1.045887277642386870e+01
1.017589911135539182e+01
8.518832329293340777e+00
1.043081028417851641e+01
1.407886937119094739e+01
1.107903907923634002e+01
9.008611144077589117e+00
1.456696304763608829e+01
9.754721030824967443e+00
8.785511902779976623e+00
1.411538190092528744e+01
9.394648660906364412e+00
1.654242824966353709e+01
1.454983718102038459e+01
8.579193848427616231e+00
8.063059381495843780e+00
9.314444757152205767e+00
1.573131854618206482e+01
8.251762370506382283e+00
1.308265079085936300e+01
1.022021045853114707e+01
6.973093796893569341e+00
1.239935657366142330e+01
1.265043559056485378e+01
1.490295836519121764e+01
1.404551162701898015e+01
1.468730621561264549e+01
8.669163301296705981e+00
1.026558771410786797e+01
7.541219920382113528e+00
9.982163381290595439e+00
1.139843338991184041e+01
1.092653933979544156e+01
1.077317606732705890e+01
1.085749216447974419e+01
1.205774759750690883e+01
7.358440253672513975e+00
1.062288852040837206e+01
1.031758504191099668e+01
1.018414640227864254e+01
2.142208576512090090e+01
1.036322819319107502e+01
8.756574987282194300e+00
1.145739324371070467e+01
1.048982766263437583e+01
1.203260080086674222e+01
1.127988275301712306e+01
1.323341532157471789e+01
1.012476968867957972e+01
1.031347596739761840e+01
1.362294662754513830e+01
6.933160402455936122e+00
1.609240135618901490e+01
1.262384787950808551e+01
7.075829461021467814e+00
7.966998159092789855e+00
1.928068743751650160e+01
9.431930873416330741e+00
9.030119043703823678e+00
1.283681217735110636e+01
1.043794189930083860e+01
9.062856056073771427e+00
7.159963806068331493e+00
1.115974061067610279e+01
1.914685835037959549e+01
9.217401475882697426e+00
5.469507053358488413e+00
7.938084675940743296e+00
1.170244890286105921e+01
9.405992998551194972e+00
1.853808892623299442e+01
8.823893707296392108e+00
1.269197503206701505e+01
1.761775936061575365e+01
6.959829015726831436e+00
1.239932378411502611e+01
1.588271781571938313e+01
1.825258729247010692e+01
1.178765464374345662e+01
2.073469465218646590e+01
1.262814936487052542e+01
1.148534996169802547e+01
9.008024259693680591e+00
1.519735921108951615e+01
9.150887972046662711e+00
1.571038787719929708e+01
1.066398454364556692e+01
8.953048143763647104e+00
1.049003172132181483e+01
7.639032835077671280e+00
1.545087229031600629e+01
1.283569306479607164e+01
9.945705802735929524e+00
9.317295024415111371e+00
7.936843484550508698e+00
8.431951845297636083e+00
5.367865996579652688e+00
1.026082485568570668e+01
7.395653468240174888e+00
1.346040122137124051e+01
9.752314056095414685e+00
6.564456193910553239e+00
9.377372649332905041e+00
9.290249726094705451e+00
7.191373127890841488e+00
1.050734922842733354e+01
7.977929250863830646e+00
6.041060624378065569e+00
9.117035827667447023e+00
1.153996743290014493e+01
1.162416445882396587e+01
1.038053540630354377e+01
1.075464233151475746e+01
5.668023377455243761e+00
7.867884486795011512e+00
7.638560412026571100e+00
7.827064780415813772e+00
7.643525995212203661e+00
7.514754869360631417e+00
9.917665432945929282e+00
6.628806120543762503e+00
7.384696469768239346e+00
1.088873662503548445e+01
1.457156319340047723e+01
8.822758533713660256e+00
1.110023658018467252e+01
5.755435494679395525e+00
7.239760234639413206e+00
9.399910733978108723e+00
5.611887605306037585e+00
1.270018116221502957e+01
9.054555008963074414e+00
6.484966650249891273e+00
7.179785350295541768e+00
1.159307477908555306e+01
6.333512166777881092e+00
1.047808905073140551e+01
5.212366002956580147e+00
6.648311880400218143e+00
9.544786983902991295e+00
1.001278376453420016e+01
9.212632986666676516e+00
8.407485679992856120e+00
8.295446486437825229e+00
9.160754089967301894e+00
1.319423673775588313e+01
1.040714583433195806e+01
9.720150143672942278e+00
8.873785341705820784e+00
1.085520058087833384e+01
8.657465136247898485e+00
5.245560781224905433e+00
3.980759522131845252e+00
6.363068956263711939e+00
1.060510829903715369e+01
9.835430480280141552e+00
9.525586344348672796e+00
8.171313646267305941e+00
6.812794236550954174e+00
6.787597183041131466e+00
1.096107635077789233e+01
7.275756899146979428e+00
5.371706517204808407e+00
6.248040628914103500e+00
8.373417578940722805e+00
6.413486197266090372e+00
5.132822540749863549e+00
8.390295158770159745e+00
6.282523163508122899e+00
8.194920092632038688e+00
7.357908630274440753e+00
9.010888941673384167e+00
1.007486974910719546e+01
1.083683348596897567e+01
5.895669996678492453e+00
1.163543119062382125e+01
1.213050029764280602e+01
1.579520615745356693e+01
8.477555042069132796e+00
6.632876370344285455e+00
1.303178042254133828e+01
9.932155004039774582e+00
7.544938043454882504e+00
1.697743939852736972e+01
9.102579556616841927e+00
4.958593348053822680e+00
1.260063419059429890e+01
4.757236746459152066e+00
5.009392776579864481e+00
6.240108024082006821e+00
1.097281241838606292e+01
9.190330359177822928e+00
6.743846959698247545e+00
5.273654157608929971e+00
5.853108438117714307e+00
7.143783218827167047e+00
7.009949255168529625e+00
7.920496439173571268e+00
6.849669915076648685e+00
9.799127679520195144e+00
8.312337879832268683e+00
1.983261754043794411e+01
1.126657403784297351e+01
4.392260445106384914e+00
3.502189504275768250e+00
7.393484417921254881e+00
5.862451479659869236e+00
6.439160876960519531e+00
5.569959664617813999e+00
7.062084211567565717e+00
1.003168264838346602e+01
7.634031540073727307e+00
6.512144353524046636e+00
5.268101431843061455e+00
1.129893094384114960e+01
1.732921476129716964e+01
3.843523132856573987e+00
4.887919106579812656e+00
5.391735922574641293e+00
5.838366869965719630e+00
8.514783410766863625e+00
8.661386138654339817e+00
7.318972453911164244e+00
7.969725176680820589e+00
1.606860663814039469e+01
6.482859607482607700e+00
6.116192478113365638e+00
5.217409911432218550e+00
6.784402933267366542e+00
5.379400734986118593e+00
5.632137215852101697e+00
6.299273610761004782e+00
5.674002671060725866e+00
9.362394263111873727e+00
6.824576028874018263e+00
7.185578489204818453e+00
9.147025102469418911e+00
9.684436825676337790e+00
7.559661843682206950e+00
7.311142617141999978e+00
6.806301418899404432e+00
5.723900226403746849e+00
5.275270883851518988e+00
4.219209909482474430e+00
7.144548315337718947e+00
1.031451840268776721e+01
6.313377882111709027e+00
8.576709977282247266e+00
6.372742045827816781e+00
1.005950457127849162e+01
1.295374380606286557e+01
1.356273593738212568e+01
5.911562356106826677e+00
6.940822613806280295e+00
8.257028344759717697e+00
6.452626947457566153e+00
9.202803037628735083e+00
5.347925251399355595e+00
1.030775884317149682e+01
9.401951097923801015e+00
7.504022741816622322e+00
7.459751948979431724e+00
7.651947840005590251e+00
1.070052025588967481e+01
8.251636822449619046e+00
7.761658074017492304e+00
4.685545643415687245e+00
5.838103150511678052e+00
4.281991891303606579e+00
7.671266880576335545e+00
5.901591238685042207e+00
7.075886259606626538e+00
6.007617745356826688e+00
9.183358104356312168e+00
7.920992850716866762e+00
1.110783381204035436e+01
5.579499656572322941e+00
8.399914919722478501e+00
6.512276326767299395e+00
8.289559966401348845e+00
6.743291567631512606e+00
5.414517492940803756e+00
7.218486624047439904e+00
8.095660040687389980e+00
8.867545684529353878e+00
6.604645502858717876e+00
7.849020908976369171e+00
7.696600267286569874e+00
5.980143018308037739e+00
6.412137964399661882e+00
5.107130675332977710e+00
7.082360839648377038e+00
7.468280737209209263e+00
5.301504517982680298e+00
5.882041095001219411e+00
8.693186890086135321e+00
4.631139900218969707e+00
5.048875802765662613e+00
7.556573987328681241e+00
5.504262911582310736e+00
4.087651548422736703e+00
1.083489102922580116e+01
9.039708904155276059e+00
6.475494952551930083e+00
4.755257409297906079e+00
8.556119666878501562e+00
1.094480831686437661e+01
6.244489251811952357e+00
5.279944557043452669e+00
1.250302494825388067e+01
4.862686340119274142e+00
4.095747423005820842e+00
5.319353426404775931e+00
1.525759682606513401e+01
5.549648978603435090e+00
4.942912041870659579e+00
6.579937370297800570e+00
7.567060790450840457e+00
4.705979775063471315e+00
7.794224913439551372e+00
8.324318966401653697e+00
4.925652812390963753e+00
8.393992514739887056e+00
5.870212558440972117e+00
7.530350969425620100e+00
5.928693275873843760e+00
4.322183741293031289e+00
7.084243306176145616e+00
7.873357940198303595e+00
5.316419261091477999e+00
9.839186587541366436e+00
7.530186394011065154e+00
4.104371610724717456e+00
3.641485920323000780e+00
5.664659699232950985e+00
6.083312430604753018e+00
7.499677639099553872e+00
3.015999950963549558e+00
9.881982082767487796e+00
7.459108271307199445e+00
9.619062779689667053e+00
5.328862584853985673e+00
8.683862689386709022e+00
5.146304224724754128e+00
6.417246452688041281e+00
3.913093659229607724e+00
4.384284519834381832e+00
4.601276874477538747e+00
6.862048284996706826e+00
4.834320134213648146e+00
6.809355201630420851e+00
1.042000600616106354e+01
6.917496427020371819e+00
7.590935731769087980e+00
4.456305317513144182e+00
4.615367480157271274e+00
5.931033839003383434e+00
5.725763493969612483e+00
4.818823373654106845e+00
4.384087689374679186e+00
5.142816883643916981e+00
5.539465601612445056e+00
1.023758069176395580e+01
3.831019990272204634e+00
6.278378009359070866e+00
4.826758833338085530e+00
1.061978333596530000e+01
6.445748620138957108e+00
5.004984550658281073e+00
8.381261428784343437e+00
6.541345831800559729e+00
5.700999765730939473e+00
6.069712755384074399e+00
6.443710604994632440e+00
6.530370060292153944e+00
1.388204557495319236e+01
6.306951775142240812e+00
1.255706122161755900e+01
8.288230701808666723e+00
5.083446522750063146e+00
1.287316630296316866e+01
7.161459996692111751e+00
5.432792412986175101e+00
5.826518719013114023e+00
6.041483981061913866e+00
3.106689282011548148e+00
6.174901012841689685e+00
6.362654404024923771e+00
4.986576482966998292e+00
4.105643858525150236e+00
9.446748480313154062e+00
5.970601651643498542e+00
3.665372565676735306e+00
7.018441734648376062e+00
3.665913399673999429e+00
4.699874462303082367e+00
3.474816983861363617e+00
5.417290134746877150e+00
5.182472616547595834e+00
4.067581882362357959e+00
8.989470548186991650e+00
7.220075915833106706e+00
6.786342689466481559e+00
7.937632672360328989e+00
6.075364102134020783e+00
6.522718736167507636e+00
1.060424884936823986e+01
9.996612394401109825e+00
7.304522223486955568e+00
4.651045213398325551e+00
7.188694500172867485e+00
5.419669952776227539e+00
5.777738687709843113e+00
9.504036093427227883e+00
1.097717298187124335e+01
4.638203830883065315e+00
4.970773891971953518e+00
3.595562389049157037e+00
4.332655416683428129e+00
5.008066298915085923e+00
3.444250540372882252e+00
7.143528905561465692e+00
9.963067458953956290e+00
4.797482978225315442e+00
1.056247972049743744e+01
5.423137467727932481e+00
6.812731405516299077e+00
5.596714935719924178e+00
1.074237677806894986e+01
5.050622481484593251e+00
4.069449300241255507e+00
4.168974654631499632e+00
4.789076694554231572e+00
5.619612089572885161e+00
5.872340914828614089e+00
6.534424454630637591e+00
6.099249818806518064e+00
4.690522175082549872e+00
7.085327160130240998e+00
7.507510070559598070e+00
8.159870825700719976e+00
8.943600671269132718e+00
1.007895629084600664e+01
3.700104767184207333e+00
6.796897564153908888e+00
4.081560624503976165e+00
6.249821711270696412e+00
4.154349176165390567e+00
5.614190907728715096e+00
4.668905473115957605e+00
1.760447808376961731e+01
5.235394170866685570e+00
5.258919445542785454e+00
6.994053423434539951e+00
5.714615164670560077e+00
6.279990436929883124e+00
6.927219503709082460e+00
7.645286290252931494e+00
9.649576470341804324e+00
8.753384514521133752e+00
4.768492565631087921e+00
5.061711152102671640e+00
4.510268505365250924e+00
7.338052700032572595e+00
1.036445497926731107e+01
3.848210477927902051e+00
4.997006446830190463e+00
4.671304858180756803e+00
6.507557661556304218e+00
3.802854534880156123e+00
5.302838310074122319e+00
1.741201775538863217e+01
4.470950205943222677e+00
4.821441173514572576e+00
4.203917696954160732e+00
3.503883667712443639e+00
8.687856415444267455e+00
8.864722407903141033e+00
4.592527406591805139e+00
6.197028661773933855e+00
1.079180444598189759e+01
5.396182870177391955e+00
9.679202974678119631e+00
3.296228852886106786e+00
7.402223675226305311e+00
5.473575931578999132e+00
2.857085681608725558e+00
4.447617018223959384e+00
6.782977831524797274e+00
5.572865809140905569e+00
8.242531914148644390e+00
5.141577936386687142e+00
3.903581149044416332e+00
7.062833427730344837e+00
1.160689299481322223e+01
3.582123393911992970e+00
5.279794921287932929e+00
5.720550902429575757e+00
5.988263409204472865e+00
3.673677566361455593e+00
6.310651676564454249e+00
7.928339975040439747e+00
8.308269616260172796e+00
5.516603808249670671e+00
1.373983482832982617e+01
3.933186124954554330e+00
3.991610864438750017e+00
6.730969376720279840e+00
4.199042007897920925e+00
9.276283867198650057e+00
1.702664676486132578e+01
9.092593256210079744e+00
5.103327841296114720e+00
8.543508466460757234e+00
4.656959871592521338e+00
1.038983958227754734e+01
7.725447424462920765e+00
4.581849567713015325e+00
6.021540108022621851e+00
5.890798725045143236e+00
6.824174218884103915e+00
4.573430414978662206e+00
1.145249109195875548e+01
5.322485177287590297e+00
6.868332813638022394e+00
5.501202077338149365e+00
8.616049586062759502e+00
8.939580832489648188e+00
4.609963530926494357e+00
1.197854508481270663e+01
1.028894472298452811e+01
5.563044848609314919e+00
5.827741271666343259e+00
5.288603821137316530e+00
4.485512678830045452e+00
5.215370786345523868e+00
6.144456970439724053e+00
6.081751600281360304e+00
5.592611766721564237e+00
6.675016629438260907e+00
4.615080338522784764e+00
7.409869995347866833e+00
7.388782395291850769e+00
4.114732529484220080e+00
1.042377231225489531e+01
5.414938852838148797e+00
4.059223553121462658e+00
6.953270016783116070e+00
1.642849522573503762e+01
8.511660022596508668e+00
7.080562214596838544e+00
1.012648196472845186e+01
5.574973626720988840e+00
4.547217012263308433e+00
4.525055970890893953e+00
1.073840115691585950e+01
7.450428428547223092e+00
7.781092024295532816e+00
6.302168623041624507e+00
1.117553572204699819e+01
7.000212332462517395e+00
1.926093570415180167e+01
9.990355624356798359e+00
4.332877949905442172e+00
4.074417667652832975e+00
3.451686296254860675e+00
4.374168501946172682e+00
3.848619405745040911e+00
7.198117747900799834e+00
4.154834581113365566e+00
5.665599119249364435e+00
4.221581531543653121e+00
4.064923958222839140e+00
7.660758393958972512e+00
8.921896424416884130e+00
5.546467616277409363e+00
4.924757622963927162e+00
4.994955351065726745e+00
5.093598148737010334e+00
9.272151507841847717e+00
1.256474439278441402e+01
8.111024091572428318e+00
6.208673111592406535e+00
