2.969996449947357453e-01
9.375785946846008911e-02
9.264501905441284435e-02
9.211559987068176913e-02
9.225507903099060270e-02
9.239385175704956099e-02
9.241156554222107467e-02
9.218572020530700628e-02
9.217892599105835527e-02
9.218494629859924627e-02
9.249166560173034679e-02
9.238977456092833940e-02
9.229870390892028209e-02
9.231435537338256170e-02
9.231036829948424671e-02
9.248483014106750888e-02
9.205595350265502463e-02
9.208412432670592951e-02
9.178431463241577826e-02
9.178716707229614413e-02
9.179966950416565408e-02
9.202494168281555309e-02
9.176422238349914162e-02
9.178916287422179965e-02
9.143661093711853705e-02
9.166802453994750410e-02
9.132905673980712402e-02
9.141515278816222945e-02
9.135520839691162187e-02
9.124970936775207708e-02
9.106297850608825739e-02
9.124608159065246415e-02
9.126074457168578680e-02
9.115577888488769764e-02
9.118493485450744618e-02
9.208069372177124512e-02
9.209352135658263605e-02
9.231304311752319691e-02
9.211135506629944403e-02
9.192257308959961293e-02
9.125940299034118741e-02
9.171292734146117842e-02
9.190846514701843384e-02
9.185746359825133767e-02
9.217084026336669345e-02
9.174176788330078158e-02
9.190592527389526700e-02
9.178928041458130072e-02
9.185455250740051647e-02
9.177245044708251531e-02
9.182789731025696456e-02
9.178009843826294423e-02
9.185711932182312467e-02
9.171589279174804932e-02
9.223447775840759588e-02
9.198220586776732766e-02
9.172385191917419023e-02
9.241897058486937822e-02
9.192186164855957464e-02
9.190953350067138095e-02
9.225081658363341874e-02
9.225398755073546675e-02
9.246231508255005338e-02
9.195816993713379350e-02
9.202571320533751986e-02
9.235253667831420932e-02
9.258412981033324607e-02
9.258404231071472312e-02
9.254434704780578613e-02
9.221793866157532160e-02
9.228153157234192383e-02
9.221311259269714122e-02
9.245555996894835871e-02
9.249446487426757346e-02
9.266721343994140103e-02
9.245327186584473278e-02
9.248334741592406649e-02
9.279062700271606401e-02
9.268396067619323608e-02
9.204911541938781694e-02
9.206675362586974609e-02
9.264683103561401067e-02
9.233143973350524392e-02
9.277351498603821078e-02
9.239354205131530828e-02
9.285973310470581332e-02
9.274668955802917170e-02
9.297657179832458096e-02
9.284021925926208563e-02
9.293906927108765148e-02
9.278924560546875089e-02
9.302855086326598799e-02
9.213536953926086681e-02
9.197930645942688221e-02
9.250190663337708175e-02
9.252786040306090753e-02
9.239867353439330799e-02
9.284672284126281594e-02
9.310556960105896562e-02
9.317811250686645896e-02
9.303867769241333519e-02
9.292556476593018255e-02
9.295182919502258112e-02
9.322424507141113814e-02
9.215417265892028587e-02
9.296116471290588601e-02
9.299502229690551069e-02
9.303214311599732056e-02
9.299371218681334872e-02
9.342914199829101263e-02
9.375916123390197476e-02
9.351218318939208407e-02
9.330567765235900368e-02
9.374571061134338856e-02
9.362504863739014305e-02
9.297014617919921453e-02
9.279023456573486095e-02
9.220600390434265103e-02
9.261860322952270019e-02
9.237290358543395752e-02
9.277978634834289917e-02
9.296639943122864125e-02
9.312783169746398360e-02
9.312529182434081676e-02
9.264761734008788996e-02
9.290347886085510709e-02
9.248767709732055864e-02
9.152931690216065119e-02
9.161798739433288374e-02
9.277088022232055087e-02
9.254420995712279996e-02
9.249893069267273171e-02
9.277327036857604958e-02
9.317000222206116289e-02
9.336895775794983032e-02
9.330061340332031217e-02
9.270988535881043158e-02
9.386721897125244185e-02
9.348753333091736062e-02
9.328832221031188587e-02
9.329573726654052934e-02
9.333015179634093772e-02
9.344487380981444935e-02
9.319296050071716742e-02
9.350479936599731534e-02
9.370837712287902188e-02
9.334870576858519953e-02
9.352401947975158558e-02
9.372696566581725786e-02
9.221819019317627208e-02
9.241213774681091009e-02
9.362660312652587580e-02
9.361265850067138072e-02
9.389691662788390847e-02
9.331848287582397705e-02
9.361880183219910279e-02
9.355835914611816684e-02
9.334845328330994285e-02
9.381735873222350752e-02
9.401344561576843728e-02
9.404035401344298939e-02
9.346510624885559504e-02
9.347388505935669278e-02
9.187593793869018588e-02
9.309115099906921376e-02
9.223929762840271662e-02
9.320730113983154153e-02
9.323502135276794112e-02
9.293703246116638561e-02
9.255690455436706154e-02
9.246313166618347346e-02
9.243930530548095936e-02
9.254670858383179377e-02
9.232787942886352961e-02
9.222887992858887218e-02
9.192931461334229171e-02
9.278238129615783147e-02
9.252343511581420654e-02
9.271338534355164085e-02
9.238960742950438898e-02
9.244389915466308394e-02
9.225116419792175892e-02
9.283074855804443470e-02
9.389755415916442582e-02
9.364293336868285966e-02
9.409106564521789451e-02
9.391587090492248269e-02
9.400276327133179344e-02
9.407900524139403697e-02
9.341858720779419589e-02
9.355752491950988792e-02
9.422118997573852850e-02
9.373532128334045865e-02
9.422359418869018233e-02
9.403340220451354703e-02
9.376556944847107278e-02
9.418487811088561978e-02
9.445812392234802235e-02
9.418348860740662076e-02
9.454524898529052812e-02
9.379913425445556008e-02
9.398545813560485462e-02
9.403264999389648882e-02
9.354259419441222911e-02
9.330335807800292647e-02
9.333666324615479126e-02
9.337132406234741056e-02
9.363893318176269576e-02
9.422535157203673628e-02
9.411323881149291637e-02
9.405675840377807073e-02
9.353471660614014194e-02
9.450602412223815807e-02
9.357451200485229770e-02
9.425330281257629506e-02
9.415919828414917592e-02
9.425408744812011075e-02
9.382346677780151190e-02
9.330061483383178533e-02
9.380430793762206676e-02
9.394219756126404031e-02
9.390922784805297296e-02
9.387418341636658004e-02
9.355959939956665083e-02
9.363230872154236495e-02
9.353086972236633601e-02
9.356558728218078436e-02
9.323385310173035179e-02
9.261601972579956710e-02
9.304547119140625655e-02
9.253749942779540549e-02
9.244239735603332342e-02
9.239644122123717718e-02
9.447211289405822721e-02
9.420131134986876875e-02
9.363515949249268111e-02
9.240135550498962402e-02
9.365513253211975309e-02
9.406127262115478171e-02
9.421064639091492054e-02
9.327563858032227040e-02
9.388264966011047874e-02
9.400900697708129694e-02
9.422302174568175648e-02
9.356897282600402932e-02
9.413656282424927302e-02
9.411996769905089932e-02
9.382530379295349332e-02
9.440258216857910778e-02
9.404395318031311124e-02
9.428934788703918768e-02
9.387757873535156061e-02
9.417649412155151833e-02
9.360951638221740034e-02
9.399646568298339333e-02
9.414728093147277377e-02
9.393957924842834262e-02
9.477795815467834895e-02
9.466416597366332508e-02
9.396562933921813465e-02
9.477500510215759733e-02
9.441552853584289640e-02
9.501066446304320956e-02
9.481910181045531683e-02
9.393728280067444036e-02
9.506339573860168868e-02
9.471796274185180498e-02
9.458496284484863015e-02
9.475284886360169079e-02
9.556438970565796220e-02
9.474720835685729314e-02
9.492571902275084850e-02
9.513401508331298384e-02
9.464197754859923761e-02
9.426340508460998024e-02
9.463354444503783991e-02
9.324967408180237505e-02
9.493855142593383978e-02
9.488515138626098244e-02
9.460765409469604204e-02
9.477121663093567017e-02
9.455152416229248291e-02
9.496937656402587580e-02
9.504441714286804288e-02
9.497967171669007003e-02
9.461944198608399081e-02
9.448727107048034146e-02
9.436908173561096846e-02
9.477559781074523793e-02
9.490583348274231335e-02
9.486397433280945035e-02
9.462024426460266535e-02
9.453089714050293135e-02
9.481228756904601374e-02
9.511139345169067338e-02
9.516250777244568415e-02
9.506093430519103882e-02
9.507393693923950340e-02
9.501849126815796465e-02
9.506622815132141635e-02
9.506797242164612138e-02
9.503144979476928211e-02
9.513857698440551791e-02
9.469400763511658103e-02
9.532635903358459284e-02
9.396671962738037398e-02
9.515718388557434237e-02
9.503615856170653797e-02
9.510306954383850042e-02
9.470344543457030750e-02
9.497845768928528387e-02
9.516780614852905773e-02
9.497306585311889038e-02
9.469045495986938565e-02
9.486046028137207209e-02
9.461687469482421564e-02
9.512072038650512540e-02
9.463791418075560846e-02
9.462036848068237915e-02
9.455797338485717740e-02
9.437878894805908081e-02
9.422436308860779319e-02
9.448230266571044922e-02
9.400328540802002641e-02
9.405052995681763284e-02
9.429607725143432373e-02
9.457318305969238115e-02
9.434211301803588356e-02
9.422012376785278420e-02
9.405268788337707575e-02
9.414329195022583252e-02
9.429526162147522372e-02
9.333582210540770918e-02
9.524426484107971491e-02
9.494290995597839955e-02
9.496361279487609830e-02
9.541874742507934493e-02
9.538414430618286088e-02
9.537186384201050415e-02
9.499349403381347756e-02
9.476321840286254516e-02
9.529985904693603904e-02
9.499351119995116943e-02
9.520675373077393255e-02
9.553420066833495650e-02
9.477897000312805742e-02
9.526894164085387973e-02
9.553331971168517456e-02
9.530463600158690929e-02
9.442252182960510221e-02
9.520608425140381081e-02
9.447923898696899969e-02
9.550717735290527310e-02
9.470889735221862948e-02
9.418176937103271695e-02
9.461484289169311279e-02
9.485316443443297940e-02
9.423891425132752131e-02
9.445342063903808261e-02
9.478557109832763672e-02
9.464778232574462546e-02
9.494371461868286732e-02
9.489841032028198398e-02
9.505663371086120472e-02
9.391222333908080810e-02
9.492168545722962092e-02
9.482479047775269065e-02
9.489267253875732777e-02
9.462993144989013949e-02
9.424393892288207564e-02
9.354687190055846480e-02
9.476354503631591319e-02
9.500466227531433050e-02
9.520599198341370140e-02
9.496399712562561546e-02
9.471105980873108232e-02
9.453130388259887995e-02
9.391213703155518178e-02
9.329033660888672030e-02
9.375995373725891369e-02
9.292068743705748923e-02
9.278679180145263383e-02
9.411743664741516191e-02
9.503328275680542059e-02
9.461353373527527089e-02
9.463407611846923195e-02
9.456093883514404830e-02
9.474532365798950251e-02
9.446773719787597556e-02
9.422900819778443071e-02
9.361980080604553889e-02
9.412662172317505516e-02
9.401993775367736839e-02
9.416503834724426758e-02
9.375952124595642034e-02
9.360797262191772328e-02
9.362720513343811279e-02
9.364611244201660745e-02
9.403862857818603982e-02
9.364921140670776079e-02
9.402660489082335926e-02
9.421309280395508134e-02
9.394978618621825650e-02
9.401848793029785045e-02
9.407057499885558560e-02
9.411604046821593628e-02
9.529946398735046620e-02
9.500144672393798229e-02
9.582148075103759377e-02
9.517828512191772727e-02
9.508021020889281805e-02
9.405713224411010875e-02
9.595240974426269553e-02
9.532674336433411000e-02
9.495858335494995750e-02
9.519545030593871970e-02
9.585821437835694014e-02
9.503352189064026567e-02
9.501819729804993064e-02
9.313711643218994252e-02
9.438934326171874445e-02
9.519003176689147527e-02
9.567431950569152410e-02
9.547900152206420521e-02
9.508321428298950606e-02
9.500358867645262995e-02
9.549326062202453946e-02
9.503041386604309249e-02
9.502400112152099843e-02
9.485300731658935502e-02
9.468262028694153509e-02
9.435185527801513705e-02
9.510889172554015669e-02
9.464972138404846580e-02
9.554814124107360862e-02
9.533681392669678123e-02
9.466141200065612826e-02
9.539680004119872880e-02
9.509384274482726718e-02
9.551885962486267312e-02
9.499028563499450906e-02
9.329815340042114935e-02
9.389306592941283613e-02
9.583954167366028065e-02
9.438123536109924161e-02
9.516149044036864568e-02
9.596571302413940685e-02
9.543026137351989791e-02
9.533641791343688832e-02
9.464490532875061146e-02
9.550085330009459861e-02
9.528839707374572865e-02
9.612551474571227883e-02
9.642315602302550803e-02
9.619818830490112216e-02
9.615143013000487793e-02
1.007840287685394243e-01
1.038341178894043038e-01
1.040374383926391533e-01
1.036973986625671362e-01
1.046522345542907767e-01
1.040552654266357485e-01
1.047304463386535683e-01
1.025001041889190695e-01
1.041842138767242465e-01
1.039915783405303967e-01
1.046301105022430372e-01
1.054980909824371343e-01
1.044339513778686501e-01
1.040462012290954558e-01
1.043405625820159888e-01
1.035209984779357911e-01
1.036903007030487017e-01
1.033645033836364802e-01
1.031987226009368902e-01
1.034415626525878873e-01
1.031432547569274966e-01
1.041284682750701907e-01
1.032281913757324282e-01
1.033808944225311222e-01
1.029862191677093503e-01
1.005435104370117211e-01
1.046053738594055205e-01
1.047533268928527855e-01
1.037535855770111148e-01
1.038177485466003358e-01
1.041868455410003697e-01
1.036531376838684126e-01
1.043662078380584723e-01
1.044716725349426334e-01
1.037015945911407416e-01
1.033745870590210003e-01
1.034348480701446499e-01
1.041635038852691680e-01
1.038234767913818329e-01
1.040828065872192315e-01
1.042529816627502381e-01
1.043431072235107421e-01
1.034838705062866154e-01
1.040105288028717045e-01
1.046436553001403869e-01
1.044915153980255085e-01
1.044010064601898213e-01
1.040612776279449397e-01
1.040312583446502681e-01
1.040097689628601135e-01
1.037775018215179451e-01
1.036632418632507380e-01
1.037699036598205560e-01
1.040478899478912422e-01
1.043213989734649710e-01
1.040922882556915285e-01
1.033574035167694055e-01
1.043213732242584263e-01
1.043918943405151428e-01
1.045484230518341079e-01
1.032032663822174123e-01
1.037264368534088071e-01
1.041192984580993630e-01
1.045313408374786424e-01
1.048346049785613965e-01
1.042164511680603034e-01
1.037353143692016644e-01
1.038502914905548163e-01
1.043007748126983658e-01
1.039149825572967534e-01
1.038661360740661677e-01
1.044363214969634968e-01
1.048661549091339101e-01
1.044096515178680462e-01
1.047641739845275866e-01
1.033602325916290338e-01
1.021788954734802191e-01
1.019872097969055230e-01
1.014570267200470000e-01
1.011731958389282260e-01
1.010051326751709028e-01
1.016888794898986870e-01
1.010348584651947074e-01
1.010672369003295934e-01
1.004429578781127902e-01
1.012328703403472946e-01
1.005524942874908428e-01
1.011141092777252254e-01
1.012756242752075181e-01
1.008022420406341491e-01
1.009054880142211952e-01
1.002318542003631657e-01
9.948061943054199718e-02
1.001341707706451395e-01
9.997368240356445390e-02
1.004778721332550001e-01
9.908528137207031627e-02
9.996782541275024692e-02
9.955016779899597545e-02
9.925327157974242476e-02
9.945812106132506658e-02
9.951247072219848722e-02
9.898438715934752830e-02
9.870433688163757213e-02
9.830008244514465421e-02
9.818321800231934182e-02
9.905667352676392201e-02
9.874879980087279685e-02
9.893928980827330910e-02
9.856468558311462513e-02
9.821661972999572165e-02
9.879685807228087702e-02
9.895763373374938388e-02
9.820931196212769054e-02
9.855089735984802479e-02
9.803330779075622448e-02
9.785660529136658292e-02
9.764243221282958851e-02
9.789058780670166493e-02
9.735817122459411443e-02
9.874227976799011819e-02
9.731285834312439209e-02
9.853029322624207165e-02
9.742066240310669201e-02
9.645117902755737105e-02
9.721078372001648593e-02
9.735563540458679055e-02
9.830254340171813709e-02
9.822422242164612072e-02
9.772483611106871915e-02
9.839867043495177656e-02
9.809178709983826239e-02
9.738006043434142833e-02
9.798519659042358165e-02
9.678298282623290505e-02
9.668561792373657482e-02
9.746645689010620395e-02
9.735557246208191573e-02
9.760074305534362227e-02
9.612820720672607400e-02
9.621745848655700872e-02
9.586448121070861861e-02
9.588694310188293490e-02
9.551389384269713678e-02
9.531957530975342097e-02
9.561132431030273937e-02
9.551515364646911976e-02
9.512669801712035633e-02
9.567302656173705400e-02
9.616721343994140414e-02
9.558653759956359242e-02
9.601748466491699663e-02
9.577087259292602073e-02
9.541180634498595825e-02
9.550934171676635220e-02
9.551905655860901123e-02
9.538373494148254250e-02
9.543525266647338856e-02
9.514947915077209828e-02
9.495552277565003085e-02
9.413007545471191451e-02
9.457052254676819036e-02
9.439528584480286200e-02
9.452580690383910467e-02
9.435119986534118430e-02
9.397664165496825983e-02
9.390926599502563699e-02
9.381944847106933605e-02
9.337663245201111017e-02
9.339877820014953758e-02
9.340638470649718916e-02
9.349603748321533292e-02
9.498716616630553666e-02
9.482228922843932706e-02
9.491480588912963590e-02
9.544155478477478471e-02
9.473106384277343861e-02
9.372972512245178467e-02
9.502703690528870040e-02
9.506841254234313365e-02
9.506196904182434571e-02
9.425492238998413319e-02
9.554342937469482988e-02
9.516292047500610196e-02
9.506696820259094571e-02
9.364115595817565363e-02
9.482630562782287664e-02
9.543572235107421198e-02
9.515141105651855891e-02
9.506820201873779352e-02
9.557680010795593928e-02
9.513059949874877463e-02
9.538354730606078691e-02
9.555848550796508523e-02
9.546814489364624512e-02
9.568436789512634044e-02
9.644126486778259455e-02
9.616567873954773304e-02
9.598882699012756259e-02
9.669962334632874190e-02
9.612765908241271973e-02
9.633183455467224376e-02
9.603754901885985795e-02
9.604295945167541648e-02
9.547197818756103516e-02
9.637826204299926314e-02
9.598341727256774758e-02
9.664287805557250643e-02
9.614877271652221002e-02
9.590894198417664052e-02
9.609409570693969171e-02
9.568011546134948253e-02
9.573102617263794245e-02
9.614767646789550148e-02
9.622989439964294012e-02
9.654852271080016646e-02
9.611520552635192949e-02
9.623188233375548628e-02
9.605547690391540161e-02
9.635330414772033669e-02
9.611383485794067205e-02
9.649388027191162231e-02
9.602559781074523904e-02
9.464010858535766568e-02
9.515211677551269065e-02
9.600173974037171098e-02
9.624574995040893755e-02
9.654997038841248158e-02
9.636913251876831621e-02
9.645037102699280385e-02
9.651653146743774392e-02
9.677013540267943859e-02
9.634581041336059970e-02
9.706384801864624545e-02
9.666379189491272617e-02
9.629395079612732000e-02
9.636305141448973932e-02
9.640584135055542403e-02
9.623095560073852139e-02
9.683792161941527643e-02
9.674985146522521728e-02
9.584318184852599898e-02
9.685615968704223977e-02
9.665644645690918413e-02
9.637904405593872292e-02
9.677974295616149913e-02
9.645811080932617521e-02
9.620026063919066839e-02
9.648635053634643799e-02
9.553267145156860152e-02
9.657712411880493841e-02
9.625902414321899081e-02
9.377454614639282870e-02
9.519894433021545976e-02
9.587412261962890980e-02
9.608678531646729082e-02
9.621855783462524014e-02
9.617856717109679598e-02
9.584555435180663885e-02
9.616321182250976707e-02
9.603783464431762951e-02
9.602792239189147927e-02
9.598101496696472001e-02
9.593455910682678611e-02
9.590816545486449685e-02
9.576862359046936501e-02
9.584692502021789628e-02
9.520954608917236994e-02
9.511753463745117876e-02
9.645668601989745850e-02
9.602026844024658114e-02
9.659931492805480524e-02
9.739084029197693504e-02
9.690124154090881681e-02
9.669338464736938754e-02
9.629839730262756969e-02
9.688387799262999922e-02
9.634720969200134821e-02
9.627227497100830644e-02
9.626674437522887706e-02
9.617198443412780517e-02
9.651758241653442261e-02
9.678273439407349132e-02
9.643785119056701161e-02
9.651271963119506525e-02
9.667827367782592940e-02
9.714932060241698863e-02
9.694842839241027410e-02
9.684380459785461859e-02
9.657079410552978083e-02
9.676171302795409657e-02
9.624499535560607222e-02
9.681304836273194048e-02
9.664597249031066373e-02
