1.533031844009836959e+02
1.384454033181862371e+02
1.745530453043549812e+02
1.666745898295948223e+02
1.512526607531874561e+02
1.411403252490740670e+02
1.265687555794919916e+02
1.220327747685469149e+02
1.252264747729822005e+02
1.200483027553916315e+02
1.124892254561028722e+02
1.133203000896985060e+02
6.884176099004517368e+01
8.628313240109117999e+01
6.469810930492505463e+01
6.073683103918227033e+01
9.183520323512465211e+01
5.523186897833853237e+01
6.518822876090892748e+01
5.486584149802192911e+01
4.848029208794730494e+01
4.296138217398501524e+01
4.068123883344660641e+01
4.534854030995929008e+01
3.613917852495218597e+01
2.643998049401614026e+01
2.837945710004924038e+01
3.007705915467995794e+01
3.243350357640989046e+01
2.335559359502612153e+01
3.216303366559647259e+01
1.883667556454011205e+01
2.555115663062627718e+01
2.848832373543444874e+01
3.547656265612425841e+01
1.168624855644443983e+01
2.221821326126576324e+01
2.865832021788052586e+01
3.863048613169229384e+01
1.812884490961368300e+01
2.006134660534481995e+01
2.069724972897531856e+01
2.778130601107758224e+01
2.984289515468427467e+01
1.482994174632741391e+01
1.585202620966590992e+01
2.402707834725017833e+01
1.533967076828702325e+01
1.449260397744779816e+01
1.864505280617326477e+01
1.619060374856668716e+01
1.070292067082911913e+01
2.267642195219293200e+01
3.504509203572896325e+01
2.125088878744928778e+01
2.327342123112649119e+01
3.319730289986012650e+01
2.577545651422465767e+01
3.075980511470574896e+01
1.061490836206956523e+01
2.733095742406582929e+01
2.035554384923552718e+01
2.472190308839279638e+01
1.361096924776781059e+01
1.943900817854263252e+01
1.472968014195428843e+01
1.354947768472095682e+01
1.557680514998295429e+01
1.799750247773168965e+01
1.303442366662453544e+01
1.593183355746355190e+01
2.639327432790550176e+01
3.010880724439807921e+01
1.975330270189650150e+01
2.290122371657577460e+01
2.052045273017160909e+01
2.102916968567296152e+01
1.862733967324144757e+01
2.129567404328839331e+01
1.164182190794060823e+01
1.916938234092678073e+01
2.356854760287228245e+01
9.741092892338981457e+00
9.817046692066982772e+00
1.884977013264757062e+01
1.824879298964127017e+01
1.961043265746149800e+01
2.019338318244657771e+01
1.255744303195758960e+01
7.105295466989307585e+00
1.076313815390408557e+01
2.098680612923400801e+01
6.686193386443015640e+00
1.608978386411863326e+01
1.311744418938571499e+01
1.766663342407474602e+01
1.749290798974478989e+01
1.357982377721556766e+01
2.309283257406683632e+01
8.923664755274302252e+00
8.521430480688980680e+00
6.884591223703792728e+00
1.035677092906046504e+01
9.419668089293562474e+00
1.110305852836670581e+01
1.415188767091357924e+01
2.348424464923115806e+01
9.389931007565124332e+00
1.223044756407623623e+01
1.077815832169715904e+01
1.263364788645874093e+01
8.528861037924805544e+00
7.516435371759576434e+00
6.882230547344645011e+00
1.445661708790737876e+01
1.568263216409398453e+01
8.648554186779328745e+00
1.424082118231180338e+01
7.349483931133005576e+00
1.707031807739652862e+01
1.559988367731749292e+01
1.388997027694231257e+01
1.177150633827359094e+01
1.040582172396667282e+01
1.392736250616781923e+01
1.137476691678356389e+01
4.867947429711965590e+00
1.422516348882495052e+01
5.272475940902617708e+01
2.978236426601070264e+01
9.646361066825066999e+00
5.645734631974313800e+00
7.490684677422855486e+00
1.554678841514568255e+01
1.410951410444976162e+01
8.170680420992736614e+00
8.677462780845404566e+00
1.775099958207148987e+01
7.454975881826054973e+00
1.082151226679068401e+01
1.268781513622116641e+01
1.038942130122752161e+01
7.680241643180052868e+00
1.224307477349794127e+01
8.170876629355745990e+00
9.592541404567288765e+00
7.557700355693141248e+00
1.817686092799262099e+01
2.491779216031224919e+01
1.331043011583066082e+01
9.722852052426690150e+00
1.270023270646862201e+01
1.010524965761127625e+01
9.897610334320084746e+00
1.337424187733641112e+01
1.014449794290016094e+01
8.212489193890139205e+00
1.845857801947233057e+01
8.262773188807225111e+00
7.770772158867126578e+00
1.261172870368325505e+01
8.382436339578445583e+00
1.021886878040822566e+01
1.122633912774525022e+01
2.025216938805062128e+01
9.456047562610491397e+00
8.317367245893105832e+00
1.841125101935859476e+01
1.586407311151208077e+01
6.156632590898490243e+00
6.897734295675474137e+00
9.802983759718646439e+00
5.525173897919811949e+00
4.180165477076999991e+01
5.756586122117512083e+00
1.620749071029802479e+01
3.330030492703874501e+01
9.859890624079103105e+00
7.130218129056421716e+00
7.829475369550220165e+00
9.460382986762960300e+00
8.396694287421903269e+00
2.685787154006418476e+01
1.258172268530539029e+01
9.145460951570901997e+00
1.549407242980976562e+01
7.920457640589064319e+00
1.127052239694685198e+01
6.004405992576711704e+00
6.234577419690867650e+00
6.692431828918658177e+00
7.361758240617836790e+00
4.232828109961506868e+01
1.189483109501533420e+01
3.137140942726500725e+01
1.394832014111686291e+01
1.414773653297778466e+01
2.164072748433919458e+01
5.528468737532263866e+00
1.731562416341071042e+01
7.344235770918976058e+00
9.753202664211546136e+00
3.578593493295571193e+01
5.145655807052597908e+01
8.103774894910447557e+00
3.078657206364907850e+01
6.225412860765580092e+00
1.111454497493734372e+01
7.389499482802949437e+00
1.392875414891080865e+01
1.087789599947497443e+01
9.119330501510752640e+00
8.546107023185250284e+00
2.902067543415942552e+01
4.047329896000520222e+01
5.715604193622563223e+00
1.644673272819019871e+01
2.589368150073422115e+01
1.015575766846710870e+01
1.225671012348916200e+01
5.131508789103283341e+00
8.358735071303163622e+00
6.742392819053715236e+00
1.532850357476039171e+01
2.128686047255451541e+01
8.675863885928633223e+00
1.784195633721363450e+01
8.003737185116747810e+00
1.031190299350847894e+01
5.400906463088021070e+01
9.117844671979581150e+00
7.337701952134263017e+00
6.633826418241969947e+00
1.291146655996838355e+01
6.794188183770989653e+00
8.929034878857224911e+00
7.210651468231353611e+00
1.140001744444712095e+01
9.783298554351048892e+00
1.379476749182073192e+01
8.297843610705085027e+00
1.298758389694954651e+01
6.909616120227925151e+00
5.873110995440339543e+00
1.256463762413914687e+01
3.597916364370097853e+01
1.018802957011713239e+01
9.774109908482239817e+00
1.349846818514717306e+01
1.861836063870005376e+01
1.859524254887451278e+01
1.511033147274349808e+01
9.432853144304198523e+00
1.090629722225205889e+01
1.525954178412416340e+01
2.547410933471431349e+01
6.442130862753637111e+00
6.726143865455873616e+00
1.047743916175374856e+01
5.603153856239661934e+01
1.049740130282570583e+01
5.521427984428243896e+00
4.079954110096333864e+01
7.005663812812676916e+00
5.946510040627649651e+00
1.593943841282989737e+01
1.421078761956656678e+01
1.762948982121019625e+01
7.046678794296671100e+00
9.931333536546439689e+00
2.511921670470826129e+01
9.432167240249206941e+00
3.521513417937557477e+01
4.350281048358898062e+01
4.130035787775248934e+01
5.510627757597394982e+00
6.783016317464103828e+00
8.275309279336985568e+00
9.021661438478959738e+00
1.137124119917262810e+01
6.121289609622230898e+00
1.148234589313559084e+01
5.299431933672684281e+00
6.144554934208154684e+00
4.438411940155406299e+00
1.969076377679443013e+01
7.362009811595615183e+00
1.542364292228378453e+01
9.176451138217261772e+00
5.712785752049958532e+00
8.176022718496509967e+00
1.128233642727221664e+01
4.821775785029750239e+00
1.560719399304572974e+01
1.080241876709710347e+01
9.919971300991806018e+00
1.651894567804223257e+01
1.243177504434994951e+01
2.600669010718277008e+01
1.352680433858633435e+01
2.011980392195117773e+01
2.815072088104909298e+01
1.730412756709418076e+01
3.094078707673079265e+01
4.978981729359716724e+01
1.832631575973269378e+01
7.491012049317338040e+01
2.152979857469652103e+01
1.442469245417825618e+01
8.769759741087568727e+00
1.695420121842937178e+01
5.981937194092990495e+01
4.574369288354017016e+00
3.016804387212047089e+01
7.700919776511065074e+00
5.118121337215979061e+00
7.450858707326947439e+00
8.427445724642749880e+00
8.952598724514798434e+00
3.074788467122428770e+01
1.188392638589795247e+01
1.341137107705229248e+01
1.646372438684321793e+01
2.251915506379155829e+01
1.416421171513449373e+01
5.655088332658705141e+00
9.832804848853665902e+00
4.783381653949060563e+00
3.503611652037643864e+01
2.212225948692371702e+01
7.365934571937038378e+00
2.696013134113955090e+01
4.484625070193921204e+01
6.152767348340491438e+00
2.759213525324153693e+01
8.068159491421813101e+00
2.254318600809643769e+01
7.943747743659240967e+00
8.137703412682624204e+00
1.664253319024363265e+01
6.446604721337197752e+00
1.070945041904273332e+01
5.977547848419887622e+00
4.090422086619504682e+01
9.007820036939040875e+00
5.678986188564199011e+00
9.560040715993130434e+00
