3.808396306037902801e-01
8.095376634597778454e-02
8.003391623497009555e-02
8.028889966011047707e-02
7.941248822212219893e-02
8.029073715209961160e-02
7.991090607643126786e-02
7.984933829307555575e-02
8.017649483680724942e-02
7.969095492362976429e-02
8.065783357620238958e-02
8.046992254257202826e-02
7.834126734733581898e-02
8.029069733619689786e-02
7.998006963729858976e-02
8.046170687675475997e-02
8.008480072021484375e-02
7.968450260162353305e-02
7.979806256294250111e-02
8.028030419349670155e-02
7.965721106529236040e-02
8.120385527610779475e-02
8.078609251976012762e-02
8.019497823715210361e-02
8.066475439071654763e-02
7.865373587608337491e-02
7.824227428436279774e-02
7.930558967590331521e-02
7.707094240188598622e-02
7.834204959869384144e-02
7.883866786956787720e-02
7.821299791336060181e-02
7.851040148735045909e-02
7.883797669410705367e-02
7.845055794715881381e-02
7.871494817733765137e-02
7.814933705329894786e-02
7.902737402915954723e-02
7.970117974281311357e-02
7.955008077621460172e-02
7.950252795219421575e-02
7.923365187644958174e-02
7.984865164756774214e-02
7.905958461761473932e-02
7.845972394943237505e-02
7.944346976280212969e-02
7.833939242362976396e-02
7.840408420562744451e-02
7.899503183364868508e-02
7.868948626518249001e-02
7.931872773170471624e-02
7.953150129318237171e-02
7.826450824737549161e-02
8.001535749435424727e-02
7.875620341300963723e-02
7.881603074073791071e-02
7.881450200080872270e-02
7.881259441375731978e-02
7.903977823257446467e-02
7.856005263328552646e-02
7.761120462417601951e-02
7.985340571403502785e-02
7.977564477920531805e-02
8.005132651329040228e-02
8.087594556808472279e-02
8.007612013816833851e-02
7.983958864212035988e-02
8.056450033187866067e-02
7.951794004440307373e-02
7.985233902931213046e-02
7.998883557319641513e-02
7.958666229248047286e-02
7.956778264045714921e-02
8.005385971069335638e-02
8.032689142227172896e-02
7.945393729209900002e-02
7.824788546562194691e-02
7.951624989509582797e-02
7.977915263175963667e-02
8.029948139190673517e-02
7.947304487228393222e-02
7.952660751342773005e-02
7.966034364700316783e-02
7.913954877853393577e-02
7.833054900169372781e-02
7.948181009292602794e-02
7.979813385009765225e-02
8.073127794265747004e-02
8.046682691574096047e-02
8.052043390274048196e-02
8.018510150909423373e-02
8.144953513145446189e-02
7.986174559593200994e-02
8.061297702789306519e-02
8.057882714271545621e-02
8.066289949417114469e-02
8.040740180015563954e-02
8.081847023963928400e-02
8.030816388130188055e-02
8.004102349281311257e-02
7.893530774116516713e-02
7.863074874877930276e-02
8.039035987854004084e-02
7.966262412071227483e-02
7.978433012962340976e-02
7.962795996665954223e-02
7.962982058525085172e-02
8.007405090332031516e-02
8.000808238983153631e-02
7.951398086547852018e-02
8.047026681900024125e-02
7.855028963088989125e-02
7.864920425415039551e-02
7.946486377716063809e-02
7.963252353668212602e-02
8.068083786964416748e-02
8.036176514625549550e-02
7.907646441459656450e-02
8.004967141151428378e-02
8.001963949203491633e-02
8.080479383468627819e-02
8.003460049629211592e-02
8.008850336074829768e-02
8.060837268829346147e-02
7.965816092491150024e-02
7.838016438484192439e-02
8.020612001419066828e-02
7.956093740463256181e-02
7.967373681068420921e-02
7.955495405197143821e-02
7.994655656814575462e-02
7.976483225822449119e-02
8.040952157974243231e-02
7.906557297706603982e-02
8.024337172508239080e-02
8.014324498176574052e-02
8.005656552314757701e-02
8.015330386161803600e-02
8.099723148345946977e-02
8.039048624038695745e-02
7.889901971817016302e-02
7.699606490135192660e-02
7.888224935531616688e-02
8.007785010337829801e-02
8.024682736396789029e-02
7.986285209655762107e-02
8.003698635101318126e-02
7.927000236511230757e-02
7.920967650413512917e-02
7.884857583045959406e-02
7.969464421272277888e-02
8.055656933784484386e-02
8.047293734550475808e-02
8.046934390068054277e-02
7.969287681579589888e-02
8.027365159988403276e-02
8.053118085861206421e-02
7.796213054656982167e-02
8.074976015090942760e-02
8.077564525604248591e-02
8.075710558891296964e-02
8.134709763526916382e-02
8.028536891937256004e-02
8.008074283599853072e-02
8.040198707580566151e-02
7.920501041412353338e-02
8.103954887390137085e-02
8.092419219017028820e-02
8.088429331779480036e-02
7.953136491775512906e-02
7.943565201759338057e-02
7.957737302780151789e-02
7.974685978889464733e-02
7.917738342285156328e-02
8.001562094688415006e-02
7.972341871261597046e-02
7.976220583915710760e-02
7.983921432495116877e-02
8.007203125953674117e-02
8.056075978279113314e-02
8.020799088478088035e-02
7.910935306549071733e-02
8.016484403610230070e-02
7.983771610260009810e-02
8.021475315093994085e-02
7.990598773956299194e-02
8.018544864654540694e-02
8.045270633697509943e-02
8.069307899475097745e-02
7.979889512062073031e-02
8.121925520896910999e-02
8.080258893966674183e-02
8.086937141418457098e-02
8.118518185615539173e-02
8.108533859252929632e-02
8.099411821365357089e-02
8.188925313949585449e-02
7.795030331611632612e-02
8.048788094520568925e-02
8.165798163414000888e-02
8.140577363967894942e-02
8.215559172630310103e-02
8.188413667678832997e-02
8.100980663299560403e-02
8.104040408134460804e-02
8.021434211730957275e-02
8.128223371505736983e-02
8.177442908287048395e-02
8.149900555610656294e-02
8.110344457626342263e-02
8.215181040763855358e-02
8.275180697441100741e-02
8.428234148025512407e-02
8.467414021492004894e-02
8.597051453590393022e-02
8.554365706443786688e-02
8.545197010040282704e-02
8.539391970634460649e-02
8.510070610046387152e-02
8.499588608741760754e-02
8.525541877746581343e-02
8.402040028572083097e-02
8.450541496276856024e-02
8.494392466545104547e-02
8.545756316184997814e-02
8.506377291679381725e-02
8.012428927421569314e-02
8.077584147453308050e-02
8.015517711639404130e-02
7.922071218490600586e-02
8.083215928077697177e-02
8.107934522628784668e-02
8.026573133468628551e-02
8.106804084777831376e-02
8.124649882316589689e-02
8.099858045578002541e-02
8.166341733932494518e-02
8.035510897636413685e-02
8.204904270172119762e-02
8.291650819778442760e-02
8.260524010658264193e-02
8.246376132965087258e-02
8.233825278282165538e-02
8.203269863128662132e-02
8.221711421012878329e-02
8.169931387901306630e-02
8.296209716796874856e-02
8.269679856300353460e-02
8.269590044021606079e-02
8.260134959220885587e-02
8.277132630348205122e-02
8.296855950355529197e-02
8.381964635848998535e-02
8.218703985214233232e-02
8.316205406188964533e-02
8.022162270545959983e-02
8.023365354537963234e-02
8.167833638191222823e-02
8.274261283874512207e-02
8.235391044616699463e-02
8.154914498329163264e-02
8.105206537246703591e-02
8.170838141441345848e-02
8.179771399497985651e-02
8.238634943962097612e-02
8.266680192947387096e-02
8.209065222740173640e-02
8.190393424034118908e-02
8.139679765701293701e-02
8.122761511802673029e-02
8.239698982238768954e-02
8.142505693435668490e-02
8.079132485389708962e-02
8.116879034042358276e-02
8.096353578567504206e-02
8.099536657333374079e-02
8.014636850357055586e-02
7.095078229904175360e-02
7.081621074676514027e-02
7.143758487701415416e-02
7.147346854209900291e-02
7.122276115417480735e-02
7.148867249488830011e-02
7.159050083160400924e-02
7.053552985191345603e-02
7.042831921577454024e-02
7.054100036621094305e-02
6.970550131797791094e-02
6.931344270706177313e-02
6.918163824081420554e-02
6.933467555046081421e-02
7.024840331077575328e-02
7.023411273956298162e-02
7.044719696044922375e-02
7.030770897865296076e-02
7.094196581840514493e-02
7.115521264076232755e-02
7.089049839973449174e-02
7.075570893287658203e-02
7.153016066551208529e-02
7.153522038459778076e-02
7.148405456542969438e-02
7.172161793708800581e-02
7.149883913993836104e-02
7.150524616241454856e-02
7.157429027557372925e-02
7.178768301010131359e-02
7.168057513237000022e-02
7.211519432067871327e-02
7.172219324111937799e-02
7.198321461677550936e-02
7.199985051155090299e-02
7.074744844436645086e-02
6.962520146369934049e-02
7.016779780387878696e-02
7.015127062797546498e-02
6.996906113624572210e-02
7.073935532569884665e-02
7.021084856986999079e-02
7.036856269836425093e-02
7.010159468650817294e-02
7.107202553749084051e-02
7.050694727897643954e-02
7.142200994491576527e-02
7.126752877235412176e-02
7.135049510002136608e-02
7.122773480415343916e-02
7.105226421356200528e-02
7.139387655258178089e-02
7.202505111694336437e-02
7.165210890769958818e-02
7.181107378005981146e-02
7.192312169075011641e-02
7.171564102172851840e-02
7.145582413673401412e-02
7.162550330162048562e-02
7.166372203826903986e-02
7.168985152244568282e-02
7.187304162979125943e-02
7.166682171821593672e-02
7.153130388259887340e-02
7.073203802108764260e-02
7.082694363594055353e-02
7.067931199073791693e-02
7.068979811668396618e-02
7.078462123870848943e-02
7.187133431434630793e-02
