1.503196884600773160e+02
1.358169489185025611e+02
1.526225712795859408e+02
1.558266610980993221e+02
1.526075123022682192e+02
1.494217427842252448e+02
1.369479572074730811e+02
1.126480784103532926e+02
1.073519076685062572e+02
1.125072007650716444e+02
1.202378975332782289e+02
1.317832994796305286e+02
1.166830407635050761e+02
1.062850222808152978e+02
1.296546142517278781e+02
1.286351747677239814e+02
1.097879257582965806e+02
8.468766726351547902e+01
1.341102284753769993e+02
8.951400498885000445e+01
1.461772280918862634e+02
1.291015502599658475e+02
1.205634503939892141e+02
1.110416043739140548e+02
1.233337778352235148e+02
1.255349412402369040e+02
7.343514805005658275e+01
1.007576623251022880e+02
4.775464126285866229e+01
1.063475170781813972e+02
5.187767230811454766e+01
7.556406191118254867e+01
9.760055480390376204e+01
9.831760455121029452e+01
4.511051264231238633e+01
2.623663974449542380e+01
6.335743469830955377e+01
5.822998444093441606e+01
6.484374343679728270e+01
6.132420301489335657e+01
5.745806880468484223e+01
6.040728819636914437e+01
3.829574634033417624e+01
3.404652012437420439e+01
7.401333723490132854e+01
4.139466043683550112e+01
4.187695105967969766e+01
3.871790284728257348e+01
3.977991662126829198e+01
2.313885344401095168e+01
2.213667630434787981e+01
2.991168825135765275e+01
2.137007125597478918e+01
1.531418474524249973e+01
1.792623779904436532e+01
1.901478151228963043e+01
2.057935523073675910e+01
1.833478173019498669e+01
2.453633588099163276e+01
1.777977050688267013e+01
2.116414442535454299e+01
3.056088451664697914e+01
1.663162390639390864e+01
2.051799429862322910e+01
2.289788080456786545e+01
2.234107562306637362e+01
1.205646392319314764e+01
9.153405055790445388e+00
1.933940887105502071e+01
1.293652543655452014e+01
1.468960172296766231e+01
1.275426902918309402e+01
9.607984441736055814e+00
1.581287942021004511e+01
1.526300075289529978e+01
1.550353212765919508e+01
1.961586228445369784e+01
1.367282871475574524e+01
1.191149343689770390e+01
1.975581939167518186e+01
1.544939057392546289e+01
2.347953256005644107e+01
2.042346937554562203e+01
1.151142417934688567e+01
1.441976441730821357e+01
1.423469697830247149e+01
1.204323016488407028e+01
1.205210392078018522e+01
1.427082926571388555e+01
1.476004149025927248e+01
1.023479403389401909e+01
1.106713332075405098e+01
6.722450577557548712e+00
1.482452158651851093e+01
1.305627933128325147e+01
1.124801908817791407e+01
1.254436223029704323e+01
1.381764272208953237e+01
7.377151477586534334e+00
1.824645222003700340e+01
1.139553275980470382e+01
7.264399639877971104e+00
1.127011254035603116e+01
9.334981771072881074e+00
1.514738790583569461e+01
2.580294670569454141e+01
3.314623248798212529e+01
1.060033329047934103e+01
8.706995994098907232e+00
1.172858338191032779e+01
1.148200820389608623e+01
9.734586249134931535e+00
9.892735793146588463e+00
1.176257405615808516e+01
1.005683050381208687e+01
8.055945410964598707e+00
1.570655168802705681e+01
9.412855778725070621e+00
1.139250864741063829e+01
7.984114949439919506e+00
8.290308113344604379e+00
1.164842402228867080e+01
1.682228754942297044e+01
1.204302605864840636e+01
1.716357118420410188e+01
1.221148564824162897e+01
1.194082341962927174e+01
9.049434656693707169e+00
1.169336686012050741e+01
1.149652960723250494e+01
9.811006946505756332e+00
1.235820341948567425e+01
2.575183348799710359e+01
6.798674877893021495e+00
9.220550579007214864e+00
1.007261950793346372e+01
1.419019710700492354e+01
1.378861679453936162e+01
1.210007505621002721e+01
8.378574457471286152e+00
1.863049598318309563e+01
1.661539312961910753e+01
1.696712158981387830e+01
2.313191682374386460e+01
1.750233799088610454e+01
9.657625693854557269e+00
9.775952093359146389e+00
1.007526142294830862e+01
1.422307826256675689e+01
9.433058974295652988e+00
1.707716159760876451e+01
7.262376512518331495e+00
8.472140190710879537e+00
7.602843911330039894e+00
1.155496567503691097e+01
2.114836990537746075e+01
8.823042330607433925e+00
6.436573863239804183e+00
1.630688653932618948e+01
2.126076587202290824e+01
1.351674639428538605e+01
1.496954016357312156e+01
1.160655461772678798e+01
1.491278232126197700e+01
6.755631458690113611e+00
1.395769349422602801e+01
9.983606193040987620e+00
9.463679541196841072e+00
8.983498329091618828e+00
8.155622169817364764e+00
1.096680882590164607e+01
7.767237587363071682e+00
7.373994028343637375e+00
1.050489568156963038e+01
9.571496115233923518e+00
9.931402495182849677e+00
7.912922481757009407e+00
1.268386090530974464e+01
8.114034380872601204e+00
7.991177386019668205e+00
7.409459370513259202e+00
4.592445540293035755e+00
7.849801798008584797e+00
4.811571193195175233e+00
1.720683100691173095e+01
1.003830183637334095e+01
9.259390954588564426e+00
7.243431191749347242e+00
5.317395926974089804e+00
9.055629179695978692e+00
5.693523959552520886e+00
5.626119404240711219e+00
4.845355636059080595e+00
1.347091280991263496e+01
5.933435617672232709e+00
7.364859571601157562e+00
1.182071202581773761e+01
9.720590055153886411e+00
6.423062967157739500e+00
1.316343144049972835e+01
5.275782380486551126e+00
5.522124244189307696e+00
6.131883192246944780e+00
5.366217594358211329e+00
9.835365220412477072e+00
6.641958554139744564e+00
7.766737587981346280e+00
4.184247688678036425e+00
6.093573340787437509e+00
9.108871306696666892e+00
6.822400649260416117e+00
5.461092024792469246e+00
8.279052865903762992e+00
8.129698989001362008e+00
4.774160540635494776e+00
5.880292587838697571e+00
5.029251352205446501e+00
5.307184811744239283e+00
7.666205615299134024e+00
9.993150176860316591e+00
6.867522571430385803e+00
5.063762841718536301e+00
1.596732319819723500e+01
6.130252840537063541e+00
8.762380385478675038e+00
5.870666650233779649e+00
1.150920199606500027e+01
4.178786321581985597e+00
6.174602474358100501e+00
1.041498109568601471e+01
1.104218101517493089e+01
7.496895211601838582e+00
2.076826153870083758e+01
7.363562651124223812e+00
1.245246457857640188e+01
1.065499897150782083e+01
4.427512421964935108e+00
1.155424674743609081e+01
6.405819945168690133e+00
5.658894073618403020e+00
6.249196490670741788e+00
1.025112798902509148e+01
7.525795552912674324e+00
2.552759222142104889e+01
1.004382631637858125e+01
1.192951311204446618e+01
1.478588086543297564e+01
7.215977154928228110e+00
7.637992663723991882e+00
5.852798246675387617e+00
6.634145814336189773e+00
1.555243508540413977e+01
1.569069794775870008e+01
1.264825410398290728e+01
5.764512741114701022e+00
3.149495953472929877e+00
6.918590924599707037e+00
6.533841640495747782e+00
7.156906035217646789e+00
6.681371877879612953e+00
1.143031468196448408e+01
5.113751322408779387e+00
8.479683792924030072e+00
6.448106044921289914e+00
5.883361113776873097e+00
1.091805054919878160e+01
3.933300505348567011e+00
1.300196210646769046e+01
7.428448672524574192e+00
5.651593558233461323e+00
7.941717724358491992e+00
1.331431535084447049e+01
6.877863545129986100e+00
6.755769025362923230e+00
8.412791548729167346e+00
6.920504450759380255e+00
6.223080034722800136e+00
6.266497580944331069e+00
1.116787735989285935e+01
3.964480408814984536e+00
6.414307982809537734e+00
5.960619021575122467e+00
5.447483719084906362e+00
9.046091471154840136e+00
6.736477819905246633e+00
8.797647376808306774e+00
8.690308395942718533e+00
5.609966618118108705e+00
8.436634620353624214e+00
1.414613643990762348e+01
1.668306900505589496e+01
8.534565624723263966e+00
4.766881891924383829e+00
1.569885140641986609e+01
4.483015681362386040e+00
5.702560073837084964e+00
7.666777697358478250e+00
1.825525610629262374e+01
8.710958035114167330e+00
6.499243832590910763e+00
7.473943165814650236e+00
4.103403221079383378e+00
8.106372200654972104e+00
1.293832973253611307e+01
9.357709103281676377e+00
9.183390435480520253e+00
5.960726700594242367e+00
1.278127057064367023e+01
5.779025934756284677e+00
8.227436072934576572e+00
4.821505740212776203e+01
6.232554426141559745e+00
3.842957987221152116e+00
5.737778325683201786e+00
9.020353946988272753e+00
5.386965764968064008e+00
7.674101708784406561e+00
4.123420070178331009e+00
1.275036056059254008e+01
4.069573184725477688e+00
3.748704542260658190e+00
7.289205756223542387e+00
2.989740903415832562e+01
1.883656861572784180e+01
3.631815127089979889e+00
7.484649724626590839e+00
6.637134607945433196e+00
4.292189972875696036e+00
7.561327723753820784e+00
9.672418742401724501e+00
7.450976538747864808e+00
5.369495578241745726e+00
8.945640983186855522e+00
4.054833896033681384e+00
7.984104086897448660e+00
4.948493606660054667e+00
8.285128929942656484e+00
6.852799178096327992e+00
3.932198909713196411e+00
1.467480119694214302e+01
4.560477441873312721e+00
3.758758081278197327e+00
7.127576916037768662e+00
4.799946177479454512e+00
9.795716983940895517e+00
8.738657911260409250e+00
4.450596409481605065e+00
9.168316254481933214e+00
1.448679774813408905e+01
2.394879671925796671e+01
1.139076136636496450e+01
5.451676364238525530e+00
6.921281671212000219e+00
1.103940713987337041e+01
6.963628470770142798e+00
4.481442792339936254e+00
5.123756028896994330e+00
7.743552028532688425e+00
4.347711240265268451e+00
7.245326971583932796e+00
7.509119752979565909e+00
1.670993069433343337e+01
1.155590505054237838e+01
2.792987521797519079e+01
1.357507338351774351e+01
7.176219903245860898e+00
1.875820265212966831e+01
6.198521959602960152e+00
4.626415268168462269e+00
4.753320066144203437e+00
6.413059081201884837e+00
8.373388632554728872e+00
5.609677723543987860e+00
1.346801938439491231e+01
5.171018733476282492e+00
3.333774111277522767e+00
7.196028438952615680e+00
1.342681522624785906e+01
5.374813482645143026e+00
8.754999921982737021e+00
1.195806748310923240e+01
6.685413111779284989e+00
7.806947444194536345e+00
4.977237593120277026e+00
8.250338257952824605e+00
7.256921066812838994e+00
6.370874257956024245e+00
1.393709267488553039e+01
5.495627921069672794e+00
7.532062583889937102e+00
5.879280162894935380e+00
7.441369483214898217e+00
7.174558831598342401e+00
1.076901616768181569e+01
2.273205782997793989e+01
1.061410278262392026e+01
6.466197959000362872e+00
6.328165219325620150e+00
7.733278309399220340e+00
1.752495840228446866e+01
9.175849575412518888e+00
1.304430112776030803e+01
5.949740775548436389e+00
4.299493189769088453e+00
7.928287079256184811e+00
6.596371667163088759e+00
6.783332116546247015e+00
6.090237303777476185e+00
6.111855860063758250e+00
4.862711801214804730e+00
1.820071792151583168e+01
1.143313580549333786e+01
1.208212446398106366e+01
5.226562490341169820e+00
1.343268277127859278e+01
1.049610755572686216e+01
5.408479211598472780e+00
7.938396863558299543e+00
4.565393910731335936e+00
8.431675650206329919e+00
6.771150559444714112e+00
2.752098213632630674e+01
2.107365890669965580e+01
9.236884674805398987e+00
5.076698033636044549e+00
5.182041191369303412e+00
1.880028336411986700e+01
4.797986649484888844e+00
9.669861706787711952e+00
4.687866007661169121e+00
5.686941886127391044e+00
9.919205009986622912e+00
6.330645498593924003e+00
8.971085992012513444e+00
5.600369304902287126e+00
4.297438981720920204e+00
6.682389347064075835e+00
5.069711246647101710e+00
1.195848603038817082e+01
1.553210183692654311e+01
9.269060801652285519e+00
5.485980766076239412e+00
2.146734272911914587e+01
1.265848630578280343e+01
2.375426518910509799e+01
3.658400015517692339e+01
2.028500406254829258e+01
2.006988382008758620e+01
1.310534718596611370e+01
1.067008366106278494e+01
8.935480745040603523e+00
1.098255066839585758e+01
4.640210018939048275e+00
7.082373153873803062e+00
4.710755953445918465e+00
1.356808620393089271e+01
6.884045329677195291e+00
1.488628773757029933e+01
5.835297815096138763e+00
2.482837036624128757e+01
5.818009616817779950e+00
5.989068600454715785e+00
6.584386700387104163e+00
9.864163735524780208e+00
8.105639166836107634e+00
7.002572181872293022e+00
6.664495563513074039e+00
2.237575633378527939e+01
1.109014875456253613e+01
4.677078918947860764e+00
6.874989306234646769e+00
7.271612245110270045e+00
8.296587161736661997e+00
1.964058356756290635e+01
9.952805112215987293e+00
4.517074281515853329e+00
5.790055262704970396e+00
1.249174695532914470e+01
9.281992642046887454e+00
2.697577480722802079e+01
4.512609199266925053e+00
1.738468254491240472e+01
1.248321965537614275e+01
7.835377266228764626e+00
6.751397908461932218e+00
5.874107600025946674e+00
8.882303569233696905e+00
1.175391151300178727e+01
6.061540911139593923e+00
5.904583216750720176e+00
1.051543781055291404e+01
8.720645775530353916e+00
4.266715645268218537e+01
1.002925875871301997e+01
5.100003378444166735e+00
2.286392505087560778e+01
3.568095157505084813e+01
2.194882621422791402e+01
7.485449939471614300e+00
1.022194418408706440e+01
9.534593121916666192e+00
1.596141590643556185e+01
8.237497639382215908e+00
6.010506321523741313e+00
1.239546250556860052e+01
1.010536760070001350e+01
7.733059432576109948e+00
7.887746111595800969e+00
5.152370072280910485e+00
1.455521612795036823e+01
1.462824865805083618e+01
1.454181514578599277e+01
1.193752277614273183e+01
5.763854528420734979e+00
2.071074917934030069e+01
1.156773117969987652e+01
4.241393916103243455e+00
1.477902063617288064e+01
6.841339131913173333e+00
6.927833297069978080e+00
1.809622064871395963e+01
2.028942086598370054e+01
7.700172791282244411e+00
9.059727814766095122e+00
1.059357180477590710e+01
9.035039693460472421e+00
7.843137561592062212e+00
5.571097667593762459e+00
4.898570715645450768e+00
4.397822978462721011e+01
4.851098860438598059e+00
1.776984434884279196e+01
8.577536209150046886e+00
1.438695337681263808e+01
7.782959532499789113e+00
6.712435289381318171e+00
8.554029788457119921e+00
6.299882669283136671e+00
2.808138059901093087e+01
2.617291050975498479e+01
9.105912993203448380e+00
5.283687631718737343e+00
5.749669382129355633e+00
1.005978143553476301e+01
1.729690617151789311e+01
1.993218050559770305e+01
7.783405356762696847e+00
7.118307189222597309e+00
1.648364170045443444e+01
3.192230177011635917e+00
5.256303951281942943e+00
1.106916015317001545e+01
1.747587620090479632e+01
2.391791287213491657e+01
2.450327978292500930e+01
1.417940149537642824e+01
1.250882134250169386e+01
6.354586661271748760e+00
4.633589677314757793e+00
6.032152344503889374e+00
1.459995249498876291e+01
2.146862038455815735e+01
1.403608086038707370e+01
1.525946388798502973e+01
1.276779953519089261e+01
4.710658886555221692e+00
5.401086476978870898e+00
5.191116505688572857e+00
3.322556100153722980e+01
1.546719221914219133e+01
7.943834492149023596e+00
8.620817745444314895e+00
2.506344967468909246e+01
1.888931393576290674e+01
2.135631981974854909e+01
1.122440468810544978e+01
1.585361093975344637e+01
8.520812433759688886e+00
7.491067248286780611e+00
6.486210081886983225e+00
6.354518104247948607e+00
1.487669331503969339e+01
1.001263416617606694e+01
8.457061733763113764e+00
7.890631954465452402e+00
8.612010804057872448e+00
7.319824798223134366e+00
5.014098035491254990e+00
6.934888672545064914e+00
5.714768610812022587e+00
7.295444911901602048e+00
7.062637217787845145e+00
7.522289549099753003e+00
6.254930287442520331e+00
1.205743047396850542e+01
7.435278885076542998e+00
3.757257123479498517e+01
7.626070585702855453e+00
5.477465628363338723e+00
1.076564530305898337e+01
6.046215960957635360e+00
1.584630022669708715e+01
3.770126028917006433e+00
6.138988902694795691e+00
1.204244704820841072e+01
8.028668381165715573e+00
4.157445727031834792e+00
1.432303310575826849e+01
5.191041804967069240e+00
1.609971304741765863e+01
1.094291488695612991e+01
1.467984055788632958e+01
1.692371583520206002e+01
1.308595258414535323e+01
8.230959057312730920e+00
1.360017539752277393e+01
9.417751695661209510e+00
7.657827072705119420e+00
4.922692691783860042e+00
4.272677247724574023e+00
7.981949635306902380e+00
9.141112944475553448e+00
1.073623809676485585e+01
5.143331981057329472e+00
1.240380852284960689e+01
1.828154479725796122e+01
9.798177346997976045e+00
1.292274931401215277e+01
6.547617870995589229e+00
5.846918784154406801e+00
1.765067082370270413e+01
1.523708257108471287e+01
1.342364518691489117e+01
1.949898769716080338e+01
4.645489867534046802e+00
1.155235215469385857e+01
9.109310954102168623e+00
5.083498145759810960e+00
1.090561176703275059e+01
1.205336532483825707e+01
1.038649473136418599e+01
5.074646438899088174e+00
5.541249237349323842e+00
2.248678205586417178e+01
7.410170418507528112e+00
5.544474486161549365e+00
5.551008957237839603e+00
4.794260930060540993e+00
1.224942633503267508e+01
7.535062469550072528e+00
2.217185458249734609e+01
5.832756208628482320e+00
4.269437352896003013e+00
7.938560236052981445e+00
1.304252322341388570e+01
5.968473151308478108e+00
2.272727201055744572e+01
1.533819327661282195e+01
9.531218586769252710e+00
1.453226709165826236e+01
4.421243833115832800e+00
9.047829490031494615e+00
5.724139381702141982e+00
2.433315062183679700e+01
2.684095210980897406e+01
2.817862072921996486e+01
7.025982475569697350e+00
1.994461663676689511e+01
1.178548957820350829e+01
5.377562070850696152e+00
8.790774290544691283e+00
7.921328119943454205e+00
7.218987758411591571e+00
9.496596685818920136e+00
6.111441885183697131e+00
5.800216851999376644e+00
2.871068629048229681e+00
6.176191200661691028e+00
7.024645719769079477e+00
4.925899176634686683e+00
4.731222901742309084e+00
4.011937092696784113e+00
1.131271900661546681e+01
4.575182282200169759e+00
6.212848843754603223e+00
9.906249502420886088e+00
2.619646614645296978e+01
1.834026078813340987e+01
7.203629509812642162e+00
2.637750727947419449e+01
1.254554102377489677e+01
5.985610008408002614e+00
1.462086604193590844e+01
1.426908192632623695e+01
8.314110597327243113e+00
6.548697016227270851e+00
4.457374650406542571e+00
4.707209320757743676e+00
1.053050351950353836e+01
7.085191612597899535e+00
6.922645976402827195e+00
1.367634474230243846e+01
4.745486088122740753e+00
7.438518112503875734e+00
1.599766062114898268e+01
6.266588775052442273e+00
1.678813937961038505e+01
8.529908240194579605e+00
1.573031966555754479e+01
3.039730576369113990e+01
4.895839366549887828e+00
5.663772106149058239e+00
5.340938240423958483e+00
8.286740306154200653e+00
1.581395201957741570e+01
4.581090197619243298e+00
7.028928935858420601e+00
7.907957097283438763e+00
3.491133163630490976e+00
5.146637692106192929e+00
3.005756583639648838e+01
1.250282854810711619e+01
5.547381739027492209e+00
1.473803829423377820e+01
2.169355628747231890e+01
1.950475765713067844e+01
1.144869641932430682e+01
2.887315118909893386e+01
1.075216692643888905e+01
6.852944339099000359e+00
1.240233612794317075e+01
3.019381019344221073e+01
1.131596588304527984e+01
1.112828400845512533e+01
1.016453743848395597e+01
1.004584677577820173e+01
5.315099823979105409e+00
4.554367483040905995e+00
1.231275887134893310e+01
1.770119535509851261e+01
4.864945253771638889e+00
6.879121008682918870e+00
4.449723923338511966e+00
1.406649957598202683e+01
1.731166587433751047e+01
8.461504877428021487e+00
1.991836476482430029e+01
5.973803819627586442e+00
4.989551164830858809e+00
1.152377916216777010e+01
1.177325925150655550e+01
6.385819939997383621e+00
9.133234058231668229e+00
5.916278388382301578e+00
1.292361803394859088e+01
6.520558906610660621e+00
9.983694126480402886e+00
6.804799330751083453e+00
4.138274110726781529e+00
1.828736482617651404e+01
9.014114107628916628e+00
8.623368930429315071e+00
3.785026717600172219e+01
1.744759881876645125e+01
1.586232595698243841e+01
8.140916728145841219e+00
1.882789442874284802e+01
1.118394138316369535e+01
1.713407897109975053e+01
4.053496828723083922e+00
1.667923123178830735e+01
1.374212147529108741e+01
2.925309783888475224e+01
2.689532163172834345e+01
3.344769296422775540e+01
6.246978883367910740e+00
4.917227677970024580e+00
7.082136251741887101e+00
1.335201421418398304e+01
4.914852595931280099e+00
1.075393030726395871e+01
1.498032851273664257e+01
1.042474854714446941e+01
5.292480606858579684e+00
6.730107880198188397e+00
4.304668898527114429e+00
1.071809209324490020e+01
6.059779028730607031e+00
1.379303679578770137e+01
1.009496838843491773e+01
3.761747833186628753e+00
8.075151382101742215e+00
1.684788925911812640e+01
8.406183291493642074e+00
7.466906013133105979e+00
4.168758051226137518e+00
8.763288308085222411e+00
1.816310057846255432e+01
2.994410166236976067e+01
1.298846635653031889e+01
1.814768619637775160e+01
2.362809998523782440e+01
1.129584893396061318e+01
5.122715615819413593e+00
2.358154986353963523e+01
5.879273677599202941e+00
6.305490196812203685e+00
4.259809098803025051e+01
1.521427606545103295e+01
2.517144833201774290e+01
4.071225188941404838e+00
1.007351270004027555e+01
7.238091921488098990e+00
9.388190149333333068e+00
1.916477976112365056e+01
5.687577850112162992e+00
1.718256050240742283e+01
6.843129187335525110e+00
5.386146245213693895e+00
8.061308115012666420e+00
8.789616661958067567e+00
9.631108886878607223e+00
1.977739267744210494e+01
5.187677808513278421e+00
1.226816373963056250e+01
1.239509400473564860e+01
8.577015865011963669e+00
5.735319812977833998e+00
3.275243825100494632e+01
2.933014553913691813e+01
5.802254339276582407e+00
9.472993123326466147e+00
1.022429736749654694e+01
1.830593538831901057e+01
1.770629808693095342e+01
1.467330311915123353e+01
2.455886508973559756e+01
6.799752117559314080e+00
6.728093513022233907e+00
1.760783133942334189e+01
1.148105933655238076e+01
3.000952741326591777e+01
4.846947974633791745e+01
9.206092756295424451e+00
2.080294808271734297e+01
3.304770756178997004e+01
8.844139211745808637e+00
2.511251805841724760e+01
8.160599309632051046e+00
3.361535641181726319e+00
5.397569019042166794e+00
9.720595379554506366e+00
6.818356252582982613e+00
2.817198776939395444e+01
1.914048706539776745e+01
4.429791909620645285e+00
2.828186495021395785e+01
9.367041137818299390e+00
3.375266172982102120e+01
5.930332601667413606e+00
7.453233953397046641e+00
3.325658731358538489e+01
8.538359470208407132e+00
8.501794415924392112e+00
6.444230001494161364e+00
2.469340603980049309e+01
1.360725331532719551e+01
7.250457115594617363e+00
1.380765256432990817e+01
7.942201264191552035e+00
3.606413709363007314e+01
1.007117970153883313e+01
1.103031409953249131e+01
4.388224708762914261e+00
1.113606082883943671e+01
6.999687193035073030e+00
6.004002224138949906e+00
1.161925565924120285e+01
1.020476301836068878e+01
8.461014714632538514e+00
2.452143720732449594e+01
8.383159508827848327e+00
1.582663371658773421e+01
7.411953301468236610e+00
2.790590522338845858e+00
5.325173564101551626e+00
9.632866453844785681e+00
2.410698748800727742e+01
4.896118461692497092e+00
1.822736504874688279e+01
6.139061384349472128e+00
1.391508533282537741e+01
1.465643004585010800e+01
5.891469809226912879e+00
2.608428054870212165e+01
1.784334634840448786e+01
1.969515876807032129e+01
1.229726773957374952e+01
7.818630066935623901e+00
2.212609098110174344e+01
1.020064204395741925e+01
3.026461069422106931e+01
1.950323048401417836e+01
2.017781232108352185e+01
3.386299982684155196e+01
7.536705520085673626e+00
2.689340610040949997e+01
7.579178119109236000e+00
1.083027926389218898e+01
8.285790442703715897e+00
6.149363076286990193e+00
1.838079484280504516e+01
7.788498715561692265e+00
3.771139098269405743e+00
2.664145749080676495e+01
7.574509869338729828e+00
1.613107545093027539e+01
6.172714051875055397e+00
2.161239246233652622e+01
3.425375626271591756e+00
3.867990149784777731e+00
6.632317386342790222e+00
1.264645965930305671e+01
5.461365814697966670e+00
2.314369376652526711e+01
1.126171931804150539e+01
5.599311471552674391e+00
1.724130610307489420e+01
7.548213139161128460e+00
2.099105528064918147e+01
1.444016528245110109e+01
4.719238244481115174e+00
6.287460291155548830e+00
1.790790332331089374e+01
8.225282148507117697e+00
1.742090282772121057e+01
6.666808151400385185e+00
9.379509141821461782e+00
1.138765355236284194e+01
4.375477646047454705e+00
9.602482173063814130e+00
9.422215553874295324e+00
6.689401219390659570e+00
9.539273120523278138e+00
1.171768302244377757e+01
7.683141164241836130e+00
1.235454553481867279e+01
3.322191229345150276e+01
7.280020191152014597e+00
9.570561899957988672e+00
2.292461778648530668e+01
8.821016635518086346e+00
3.728810309442582849e+01
5.069222651149693171e+00
1.367933160035635964e+01
2.084005903667694071e+01
1.482959558996716432e+01
9.851563971802328012e+00
1.072628137077829713e+01
1.510422779017577177e+01
6.093479462654713963e+00
2.433089755330135162e+01
3.212880192282169389e+01
1.504991326237600546e+01
9.845392732757424881e+00
4.632742091483812885e+00
2.520500936511027845e+01
1.019396347256397917e+01
5.539017908749599428e+00
1.009755716381282653e+01
2.136442895124532981e+01
5.508250055425651048e+00
2.047665651281599253e+01
8.788358557558684225e+00
6.509490461841574316e+00
6.750627902546002979e+00
1.710609815369063824e+01
1.616855541962705445e+01
3.405611843061750932e+01
1.293448016944445378e+01
8.620014785838240101e+00
2.630010755196657612e+01
2.181227102014049635e+01
1.221863155782299337e+01
7.514278608327238373e+00
4.201081487031031791e+00
2.194374179357263444e+01
8.827824240269613654e+00
1.661913664801789281e+01
3.819253605881524738e+00
2.531745353176684432e+01
1.819952627066014017e+01
2.802908711196559111e+01
1.597462284928738008e+01
8.723661695626208967e+00
1.650856076872797829e+01
1.771441145868522327e+01
1.433534138636392541e+01
1.387964728246078039e+01
