2.177906800000000000e+07
2.178028800000000000e+07
2.178222000000000000e+07
2.178279600000000000e+07
2.178304400000000000e+07
2.178352000000000000e+07
2.178379600000000000e+07
2.178389200000000000e+07
2.178406800000000000e+07
2.178440800000000000e+07
2.178440800000000000e+07
2.178454000000000000e+07
2.178462800000000000e+07
2.178506400000000000e+07
2.178507600000000000e+07
2.178513200000000000e+07
2.178519200000000000e+07
2.178519200000000000e+07
2.178519200000000000e+07
2.178519200000000000e+07
2.178519200000000000e+07
2.178519200000000000e+07
2.178519200000000000e+07
2.178519200000000000e+07
2.178519200000000000e+07
2.178519200000000000e+07
2.178519200000000000e+07
2.178519200000000000e+07
2.178519200000000000e+07
2.178519200000000000e+07
2.178519200000000000e+07
2.178519200000000000e+07
2.178519200000000000e+07
2.178519200000000000e+07
2.178519200000000000e+07
2.178519200000000000e+07
2.178519200000000000e+07
2.178519200000000000e+07
2.178519200000000000e+07
2.178519200000000000e+07
2.178519200000000000e+07
2.178519200000000000e+07
2.178519200000000000e+07
2.178519200000000000e+07
2.178519200000000000e+07
2.178519200000000000e+07
2.178519200000000000e+07
2.178519200000000000e+07
2.178519200000000000e+07
2.178519200000000000e+07
2.178519200000000000e+07
2.178519200000000000e+07
2.178519200000000000e+07
2.178519200000000000e+07
2.178519200000000000e+07
2.178519200000000000e+07
2.178519200000000000e+07
2.178519200000000000e+07
2.178519200000000000e+07
2.178519200000000000e+07
2.178519200000000000e+07
2.178519200000000000e+07
2.178519200000000000e+07
2.178519200000000000e+07
2.178519200000000000e+07
2.178519200000000000e+07
2.178519200000000000e+07
2.178519200000000000e+07
2.178519200000000000e+07
2.178519200000000000e+07
2.178519200000000000e+07
2.178519200000000000e+07
2.178519200000000000e+07
2.178519200000000000e+07
2.178519200000000000e+07
2.178519200000000000e+07
2.178519200000000000e+07
2.178519200000000000e+07
2.178519200000000000e+07
2.178519200000000000e+07
2.178519200000000000e+07
2.178519200000000000e+07
2.178519200000000000e+07
2.178519200000000000e+07
2.178519200000000000e+07
2.178519200000000000e+07
2.178519200000000000e+07
2.178519200000000000e+07
2.178519200000000000e+07
2.178519200000000000e+07
2.178519200000000000e+07
2.178519200000000000e+07
2.178519200000000000e+07
2.178519200000000000e+07
2.178519200000000000e+07
2.178519200000000000e+07
2.178519200000000000e+07
2.178519200000000000e+07
2.178519200000000000e+07
2.178519200000000000e+07
2.178519200000000000e+07
2.178519200000000000e+07
2.178519200000000000e+07
2.178519200000000000e+07
2.178519200000000000e+07
2.178519200000000000e+07
2.178519200000000000e+07
2.178519200000000000e+07
2.178519200000000000e+07
2.178519200000000000e+07
2.178519200000000000e+07
2.178519200000000000e+07
2.178519200000000000e+07
2.178519200000000000e+07
2.178519200000000000e+07
2.178519200000000000e+07
2.178519200000000000e+07
2.178519200000000000e+07
2.178519200000000000e+07
2.178519200000000000e+07
2.178519200000000000e+07
2.178519200000000000e+07
2.178519200000000000e+07
2.178519200000000000e+07
2.178519200000000000e+07
2.178519200000000000e+07
2.178519200000000000e+07
2.178519200000000000e+07
2.178519200000000000e+07
2.178519200000000000e+07
2.178519200000000000e+07
2.178519200000000000e+07
2.178519200000000000e+07
2.178519200000000000e+07
2.178519200000000000e+07
2.178519200000000000e+07
2.178519200000000000e+07
2.178519200000000000e+07
2.178519200000000000e+07
2.178519200000000000e+07
2.178519200000000000e+07
2.178519200000000000e+07
2.178519200000000000e+07
2.178519200000000000e+07
2.178519200000000000e+07
2.178519200000000000e+07
2.178519200000000000e+07
2.178519200000000000e+07
2.178519200000000000e+07
2.178519200000000000e+07
2.178519200000000000e+07
2.178519200000000000e+07
2.178519200000000000e+07
2.178519200000000000e+07
2.178519200000000000e+07
2.178519200000000000e+07
2.178519200000000000e+07
2.178519200000000000e+07
2.178519200000000000e+07
2.178519200000000000e+07
2.178519200000000000e+07
2.178519200000000000e+07
2.178519200000000000e+07
2.178519200000000000e+07
2.178519200000000000e+07
2.178519200000000000e+07
2.178519200000000000e+07
2.178519200000000000e+07
2.178519200000000000e+07
2.178519200000000000e+07
2.178519200000000000e+07
2.178519200000000000e+07
2.178519200000000000e+07
2.178519200000000000e+07
2.178519200000000000e+07
2.178519200000000000e+07
2.178519200000000000e+07
2.178519200000000000e+07
2.178519200000000000e+07
2.178519200000000000e+07
2.178519200000000000e+07
2.178519200000000000e+07
2.178519200000000000e+07
2.178519200000000000e+07
2.178519200000000000e+07
2.178519200000000000e+07
2.178519200000000000e+07
2.178519200000000000e+07
2.178519200000000000e+07
2.178519200000000000e+07
2.178519200000000000e+07
2.178519200000000000e+07
2.178519200000000000e+07
2.178519200000000000e+07
2.178519200000000000e+07
2.178519200000000000e+07
2.178519200000000000e+07
2.178519200000000000e+07
2.178519200000000000e+07
2.178519200000000000e+07
2.178519200000000000e+07
2.178519200000000000e+07
2.178519200000000000e+07
2.178519200000000000e+07
2.178519200000000000e+07
2.178519200000000000e+07
2.178519200000000000e+07
2.178519200000000000e+07
2.178519200000000000e+07
2.178519200000000000e+07
2.178519200000000000e+07
2.178519200000000000e+07
2.178519200000000000e+07
2.178519200000000000e+07
2.178519200000000000e+07
2.178519200000000000e+07
2.178519200000000000e+07
2.178519200000000000e+07
2.178519200000000000e+07
2.178519200000000000e+07
2.178519200000000000e+07
2.178519200000000000e+07
2.178519200000000000e+07
2.178519200000000000e+07
2.178519200000000000e+07
2.178519200000000000e+07
2.178519200000000000e+07
2.178519200000000000e+07
2.178519200000000000e+07
2.178519200000000000e+07
2.178519200000000000e+07
2.178519200000000000e+07
2.178519200000000000e+07
2.178519200000000000e+07
2.178519200000000000e+07
2.178519200000000000e+07
2.178519200000000000e+07
2.178519200000000000e+07
2.178519200000000000e+07
2.178519200000000000e+07
2.178519200000000000e+07
2.178519200000000000e+07
2.178519200000000000e+07
2.178519200000000000e+07
2.178519200000000000e+07
2.178519200000000000e+07
2.178519200000000000e+07
2.178519200000000000e+07
2.178519200000000000e+07
2.178519200000000000e+07
2.178519200000000000e+07
2.178519200000000000e+07
2.178519200000000000e+07
2.178519200000000000e+07
2.178519200000000000e+07
2.178519200000000000e+07
2.178519200000000000e+07
2.178519200000000000e+07
2.178519200000000000e+07
2.178519200000000000e+07
2.178519200000000000e+07
2.178519200000000000e+07
2.178519200000000000e+07
2.178519200000000000e+07
2.178519200000000000e+07
2.178519200000000000e+07
2.178519200000000000e+07
2.178519200000000000e+07
2.178519200000000000e+07
2.178519200000000000e+07
2.178519200000000000e+07
2.178519200000000000e+07
2.178519200000000000e+07
2.178519200000000000e+07
2.178519200000000000e+07
2.178519200000000000e+07
2.178519200000000000e+07
2.178519200000000000e+07
2.178519200000000000e+07
2.178519200000000000e+07
2.178519200000000000e+07
2.178519200000000000e+07
2.178519200000000000e+07
2.178519200000000000e+07
2.178519200000000000e+07
2.178519200000000000e+07
2.178519200000000000e+07
2.178519200000000000e+07
2.178519200000000000e+07
2.178519200000000000e+07
2.178519200000000000e+07
2.178519200000000000e+07
2.178519200000000000e+07
2.178519200000000000e+07
2.178519200000000000e+07
2.178519200000000000e+07
2.178519200000000000e+07
2.178519200000000000e+07
2.178519200000000000e+07
2.178519200000000000e+07
2.178519200000000000e+07
2.178519200000000000e+07
2.178519200000000000e+07
2.178519200000000000e+07
2.178519200000000000e+07
2.178519200000000000e+07
2.178519200000000000e+07
2.178519200000000000e+07
2.178519200000000000e+07
2.178519200000000000e+07
2.178519200000000000e+07
2.178519200000000000e+07
2.178519200000000000e+07
2.178519200000000000e+07
2.178519200000000000e+07
2.178519200000000000e+07
2.178519200000000000e+07
2.178519200000000000e+07
2.178519200000000000e+07
2.178519200000000000e+07
2.178519200000000000e+07
2.178519200000000000e+07
2.178519200000000000e+07
2.178519200000000000e+07
2.178519200000000000e+07
2.178519200000000000e+07
2.178519200000000000e+07
2.178519200000000000e+07
2.178519200000000000e+07
2.178519200000000000e+07
2.178519200000000000e+07
2.178519200000000000e+07
2.178519200000000000e+07
2.178519200000000000e+07
2.178519200000000000e+07
2.178519200000000000e+07
2.178519200000000000e+07
2.178519200000000000e+07
2.178519200000000000e+07
2.178519200000000000e+07
2.178519200000000000e+07
2.178519200000000000e+07
2.178519200000000000e+07
2.178519200000000000e+07
2.178519200000000000e+07
2.178519200000000000e+07
2.178519200000000000e+07
2.178519200000000000e+07
2.178519200000000000e+07
2.178519200000000000e+07
2.178519200000000000e+07
2.178519200000000000e+07
2.178519200000000000e+07
2.178519200000000000e+07
2.178519200000000000e+07
2.178519200000000000e+07
2.178519200000000000e+07
2.178519200000000000e+07
2.178519200000000000e+07
2.178519200000000000e+07
2.178519200000000000e+07
2.178519200000000000e+07
2.178519200000000000e+07
2.178519200000000000e+07
2.178519200000000000e+07
2.178519200000000000e+07
2.178519200000000000e+07
2.178519200000000000e+07
2.178519200000000000e+07
2.178519200000000000e+07
2.178519200000000000e+07
2.178519200000000000e+07
2.178519200000000000e+07
2.178519200000000000e+07
2.178519200000000000e+07
2.178519200000000000e+07
2.178519200000000000e+07
2.178519200000000000e+07
2.178519200000000000e+07
2.178519200000000000e+07
2.178519200000000000e+07
2.178519200000000000e+07
2.178519200000000000e+07
2.178519200000000000e+07
2.178519200000000000e+07
2.178519200000000000e+07
2.178519200000000000e+07
2.178519200000000000e+07
2.178519200000000000e+07
2.178519200000000000e+07
2.178519200000000000e+07
2.178519200000000000e+07
2.178519200000000000e+07
2.178519200000000000e+07
2.178519200000000000e+07
2.178519200000000000e+07
2.178519200000000000e+07
2.178519200000000000e+07
2.178519200000000000e+07
2.178519200000000000e+07
2.178519200000000000e+07
2.178519200000000000e+07
2.178519200000000000e+07
2.178519200000000000e+07
2.178519200000000000e+07
2.178519200000000000e+07
2.178519200000000000e+07
2.178519200000000000e+07
2.178519200000000000e+07
2.178519200000000000e+07
2.178519200000000000e+07
2.178519200000000000e+07
2.178519200000000000e+07
2.178519200000000000e+07
2.178519200000000000e+07
2.178519200000000000e+07
2.178519200000000000e+07
2.178519200000000000e+07
2.178519200000000000e+07
2.178519200000000000e+07
2.178519200000000000e+07
2.178519200000000000e+07
2.178519200000000000e+07
2.178519200000000000e+07
2.178519200000000000e+07
2.178519200000000000e+07
2.178519200000000000e+07
2.178519200000000000e+07
2.178519200000000000e+07
2.178519200000000000e+07
2.178519200000000000e+07
2.178519200000000000e+07
2.178519200000000000e+07
2.178519200000000000e+07
2.178519200000000000e+07
2.178519200000000000e+07
2.178519200000000000e+07
2.178519200000000000e+07
2.178519200000000000e+07
2.178519200000000000e+07
2.178519200000000000e+07
2.178519200000000000e+07
2.178519200000000000e+07
2.178519200000000000e+07
2.178519200000000000e+07
2.178519200000000000e+07
2.178519200000000000e+07
2.178519200000000000e+07
2.178519200000000000e+07
2.178519200000000000e+07
2.178519200000000000e+07
2.178519200000000000e+07
2.178519200000000000e+07
2.178519200000000000e+07
2.178519200000000000e+07
2.178519200000000000e+07
2.178519200000000000e+07
2.178519200000000000e+07
2.178519200000000000e+07
2.178519200000000000e+07
2.178519200000000000e+07
2.178519200000000000e+07
2.178519200000000000e+07
2.178519200000000000e+07
2.178519200000000000e+07
2.178519200000000000e+07
2.178519200000000000e+07
2.178519200000000000e+07
2.178519200000000000e+07
2.178519200000000000e+07
2.178519200000000000e+07
2.178519200000000000e+07
2.178519200000000000e+07
2.178519200000000000e+07
2.178519200000000000e+07
2.178519200000000000e+07
2.178519200000000000e+07
2.178519200000000000e+07
2.178519200000000000e+07
2.178519200000000000e+07
2.178519200000000000e+07
2.178519200000000000e+07
2.178519200000000000e+07
2.178519200000000000e+07
2.178519200000000000e+07
2.178519200000000000e+07
2.178519200000000000e+07
2.178519200000000000e+07
2.178519200000000000e+07
2.178519200000000000e+07
2.178519200000000000e+07
2.178519200000000000e+07
2.178519200000000000e+07
2.178519200000000000e+07
2.178519200000000000e+07
2.178519200000000000e+07
2.178519200000000000e+07
2.178519200000000000e+07
2.178519200000000000e+07
2.178519200000000000e+07
2.178519200000000000e+07
2.178519200000000000e+07
2.178519200000000000e+07
2.178519200000000000e+07
2.178519200000000000e+07
2.178519200000000000e+07
2.178519200000000000e+07
2.178519200000000000e+07
2.178519200000000000e+07
2.178519200000000000e+07
2.178519200000000000e+07
2.178519200000000000e+07
2.178519200000000000e+07
2.178519200000000000e+07
2.178519200000000000e+07
2.178519200000000000e+07
2.178519200000000000e+07
2.178519200000000000e+07
2.178519200000000000e+07
2.178519200000000000e+07
2.178519200000000000e+07
2.178519200000000000e+07
2.178519200000000000e+07
2.178519200000000000e+07
2.178519200000000000e+07
2.178519200000000000e+07
2.178519200000000000e+07
2.178519200000000000e+07
2.178519200000000000e+07
2.178519200000000000e+07
2.178519200000000000e+07
2.178519200000000000e+07
2.178519200000000000e+07
2.178519200000000000e+07
2.178519200000000000e+07
2.178519200000000000e+07
2.178519200000000000e+07
2.178519200000000000e+07
2.178519200000000000e+07
2.178519200000000000e+07
2.178519200000000000e+07
2.178519200000000000e+07
2.178519200000000000e+07
2.178519200000000000e+07
2.178519200000000000e+07
2.178519200000000000e+07
2.178519200000000000e+07
2.178519200000000000e+07
2.178519200000000000e+07
2.178519200000000000e+07
2.178519200000000000e+07
2.178519200000000000e+07
2.178519200000000000e+07
2.178519200000000000e+07
2.178519200000000000e+07
2.178519200000000000e+07
2.178519200000000000e+07
2.178519200000000000e+07
2.178519200000000000e+07
2.178519200000000000e+07
2.178519200000000000e+07
2.178519200000000000e+07
2.178519200000000000e+07
2.178519200000000000e+07
2.178519200000000000e+07
2.178519200000000000e+07
2.178519200000000000e+07
2.178519200000000000e+07
2.178519200000000000e+07
2.178519200000000000e+07
2.178519200000000000e+07
2.178519200000000000e+07
2.178519200000000000e+07
2.178519200000000000e+07
2.178519200000000000e+07
2.178519200000000000e+07
2.178519200000000000e+07
2.178519200000000000e+07
2.178519200000000000e+07
2.178519200000000000e+07
2.178519200000000000e+07
2.178519200000000000e+07
2.178519200000000000e+07
2.178519200000000000e+07
2.178519200000000000e+07
2.178519200000000000e+07
2.178519200000000000e+07
2.178519200000000000e+07
2.178519200000000000e+07
2.178519200000000000e+07
2.178519200000000000e+07
2.178519200000000000e+07
2.178519200000000000e+07
2.178519200000000000e+07
2.178519200000000000e+07
2.178519200000000000e+07
2.178519200000000000e+07
2.178519200000000000e+07
2.178519200000000000e+07
2.178519200000000000e+07
2.178519200000000000e+07
2.178519200000000000e+07
2.178519200000000000e+07
2.178519200000000000e+07
2.178519200000000000e+07
2.178519200000000000e+07
2.178519200000000000e+07
2.178519200000000000e+07
2.178519200000000000e+07
2.178519200000000000e+07
2.178519200000000000e+07
2.178519200000000000e+07
2.178519200000000000e+07
2.178519200000000000e+07
2.178519200000000000e+07
2.178519200000000000e+07
2.178519200000000000e+07
2.178519200000000000e+07
2.178519200000000000e+07
2.178519200000000000e+07
2.178519200000000000e+07
2.178519200000000000e+07
2.178519200000000000e+07
2.178519200000000000e+07
2.178519200000000000e+07
2.178519200000000000e+07
2.178519200000000000e+07
2.178519200000000000e+07
2.178519200000000000e+07
2.178519200000000000e+07
2.178519200000000000e+07
2.178519200000000000e+07
2.178519200000000000e+07
2.178519200000000000e+07
2.178519200000000000e+07
2.178519200000000000e+07
2.178519200000000000e+07
2.178519200000000000e+07
2.178519200000000000e+07
2.178519200000000000e+07
2.178519200000000000e+07
2.178519200000000000e+07
2.178519200000000000e+07
2.178519200000000000e+07
2.178519200000000000e+07
2.178519200000000000e+07
2.178519200000000000e+07
2.178519200000000000e+07
2.178519200000000000e+07
2.178519200000000000e+07
2.178519200000000000e+07
2.178519200000000000e+07
2.178519200000000000e+07
2.178519200000000000e+07
2.178519200000000000e+07
2.178519200000000000e+07
2.178519200000000000e+07
2.178519200000000000e+07
2.178519200000000000e+07
2.178519200000000000e+07
2.178519200000000000e+07
2.178519200000000000e+07
2.178519200000000000e+07
2.178519200000000000e+07
2.178519200000000000e+07
2.178519200000000000e+07
2.178519200000000000e+07
2.178519200000000000e+07
2.178519200000000000e+07
2.178519200000000000e+07
2.178519200000000000e+07
2.178519200000000000e+07
2.178519200000000000e+07
2.178519200000000000e+07
2.178519200000000000e+07
2.178519200000000000e+07
2.178519200000000000e+07
2.178519200000000000e+07
2.178519200000000000e+07
2.178519200000000000e+07
2.178519200000000000e+07
2.178519200000000000e+07
2.178519200000000000e+07
2.178519200000000000e+07
2.178519200000000000e+07
2.178519200000000000e+07
2.178519200000000000e+07
2.178519200000000000e+07
2.178519200000000000e+07
2.178519200000000000e+07
2.178519200000000000e+07
2.178519200000000000e+07
2.178519200000000000e+07
2.178519200000000000e+07
2.178519200000000000e+07
2.178519200000000000e+07
2.178519200000000000e+07
2.178519200000000000e+07
2.178519200000000000e+07
2.178519200000000000e+07
2.178519200000000000e+07
2.178519200000000000e+07
2.178519200000000000e+07
2.178519200000000000e+07
2.178519200000000000e+07
2.178519200000000000e+07
2.178519200000000000e+07
2.178519200000000000e+07
2.178519200000000000e+07
2.178519200000000000e+07
2.178519200000000000e+07
2.178519200000000000e+07
2.178519200000000000e+07
2.178519200000000000e+07
2.178519200000000000e+07
2.178519200000000000e+07
2.178519200000000000e+07
2.178519200000000000e+07
2.178519200000000000e+07
2.178519200000000000e+07
2.178519200000000000e+07
2.178519200000000000e+07
2.178519200000000000e+07
2.178519200000000000e+07
2.178519200000000000e+07
2.178519200000000000e+07
2.178519200000000000e+07
2.178519200000000000e+07
2.178519200000000000e+07
2.178519200000000000e+07
2.178519200000000000e+07
2.178519200000000000e+07
2.178519200000000000e+07
2.178519200000000000e+07
2.178519200000000000e+07
2.178519200000000000e+07
2.178519200000000000e+07
2.178519200000000000e+07
2.178519200000000000e+07
2.178519200000000000e+07
2.178519200000000000e+07
2.178519200000000000e+07
2.178519200000000000e+07
2.178519200000000000e+07
2.178519200000000000e+07
2.178519200000000000e+07
2.178519200000000000e+07
2.178519200000000000e+07
2.178519200000000000e+07
2.178519200000000000e+07
2.178519200000000000e+07
2.178519200000000000e+07
2.178519200000000000e+07
2.178519200000000000e+07
2.178519200000000000e+07
2.178519200000000000e+07
2.178519200000000000e+07
2.178519200000000000e+07
2.178519200000000000e+07
2.178519200000000000e+07
2.178519200000000000e+07
2.178519200000000000e+07
2.178519200000000000e+07
2.178519200000000000e+07
2.178519200000000000e+07
2.178519200000000000e+07
2.178519200000000000e+07
2.178519200000000000e+07
2.178519200000000000e+07
2.178519200000000000e+07
2.178519200000000000e+07
2.178519200000000000e+07
2.178519200000000000e+07
2.178519200000000000e+07
2.178519200000000000e+07
2.178519200000000000e+07
2.178519200000000000e+07
2.178519200000000000e+07
2.178519200000000000e+07
2.178519200000000000e+07
2.178519200000000000e+07
2.178519200000000000e+07
2.178519200000000000e+07
2.178519200000000000e+07
2.178519200000000000e+07
2.178519200000000000e+07
2.178519200000000000e+07
2.178519200000000000e+07
2.178519200000000000e+07
2.178519200000000000e+07
2.178519200000000000e+07
2.178519200000000000e+07
2.178519200000000000e+07
2.178519200000000000e+07
2.178519200000000000e+07
2.178519200000000000e+07
2.178519200000000000e+07
2.178519200000000000e+07
2.178519200000000000e+07
2.178519200000000000e+07
2.178519200000000000e+07
2.179102800000000000e+07
2.179800400000000000e+07
2.179827200000000000e+07
2.179837600000000000e+07
2.179852000000000000e+07
2.179862800000000000e+07
2.179873600000000000e+07
2.179884000000000000e+07
2.179901600000000000e+07
2.180632000000000000e+07
2.181229600000000000e+07
2.181546000000000000e+07
2.181546000000000000e+07
2.183227200000000000e+07
2.184538800000000000e+07
2.185748000000000000e+07
2.186553200000000000e+07
2.186745200000000000e+07
2.186811200000000000e+07
2.186822400000000000e+07
2.186844400000000000e+07
2.187328800000000000e+07
2.187340400000000000e+07
2.187470000000000000e+07
2.187887600000000000e+07
2.188880000000000000e+07
2.190536000000000000e+07
2.192718000000000000e+07
2.194691200000000000e+07
2.197378000000000000e+07
2.198907200000000000e+07
2.201161200000000000e+07
2.202920400000000000e+07
2.206089600000000000e+07
2.208695200000000000e+07
2.210904400000000000e+07
2.213315600000000000e+07
2.216451200000000000e+07
2.219339600000000000e+07
2.219339600000000000e+07
2.220782800000000000e+07
2.224261600000000000e+07
2.226214800000000000e+07
2.229315600000000000e+07
2.232701600000000000e+07
2.234679200000000000e+07
2.237943200000000000e+07
2.240917200000000000e+07
2.243281200000000000e+07
2.246313600000000000e+07
2.249216400000000000e+07
2.251436800000000000e+07
2.254176000000000000e+07
2.257084800000000000e+07
2.257668400000000000e+07
2.258482400000000000e+07
2.259087200000000000e+07
2.260013200000000000e+07
2.261153200000000000e+07
2.261717600000000000e+07
2.262281200000000000e+07
2.263477600000000000e+07
2.264060800000000000e+07
2.264735200000000000e+07
2.264992800000000000e+07
2.264992800000000000e+07
2.264992800000000000e+07
2.264992800000000000e+07
2.264992800000000000e+07
2.264992800000000000e+07
2.264992800000000000e+07
2.264992800000000000e+07
2.264992800000000000e+07
2.264992800000000000e+07
2.264992800000000000e+07
2.264992800000000000e+07
2.264992800000000000e+07
2.264992800000000000e+07
2.264992800000000000e+07
2.264992800000000000e+07
2.264992800000000000e+07
2.264992800000000000e+07
2.264992800000000000e+07
2.264992800000000000e+07
2.264992800000000000e+07
2.264992800000000000e+07
2.264992800000000000e+07
2.264992800000000000e+07
2.264992800000000000e+07
2.264992800000000000e+07
2.264992800000000000e+07
2.264992800000000000e+07
2.264992800000000000e+07
2.264992800000000000e+07
2.264992800000000000e+07
2.264992800000000000e+07
2.264992800000000000e+07
2.264992800000000000e+07
2.264992800000000000e+07
2.264992800000000000e+07
2.264992800000000000e+07
2.264992800000000000e+07
2.264992800000000000e+07
2.264992800000000000e+07
2.264992800000000000e+07
2.264992800000000000e+07
2.264992800000000000e+07
2.264992800000000000e+07
2.264992800000000000e+07
2.264992800000000000e+07
2.264992800000000000e+07
2.265024800000000000e+07
2.265031600000000000e+07
2.265043200000000000e+07
2.265061600000000000e+07
2.265071200000000000e+07
2.265083200000000000e+07
2.265094400000000000e+07
2.265094400000000000e+07
2.265094400000000000e+07
2.265094400000000000e+07
2.265094400000000000e+07
2.265094400000000000e+07
2.265094400000000000e+07
2.265094400000000000e+07
2.265094400000000000e+07
2.265094400000000000e+07
2.265094400000000000e+07
2.265094400000000000e+07
2.265094400000000000e+07
2.265094400000000000e+07
2.265094400000000000e+07
2.265094400000000000e+07
2.265094400000000000e+07
2.265094400000000000e+07
2.265094400000000000e+07
2.265138400000000000e+07
2.266066000000000000e+07
2.266072800000000000e+07
2.266251600000000000e+07
2.266263200000000000e+07
2.266274800000000000e+07
2.266308000000000000e+07
2.266348800000000000e+07
2.266546000000000000e+07
2.266546000000000000e+07
2.266546000000000000e+07
2.266546000000000000e+07
2.266546000000000000e+07
2.266546000000000000e+07
2.266546000000000000e+07
2.266546000000000000e+07
2.266546000000000000e+07
2.266546000000000000e+07
2.266546000000000000e+07
2.266546000000000000e+07
2.266546000000000000e+07
2.266546000000000000e+07
2.266546000000000000e+07
2.266546000000000000e+07
2.266546000000000000e+07
2.266546000000000000e+07
2.266546000000000000e+07
2.266701200000000000e+07
2.266846400000000000e+07
2.266852800000000000e+07
2.267094800000000000e+07
2.267222000000000000e+07
2.267230800000000000e+07
2.267240000000000000e+07
2.267253200000000000e+07
2.267253200000000000e+07
2.267253200000000000e+07
2.267253200000000000e+07
2.267253200000000000e+07
2.267253200000000000e+07
2.267253200000000000e+07
2.267253200000000000e+07
2.267253200000000000e+07
2.267253200000000000e+07
2.267253200000000000e+07
2.267253200000000000e+07
2.267253200000000000e+07
2.267253200000000000e+07
2.267253200000000000e+07
2.267253200000000000e+07
2.267253200000000000e+07
2.267253200000000000e+07
2.267253200000000000e+07
2.267253200000000000e+07
2.267253200000000000e+07
2.267530800000000000e+07
2.267888000000000000e+07
2.268494400000000000e+07
2.268595200000000000e+07
2.268851200000000000e+07
2.268984800000000000e+07
2.269000800000000000e+07
