1.592010727427501422e+02
1.389914180456838437e+02
1.472023826628811207e+02
1.632569932104515829e+02
1.568626027693987055e+02
1.421337204914544827e+02
1.408256239066207058e+02
1.237441599536510637e+02
1.181268907326876274e+02
1.151882807314449195e+02
1.276349066027937198e+02
1.244704234295004568e+02
1.099109239600831955e+02
1.153897682903438522e+02
1.283153102261390757e+02
1.125160080873371840e+02
1.359333355964423902e+02
1.164472534379272162e+02
7.128528874393268211e+01
8.123687462233570500e+01
8.836453636922156818e+01
1.179214505934088635e+02
9.693754838803381801e+01
5.812850012823922441e+01
7.451657076358557674e+01
5.815867426198087031e+01
5.027793565542158660e+01
6.444033100952528059e+01
5.520248987162122489e+01
3.823638350247787088e+01
6.898915290732674066e+01
7.106048098673930724e+01
4.238955587776288070e+01
2.377672720199892353e+01
3.127738734311515856e+01
4.321857649067442253e+01
2.617551633073645334e+01
2.447288634547234309e+01
2.397046965193520407e+01
2.271887109510695169e+01
5.980431298401355633e+01
1.539858326326271687e+01
1.992199747823793743e+01
2.308372646970593678e+01
3.974436249556517708e+01
1.629740518390539350e+01
1.158042810934992772e+01
1.159212869524323430e+01
1.516788834377581097e+01
2.749087530929349299e+01
2.115677191412359193e+01
1.224759010023180572e+01
1.970596336216812716e+01
2.592173936212527252e+01
2.605287955081238493e+01
1.125215018688004243e+01
1.775728631975083971e+01
1.863139220654320027e+01
1.670910420363560078e+01
5.980084070162225984e+00
9.038355603082292689e+00
1.188622969989836875e+01
1.223058633151950403e+01
1.073920470580287834e+01
1.220417677783886035e+01
7.601238332931183450e+00
1.431761312537357611e+01
1.201292747345108936e+01
2.056865016021860626e+01
1.091977435335653723e+01
8.598679156420816483e+00
1.947462532124866641e+01
2.601190014490261504e+01
5.992982833944974885e+00
6.505573174557470750e+00
1.358561305263901886e+01
5.269279876774601412e+00
9.328066542366881819e+00
1.253724824810072214e+01
1.379957556421016562e+01
1.891115451756224530e+01
1.432827647486967848e+01
9.303952666840208607e+00
1.633143127720690657e+01
1.121016102471685549e+01
1.402257228156818947e+01
1.152739471191235054e+01
8.052007507875350356e+00
1.181178569756456831e+01
1.016264954736976556e+01
1.887582216525354184e+01
1.070178573739312355e+01
1.675268061744365511e+01
9.574067362554275817e+00
1.572631807125008585e+01
1.759505908375728822e+01
1.210183310080155650e+01
1.577880044330762743e+01
8.060333231720500535e+00
1.092052385281518490e+01
1.034356555849250903e+01
1.141302603327635445e+01
6.355806295709529152e+00
1.044789083942700181e+01
9.451781236663789443e+00
1.348919424426229874e+01
1.180311227193845802e+01
1.425687186525562922e+01
1.231891106288990123e+01
8.092677821504848268e+00
1.630546461776570411e+01
1.771237298188001219e+01
7.591333527645150347e+00
8.035408700023907613e+00
1.812582446044955020e+01
7.930853134778617530e+00
8.457471519832122198e+00
1.230748670511756693e+01
1.445793535436713562e+01
1.646282076322097865e+01
7.290035000427385725e+00
1.178391467929566083e+01
1.137782607391908307e+01
3.898333108199093289e+00
1.056373460964782396e+01
7.677137146507273968e+00
1.081469821880393845e+01
9.231579075188722783e+00
9.523511914400463851e+00
7.732791694438371444e+00
9.001713714874117755e+00
1.399847657990251371e+01
7.220109482166853887e+00
1.511554586386069587e+01
1.702487775889543187e+01
6.225196803623418873e+00
1.137095615025898176e+01
1.120813752611228331e+01
1.092703313494537021e+01
8.579790830996065765e+00
8.609686642096148645e+00
6.809837918033827542e+00
1.251810678218611272e+01
6.664792986311538492e+00
5.853482012836678017e+00
1.641164592851816906e+01
6.969846244557538206e+00
1.225514084782596491e+01
9.682405481275809578e+00
7.174805163682200337e+00
3.975207135418714621e+00
5.062561375174670530e+00
6.385420224812366818e+00
1.103067122009809786e+01
5.739219501959470726e+00
8.521538574702264057e+00
7.602284581791873386e+00
5.858185088769126914e+00
6.620290260476517474e+00
3.629552604630528645e+00
7.738006032773982135e+00
1.231373698932797822e+01
1.040877163529448701e+01
9.766502700894132971e+00
5.991158778312503763e+00
4.902908803544017147e+00
1.471064402045884378e+01
9.564037698854829017e+00
1.029738410757227030e+01
4.888156241674419533e+00
1.769876692466581147e+01
3.931820035820989823e+00
7.530741159309378929e+00
5.577327159199342077e+00
8.189574411156323563e+00
8.814956163496839636e+00
6.757171470249103251e+00
8.019548493806169631e+00
6.861717207220695336e+00
1.273138111313850906e+01
1.129875959676183861e+01
8.198152062190608547e+00
7.300713473248896079e+00
7.377083008517870688e+00
5.401038913526397423e+00
4.643655435438335033e+00
9.125021248937043694e+00
1.015176170327373661e+01
1.100627736771815712e+01
5.723058252752126762e+00
6.897325583504242630e+00
7.010931462109723178e+00
7.777942825398835858e+00
8.656296739822751718e+00
5.056773164385993447e+00
9.525504665610647237e+00
4.776714321856376344e+00
6.883659925382460187e+00
6.326216637987001512e+00
9.450739980019832842e+00
8.370090099398321826e+00
7.032190481584358999e+00
5.941206090074885537e+00
4.266718428372959337e+00
5.258344947943414560e+00
4.082825809778407589e+00
6.234604630330625952e+00
9.558374222072941961e+00
1.678077664900627397e+01
5.312666732648573920e+00
4.268498019543035760e+00
1.246305443880091701e+01
1.022111274813880399e+01
8.169174049787045533e+00
1.242472353658049222e+01
7.517976003304911004e+00
6.369403961906694001e+00
5.087109213089504145e+00
7.124616926106733139e+00
6.967209615046689564e+00
6.546421530319183724e+00
1.831747998741537131e+01
7.779499317616223486e+00
4.870542695831417745e+00
8.894406520341183509e+00
3.906944036024188716e+00
5.457548208754145591e+00
8.320368626691450942e+00
1.423230298669784943e+01
8.618056572350129230e+00
6.287123155036042021e+00
7.300106953057536430e+00
5.383782577301859718e+00
1.279078828290635350e+01
5.314160219787521733e+00
8.910784153933326124e+00
1.017633304923002946e+01
7.961482899473697472e+00
1.084745340799390867e+01
7.715091235966077932e+00
9.809964154598917574e+00
9.387064729111104455e+00
5.867099635985996819e+00
9.578292791973703757e+00
4.301983417796206410e+00
4.116508415357279738e+00
1.241974160726440246e+01
4.357574094529530484e+00
8.405254573762219295e+00
3.669700017117401458e+00
4.922906420362469504e+00
3.540184168164738576e+00
4.611933026145771386e+00
4.107530079899318842e+00
8.453706031979468349e+00
1.141674202466009547e+01
8.023418309994026387e+00
3.585716190402164383e+00
1.767786202570693987e+01
5.258691423574748391e+00
6.224061342246114847e+00
4.561273361267708104e+00
9.696924705373245246e+00
8.620579076646960104e+00
4.384049593174734305e+00
8.261973779456205591e+00
6.253504723145942634e+00
5.966535126778325093e+00
4.844484654687069458e+00
1.018275321401572064e+01
7.492814367634159645e+00
7.055531322055157872e+00
6.689361558584530520e+00
6.271951908057864955e+00
9.976855534752109733e+00
3.844156663117119344e+00
7.557540010709311140e+00
6.566961261981720810e+00
4.354632201528697344e+00
1.086019833933434420e+01
5.266332754825890028e+00
4.885675757779439188e+00
4.359891464470639022e+00
5.923549523570759590e+00
4.500590779677748010e+00
4.288171839175067390e+00
1.381255744778334282e+01
1.006514947543090521e+01
3.731179452985469158e+00
5.646574224208873893e+00
3.189174618932300032e+00
6.952884428328593991e+00
8.648761901443927869e+00
6.866303077750589345e+00
4.387095576133640762e+00
4.461166903577150400e+00
5.470480367725964577e+00
4.145898421993426730e+00
4.905984476869705624e+00
8.990503150689812983e+00
6.876313195030104630e+00
5.805642194805169964e+00
5.290861835644731670e+00
1.089598744716773027e+01
9.141922856855666524e+00
5.883700357177298557e+00
5.133970289153299227e+00
6.961743525587152703e+00
5.971033477839075232e+00
6.094990030741016973e+00
9.014545170640749561e+00
3.823205188303939295e+00
1.219751789625738780e+01
5.302862399967726681e+00
7.520167176304802581e+00
7.175824110443145720e+00
5.690919427316337931e+00
5.159795871141101387e+00
3.727891672194608486e+00
5.546374311960081904e+00
4.782099648622279098e+00
6.242496310390685643e+00
1.060875916039922551e+01
7.320635499313127958e+00
7.823681210463375280e+00
5.894120773277959913e+00
3.093094345852125393e+00
6.377915255248712612e+00
8.545752108011415160e+00
6.699679883590178520e+00
6.742465447784354637e+00
1.055800267212033994e+01
5.319576501926716716e+00
3.561450147565244251e+00
8.251444571662322147e+00
7.068348646825462822e+00
1.031325686978838974e+01
8.233034463002359971e+00
4.867532149673421848e+00
1.807123009233112043e+01
4.926594703324782110e+00
7.067115492319704373e+00
6.908018987197634964e+00
4.847666746367677248e+00
9.880798024041462568e+00
6.067155465016476512e+00
4.663303326951801608e+00
8.214703271719089983e+00
5.799881010062378550e+00
6.502810790363728444e+00
4.455354034840664390e+00
6.895069403064375990e+00
1.062261683256347844e+01
4.854449162964235676e+00
7.152315123988841172e+00
3.980357870414337196e+00
4.459319253058624533e+00
5.141252494807207363e+00
5.045835377126112853e+00
1.465919673115410227e+01
5.344350407939203684e+00
7.074467160392673648e+00
9.801456152828976087e+00
3.614433741824125690e+00
3.122683679333328577e+00
8.412113724016625937e+00
4.553308244746275157e+00
1.454540276839131430e+01
7.401844326413582031e+00
5.967963551797842214e+00
1.294204294285627199e+01
6.986384910089068256e+00
4.718296521266601040e+00
5.201016161897863199e+00
9.103866469612187373e+00
3.838981864336159067e+00
4.524375487682084973e+00
5.755059822376146883e+00
5.530566949008325572e+00
7.295838552866708682e+00
4.858667027569362418e+00
5.234994555024846008e+00
3.751839670617912681e+00
1.616796889479294563e+01
3.967126164695945700e+00
7.096417153707746728e+00
3.329957106557177138e+00
4.050316423217583228e+00
3.760737676420769393e+00
1.594795214587144372e+01
4.525728942867049298e+00
7.956399116940326088e+00
6.305711501809240005e+00
1.419635026742727746e+01
2.246950882744453892e+01
4.631204756419357693e+00
3.189069364194219158e+00
4.704953556898924916e+00
7.127809992861302568e+00
9.138573669811098199e+00
7.747967750498698791e+00
4.103645380618210936e+00
4.872654331551161455e+00
8.416028976664550854e+00
4.191798672593638919e+00
6.873490297664715420e+00
6.240246591676818610e+00
8.696768732802008017e+00
3.947884760143872462e+00
2.570798921401062742e+01
6.326048955572067811e+00
4.794163684604414222e+00
9.434265266404134209e+00
4.785487876111304217e+00
5.568712958359028242e+00
4.687747785384434707e+00
4.354893755870373084e+00
5.568243738380866503e+00
2.550084441998548002e+01
6.249711624178448943e+00
3.362621747027256358e+00
9.404159623453482553e+00
9.856010447643919647e+00
4.135429356304055837e+00
9.449950534528261059e+00
5.421538791343116337e+00
7.006935393336476636e+00
1.422011842535225590e+01
1.404202267610930832e+01
1.275389021166868986e+01
5.725464112056449117e+00
5.248749072063591647e+00
8.328533519519524475e+00
4.937332288116630608e+00
5.132007531759614771e+00
1.923747663697419696e+01
5.734729220092021684e+00
3.874583810240973492e+01
3.759647702309514727e+01
5.402663848722938589e+00
7.336187548389609070e+00
5.725018792921464872e+00
3.538054358244998365e+00
3.474909727498631362e+00
9.134630263952438156e+00
1.447607058793564683e+01
8.141739629615258877e+00
9.987227249360115522e+00
7.487804033886975574e+00
8.435333181758590371e+00
5.700148707495293898e+00
9.171374388904633079e+00
5.004775956076932708e+00
4.466806543318182499e+00
5.443535268299002361e+00
1.045368358761914784e+01
5.052030895946177047e+00
7.173943646730068124e+00
6.048280414355367007e+00
5.451320982852403851e+00
3.925415306496332857e+00
5.987505222663288329e+00
4.329292747341861869e+00
6.159543669435699975e+00
5.725940081462130848e+00
7.163092165288820645e+00
8.207584148083340025e+00
4.937100186191805129e+00
1.231929532939106942e+01
7.220092634803918941e+00
4.604499346211169630e+00
7.078186070999739066e+00
7.861018478805484655e+00
4.488833845822044033e+00
6.544566659479933435e+00
3.273505438466770112e+00
1.972374908219624956e+01
7.500638151762524686e+00
6.887382549311270807e+00
5.519973580795046075e+00
9.125491736830207756e+00
2.541939688026764799e+01
7.277089227060594467e+00
9.433991914002437085e+00
5.131085808646344226e+00
4.476945854543682657e+00
6.654924542577080437e+00
1.631527350247430164e+01
1.790065010007448620e+01
1.714833640402911996e+01
1.279105026555732927e+01
3.458936842586746607e+00
1.084588749403908281e+01
1.140472886303348687e+01
6.444718119645119536e+00
7.148795284454390497e+00
6.317612235530706499e+00
2.226524125262153930e+01
6.158996840805873951e+00
6.062710415193987679e+00
6.808041938570378093e+00
4.101146387811782645e+00
9.490223855392443397e+00
2.083018035941889323e+01
6.288480367831111195e+00
2.000131029426090379e+01
4.388733444717197507e+00
1.015281844942033729e+01
6.819391077581315130e+00
2.531672036405029758e+01
6.050010459304032473e+00
1.633481733082859932e+01
4.671733191501878046e+00
1.341789678650271611e+01
5.976211717891461994e+00
1.003222879794129341e+01
8.828962378720708770e+00
4.512296528464211143e+00
6.652644429291720840e+00
5.865139259327772692e+00
2.527626290201672887e+01
4.075026488165996774e+00
5.898128965181871131e+00
1.079659971888625236e+01
4.276795182092934411e+00
4.139135419994715903e+00
5.241827277658241968e+00
4.658817488046439692e+00
1.198293983855894496e+01
1.850452616730979827e+01
5.581874497362255383e+00
4.134650159678296966e+00
8.056905415562095385e+00
1.494849410236387044e+01
5.949071125438410768e+00
3.975481110877218338e+00
5.860407891228907040e+00
6.378988538639902117e+00
1.410322733054318256e+01
6.213764150597126168e+00
8.682361361264533173e+00
4.577812600998488968e+00
7.271588910603275835e+00
1.028492228134206776e+01
4.255022320873648844e+00
5.646672848958094626e+00
8.133953112077232817e+00
3.283779939668875159e+01
7.912989545943409198e+00
4.210896004419797833e+00
1.070044044363153546e+01
3.638457786964251994e+01
4.837811630627939508e+00
5.341409994590265775e+00
9.237541092026539502e+00
2.078429373690738302e+01
6.687805179784018783e+00
1.693695858988181868e+01
3.028799510098069359e+00
8.174062236191863562e+00
4.645838416846154395e+00
1.705177202440084372e+01
2.968328162806439252e+01
3.691954735543937272e+00
6.570228630092968203e+00
2.624055622286597256e+01
3.637118616564396945e+00
3.856836239023795354e+00
8.540041757735957972e+00
1.070343810674102691e+01
7.795079075941505842e+00
3.271698194792948655e+00
8.042560887305937101e+00
4.559250839387427590e+00
8.425303755637926884e+00
1.559415690208686378e+01
3.309674780228494040e+00
6.616612161681145743e+00
2.761647416004683109e+01
6.352151125380132157e+00
1.428656210196377963e+01
9.735675614817846935e+00
1.217497015872986488e+01
2.254194032203144005e+01
1.566969542488253886e+01
1.055932678871850960e+01
2.072510143673921590e+01
1.519072216172570755e+01
5.511372421020068302e+00
4.915486654677708955e+00
1.619290110427849427e+01
4.658643347813341329e+00
1.275007675142195396e+01
5.162244823913423986e+00
3.848614019001438180e+00
2.361398624897732645e+01
1.667039978535797928e+01
2.643442072404419818e+01
2.305244231803951749e+01
9.143300185662052826e+00
5.095145728735560375e+00
1.435129772271481485e+01
3.094504932138122300e+01
9.797901589576696324e+00
4.650218914373293266e+00
1.041708264276260110e+01
5.096255401783711392e+00
6.600488765087816567e+00
4.200677117114971715e+00
3.824811856219060058e+00
1.159715290815624655e+01
2.340923501387732752e+00
8.105831005547575074e+00
3.956874255552290442e+00
4.078013172882935855e+00
1.130935646216274471e+01
7.661181746345751442e+00
7.010838355054529458e+00
3.476017784768188346e+00
1.403289962605646579e+01
1.402847171881841959e+01
9.923629805573522589e+00
2.273042336288449405e+01
1.615760765967779378e+01
1.490919822435440878e+01
1.490461501671308220e+01
4.896461400117623874e+00
5.211404012691808418e+00
1.173551001281975914e+01
5.498488507412417903e+00
7.911542201724580003e+00
1.789702966539531914e+01
1.178393672113580060e+01
1.676737302919541150e+01
3.446498792403385636e+00
7.296446193688290727e+00
1.113214942210203340e+01
4.176266230175827765e+00
7.176569584207347141e+00
7.203250492316501941e+00
9.360551636223702232e+00
8.138370734892916403e+00
2.780222697651342223e+00
1.327405599297642880e+01
7.690551574729088458e+00
5.188583002865768457e+00
1.011372420928852733e+01
3.424651502937898773e+00
5.161456508880009508e+00
3.002293112029656541e+00
9.134281297980052727e+00
7.407422700138448945e+00
4.613166682771429272e+00
7.737258885413717202e+00
1.777655136503084421e+01
7.209100107921988076e+00
4.201045222871838902e+00
9.361770072727182423e+00
4.607433537128566847e+00
8.956026901273189011e+00
1.424758102710769769e+01
1.063353179157185124e+01
1.154613321116183933e+01
4.928402879824328231e+00
5.675580363479962642e+00
9.105196056046594322e+00
5.220538391861140326e+00
1.308840696812035098e+01
6.020983263031155275e+00
5.735699965730746364e+00
1.502462283331598414e+01
1.221087303861144058e+01
9.155666243630262713e+00
8.437603106440167977e+00
7.041664869780837499e+00
4.957026061449631094e+00
3.298756842921296784e+00
3.185430374366940764e+00
7.642358930458114763e+00
2.774931694535688820e+01
5.307755934748301208e+00
5.588974443543477832e+00
4.051596399229493883e+00
3.461500717772800773e+00
3.051175463433065893e+00
1.496566574538523575e+01
3.180676339256514940e+00
7.926513904613971206e+00
3.237601855398827499e+00
8.173106558904905228e+00
5.098760316347417998e+00
1.687792715930919840e+01
4.871782540999437749e+00
9.078945785811919578e+00
4.370606828849075143e+00
4.624196074663793787e+00
7.096990135404562139e+00
1.535832665804033326e+01
4.786626886345325183e+00
3.126639354317353181e+00
2.067766460312001797e+01
5.836029894496766346e+00
5.152233453653124684e+00
5.868225805574032172e+00
4.827257366222997170e+00
3.674769077256833771e+00
8.060456845097471401e+00
3.193815395669363344e+00
4.892099948463986436e+00
5.113712954223117002e+00
7.697155483439720669e+00
5.345316918802685002e+00
1.949773525542459751e+01
2.555627218222443631e+01
8.822745158941014409e+00
5.225446956707543222e+00
3.221834200971245288e+00
5.651555354087775207e+00
8.581901034824474195e+00
7.419010926604220124e+00
4.654074683381486999e+00
8.035519700124828191e+00
5.796427792257129674e+00
1.251964136909755965e+01
4.384820272735196589e+00
4.020718370600746105e+00
2.005968044669542039e+01
3.313135901839044806e+01
1.804860477131630603e+01
2.358961163167478148e+01
2.980192301596847670e+00
2.744739531070383620e+01
7.087490022396853107e+00
2.238192009320018983e+01
4.790708172808773035e+00
8.825759758018808299e+00
1.282981327966116858e+01
3.082410294648980642e+00
7.100608267827544395e+00
1.036734186875565022e+01
5.643834824259088556e+00
5.624671333732290890e+00
7.657541690288915071e+00
2.548202515164748760e+01
9.262486602443951611e+00
4.143494663648257692e+00
1.043252684955179532e+01
7.844532951793071085e+00
3.265258540106595220e+00
5.473754080773314712e+00
1.487570331168800841e+01
6.409434543384317173e+00
3.613707149080120029e+00
3.315553327585350818e+00
6.351775357475737849e+00
1.236174103857710271e+01
5.444480338181689305e+00
1.605852496209005054e+01
2.573155454300077594e+01
5.071159232849583809e+00
4.345739678870447875e+00
8.930038126149190347e+00
1.817926272883643435e+01
3.870814858953784299e+00
4.850096656289739627e+00
1.169075445927540713e+01
8.926171546898588716e+00
6.319609091630195685e+00
2.449218480657916786e+01
7.838131606006386143e+00
3.081236599839458190e+00
6.547848562084457313e+00
1.014627775064489867e+01
2.485484851704376386e+00
9.279397056815438916e+00
3.134403208806049612e+00
8.813642716040703817e+00
6.738230785953832402e+00
8.078814080899826777e+00
1.627311348726351170e+01
1.281741113140897959e+01
3.340550675213436627e+00
5.531945171638337655e+00
4.965274178974333985e+00
3.531342212451502149e+01
6.145866489654525644e+00
4.727668137339799515e+00
1.935834327333398619e+01
8.101968238617354601e+00
5.054491264311891108e+00
2.754128982067703646e+01
2.424486282445598562e+01
1.656517578356584863e+01
3.010808983640172354e+00
2.750737266463001518e+01
3.305766390798820620e+00
4.419193344492236442e+00
3.551721600398755729e+00
1.147508656633588942e+01
1.899995752356257839e+01
4.197245328077590543e+00
5.735664021085503883e+00
2.089363936571445990e+01
2.145452351149243597e+01
2.376408063328566467e+00
1.037784433010412855e+01
5.405171744425098623e+00
1.437316674036518549e+01
2.816848305927781571e+00
3.508047055976737827e+00
7.159688877300787624e+00
1.717910204360694237e+01
5.193437374439465515e+00
1.119066450167698790e+01
1.582849432837345915e+01
6.121906436802987628e+00
4.081970140916614476e+00
3.478511690103541110e+00
8.441158148485108370e+00
5.570181914622313712e+00
4.524123920969744361e+00
1.072302176792342898e+01
3.930741831675359510e+00
2.068548131254312850e+01
3.341424755353101794e+00
4.015330786763978921e+01
3.220544518552975077e+00
7.608820784520363034e+00
4.525063028613546479e+00
1.082827441860177586e+01
1.200580730630141879e+01
5.956250652977178817e+00
5.082610699173919500e+00
1.832815901162447503e+01
4.002557674355023742e+00
1.598143058026413854e+01
1.184257443917232067e+01
6.271537778966453480e+00
3.459664073072414414e+00
6.169351057723709175e+00
2.673746991792323335e+00
1.522121222147119823e+01
1.151046690161510710e+01
3.845585979842315982e+00
2.431998069138754381e+00
2.776418764196354250e+00
5.898629181377759600e+00
4.978161481518466047e+00
4.455286489312822340e+00
2.238585023084484149e+01
9.084758121351480753e+00
1.876879258923556293e+01
1.669729964616437812e+01
1.765093342715521274e+01
4.761387802261038971e+00
3.446218822000622684e+00
1.494833785299502260e+01
2.449196807991397407e+01
9.725990206051722708e+00
2.959750522104940984e+01
9.485783820110553322e+00
7.527377944425208689e+00
1.957119300408151830e+01
1.593365715792701032e+01
3.551583433026387127e+00
6.937615832636113034e+00
3.209713240378313515e+00
2.108687482850143269e+01
2.282813725580277264e+01
2.149068602938021044e+01
1.279780536520862100e+01
2.522907283483498908e+00
7.465852944889000753e+00
2.928942870006142396e+00
5.445003349275108206e+00
4.369754847773554829e+00
8.185003421849438965e+00
1.287019224938858564e+01
1.812337687244736628e+01
8.986425772130253620e+00
1.783457303690441620e+01
1.489774449806946599e+01
3.642813159039647530e+01
7.180245685539118128e+00
2.408458946777008336e+01
4.611927203974623524e+00
1.760304883551499699e+01
4.762118122925400598e+00
1.014440865402697689e+01
3.573441425833081553e+01
1.752890003120462836e+01
4.973280294819508285e+00
6.189306371992744360e+00
1.125871365513565969e+01
7.512441604940653050e+00
2.073134676689767986e+01
2.091426331184759846e+01
9.827959283395403034e+00
3.136658361276441198e+01
2.599807118160172692e+01
7.907436155859802973e+00
1.005377063876410659e+01
3.654320224459998379e+00
3.330139768075797146e+00
5.343096778415031167e+00
1.597074923212562858e+01
8.137442771002167063e+00
8.304492828084374167e+00
2.203179774698109128e+01
8.951811864134183949e+00
1.237964103896029044e+01
3.829834380373930092e+00
6.389062236408640238e+00
1.831843113909816267e+01
1.711526222508830841e+01
9.058134128918389649e+00
2.160043712701463647e+01
8.894684455315566396e+00
3.738642475622936168e+00
2.674737628314821425e+00
1.696725038719310419e+01
7.426670615185640756e+00
1.270776383159789802e+01
6.809630253246981013e+00
3.358911843253896468e+00
2.906407411759910797e+00
1.050912168874598507e+01
1.117830307367871789e+01
4.664789101341890287e+00
2.643056963710587226e+01
2.601587639097638682e+00
1.062655726348733864e+01
1.068284835462467264e+01
5.275491878254072731e+00
3.201045945511054036e+00
1.543413466263069722e+01
5.437126641714224107e+00
5.675126842356331913e+00
3.858618298414314030e+00
7.530461157211104428e+00
3.589665060546906705e+00
7.112903575645503018e+00
3.208038676182038529e+01
1.042810232503632051e+01
3.658981803544081401e+01
1.230161664657227760e+01
1.009955587050209580e+01
1.045753564454501294e+01
3.435868941974705137e+01
2.179628566838581705e+01
2.775107581203869955e+01
3.399559417465183309e+00
1.502682988277697262e+01
1.521231525060837875e+01
1.936489686635106366e+01
3.007349269149871773e+00
3.550977267917514446e+00
2.115935493185170557e+01
1.768451711557709416e+01
1.639290785367147762e+01
2.984928710248474726e+00
2.922629179803861277e+00
2.942459087969865994e+00
6.166606134515965287e+00
2.548480576619180482e+01
1.950947081571646891e+01
1.414353217588846157e+01
2.451420365112033206e+00
4.741015101885722949e+00
6.285376610924924279e+00
4.604741687592452060e+00
9.581395414316794756e+00
2.754419017972420747e+01
1.443506797600672797e+01
7.923987176043048919e+00
8.298066633111426782e+00
1.611208960188112371e+01
5.450448332613743396e+00
1.410916953056682210e+01
3.682696654113247536e+00
3.812156105080246160e+00
7.356152855938663748e+00
4.882009308643209700e+00
2.360070415362494956e+01
2.585788605150239050e+01
1.303870827336169569e+01
2.022078277213627473e+01
1.067860899119909668e+01
8.563661279188679032e+00
1.320276331068609643e+01
8.775050155572396093e+00
5.539700843787210616e+00
4.858592882890350850e+00
6.166130026688676047e+00
8.427658244568148049e+00
8.524368332188464237e+00
4.011765928932112146e+00
9.417826389721209779e+00
3.375920474191244303e+00
