2.151293200000000000e+07
2.151924400000000000e+07
2.152027600000000000e+07
2.152154800000000000e+07
2.152234400000000000e+07
2.152277200000000000e+07
2.152311600000000000e+07
2.152318800000000000e+07
2.152403200000000000e+07
2.152435600000000000e+07
2.152439600000000000e+07
2.152444800000000000e+07
2.152444800000000000e+07
2.152466800000000000e+07
2.152492800000000000e+07
2.152492800000000000e+07
2.152500000000000000e+07
2.152515200000000000e+07
2.152530000000000000e+07
2.152533600000000000e+07
2.152533600000000000e+07
2.152534000000000000e+07
2.152534000000000000e+07
2.152534800000000000e+07
2.152540800000000000e+07
2.152540800000000000e+07
2.152540800000000000e+07
2.152540800000000000e+07
2.152540800000000000e+07
2.152540800000000000e+07
2.152540800000000000e+07
2.152540800000000000e+07
2.152540800000000000e+07
2.152540800000000000e+07
2.152540800000000000e+07
2.152540800000000000e+07
2.152540800000000000e+07
2.152540800000000000e+07
2.152540800000000000e+07
2.152540800000000000e+07
2.152540800000000000e+07
2.152540800000000000e+07
2.152540800000000000e+07
2.152540800000000000e+07
2.152540800000000000e+07
2.152540800000000000e+07
2.152540800000000000e+07
2.152540800000000000e+07
2.152540800000000000e+07
2.152540800000000000e+07
2.152540800000000000e+07
2.152540800000000000e+07
2.152540800000000000e+07
2.152540800000000000e+07
2.152540800000000000e+07
2.152540800000000000e+07
2.152540800000000000e+07
2.152540800000000000e+07
2.152540800000000000e+07
2.152540800000000000e+07
2.152540800000000000e+07
2.152540800000000000e+07
2.152540800000000000e+07
2.152540800000000000e+07
2.152540800000000000e+07
2.152540800000000000e+07
2.152540800000000000e+07
2.152540800000000000e+07
2.152540800000000000e+07
2.152540800000000000e+07
2.152540800000000000e+07
2.152540800000000000e+07
2.152540800000000000e+07
2.152540800000000000e+07
2.152540800000000000e+07
2.152540800000000000e+07
2.152540800000000000e+07
2.152540800000000000e+07
2.152540800000000000e+07
2.152540800000000000e+07
2.152540800000000000e+07
2.152540800000000000e+07
2.152540800000000000e+07
2.152540800000000000e+07
2.152540800000000000e+07
2.152540800000000000e+07
2.152540800000000000e+07
2.152540800000000000e+07
2.152540800000000000e+07
2.152540800000000000e+07
2.152540800000000000e+07
2.152540800000000000e+07
2.152540800000000000e+07
2.152540800000000000e+07
2.152540800000000000e+07
2.152540800000000000e+07
2.152540800000000000e+07
2.152540800000000000e+07
2.152540800000000000e+07
2.152540800000000000e+07
2.152540800000000000e+07
2.152540800000000000e+07
2.152540800000000000e+07
2.152540800000000000e+07
2.152540800000000000e+07
2.152540800000000000e+07
2.152540800000000000e+07
2.152540800000000000e+07
2.152540800000000000e+07
2.152540800000000000e+07
2.152540800000000000e+07
2.152540800000000000e+07
2.152540800000000000e+07
2.152540800000000000e+07
2.152540800000000000e+07
2.152540800000000000e+07
2.152540800000000000e+07
2.152540800000000000e+07
2.152540800000000000e+07
2.152540800000000000e+07
2.152540800000000000e+07
2.152540800000000000e+07
2.152540800000000000e+07
2.152540800000000000e+07
2.152540800000000000e+07
2.152540800000000000e+07
2.152540800000000000e+07
2.152540800000000000e+07
2.152540800000000000e+07
2.152540800000000000e+07
2.152540800000000000e+07
2.152540800000000000e+07
2.152540800000000000e+07
2.152540800000000000e+07
2.152540800000000000e+07
2.152540800000000000e+07
2.152540800000000000e+07
2.152540800000000000e+07
2.152540800000000000e+07
2.152540800000000000e+07
2.152540800000000000e+07
2.152540800000000000e+07
2.152540800000000000e+07
2.152540800000000000e+07
2.152540800000000000e+07
2.152540800000000000e+07
2.152540800000000000e+07
2.152540800000000000e+07
2.152540800000000000e+07
2.152540800000000000e+07
2.152540800000000000e+07
2.152540800000000000e+07
2.152540800000000000e+07
2.152540800000000000e+07
2.152540800000000000e+07
2.152540800000000000e+07
2.152540800000000000e+07
2.152540800000000000e+07
2.152540800000000000e+07
2.152540800000000000e+07
2.152540800000000000e+07
2.152540800000000000e+07
2.152540800000000000e+07
2.152540800000000000e+07
2.152540800000000000e+07
2.152540800000000000e+07
2.152540800000000000e+07
2.152540800000000000e+07
2.152540800000000000e+07
2.152540800000000000e+07
2.152540800000000000e+07
2.152540800000000000e+07
2.152540800000000000e+07
2.152540800000000000e+07
2.152540800000000000e+07
2.152540800000000000e+07
2.152540800000000000e+07
2.152540800000000000e+07
2.152540800000000000e+07
2.152540800000000000e+07
2.152540800000000000e+07
2.152540800000000000e+07
2.152540800000000000e+07
2.152540800000000000e+07
2.152540800000000000e+07
2.152540800000000000e+07
2.152540800000000000e+07
2.152540800000000000e+07
2.152540800000000000e+07
2.152540800000000000e+07
2.152540800000000000e+07
2.152540800000000000e+07
2.152540800000000000e+07
2.152540800000000000e+07
2.152540800000000000e+07
2.152540800000000000e+07
2.152540800000000000e+07
2.152540800000000000e+07
2.152540800000000000e+07
2.152540800000000000e+07
2.152540800000000000e+07
2.152540800000000000e+07
2.152540800000000000e+07
2.152540800000000000e+07
2.152540800000000000e+07
2.152540800000000000e+07
2.152540800000000000e+07
2.152540800000000000e+07
2.152540800000000000e+07
2.152540800000000000e+07
2.152540800000000000e+07
2.152540800000000000e+07
2.152540800000000000e+07
2.152540800000000000e+07
2.152540800000000000e+07
2.152540800000000000e+07
2.152540800000000000e+07
2.152540800000000000e+07
2.152540800000000000e+07
2.152540800000000000e+07
2.152540800000000000e+07
2.152540800000000000e+07
2.152540800000000000e+07
2.152540800000000000e+07
2.152540800000000000e+07
2.152540800000000000e+07
2.152540800000000000e+07
2.152540800000000000e+07
2.152540800000000000e+07
2.152540800000000000e+07
2.152540800000000000e+07
2.152540800000000000e+07
2.152540800000000000e+07
2.152540800000000000e+07
2.152540800000000000e+07
2.152540800000000000e+07
2.152540800000000000e+07
2.152540800000000000e+07
2.152540800000000000e+07
2.152540800000000000e+07
2.152540800000000000e+07
2.152540800000000000e+07
2.152540800000000000e+07
2.152540800000000000e+07
2.152540800000000000e+07
2.152540800000000000e+07
2.152540800000000000e+07
2.152540800000000000e+07
2.152540800000000000e+07
2.152540800000000000e+07
2.152540800000000000e+07
2.152540800000000000e+07
2.152540800000000000e+07
2.152540800000000000e+07
2.152540800000000000e+07
2.152540800000000000e+07
2.152540800000000000e+07
2.152540800000000000e+07
2.152540800000000000e+07
2.152540800000000000e+07
2.152540800000000000e+07
2.152540800000000000e+07
2.152540800000000000e+07
2.152540800000000000e+07
2.152540800000000000e+07
2.152540800000000000e+07
2.152540800000000000e+07
2.152540800000000000e+07
2.152540800000000000e+07
2.152540800000000000e+07
2.152540800000000000e+07
2.152540800000000000e+07
2.152540800000000000e+07
2.152540800000000000e+07
2.152540800000000000e+07
2.152540800000000000e+07
2.152540800000000000e+07
2.152540800000000000e+07
2.152540800000000000e+07
2.152540800000000000e+07
2.152540800000000000e+07
2.152540800000000000e+07
2.152540800000000000e+07
2.152540800000000000e+07
2.152540800000000000e+07
2.152540800000000000e+07
2.152540800000000000e+07
2.152540800000000000e+07
2.152540800000000000e+07
2.152540800000000000e+07
2.152540800000000000e+07
2.152540800000000000e+07
2.152540800000000000e+07
2.152540800000000000e+07
2.152540800000000000e+07
2.152540800000000000e+07
2.152540800000000000e+07
2.152540800000000000e+07
2.152540800000000000e+07
2.152540800000000000e+07
2.152540800000000000e+07
2.152540800000000000e+07
2.152540800000000000e+07
2.152540800000000000e+07
2.152540800000000000e+07
2.155647200000000000e+07
2.159010000000000000e+07
2.162947200000000000e+07
2.165904800000000000e+07
2.169064800000000000e+07
2.172789200000000000e+07
2.175175200000000000e+07
2.175175200000000000e+07
2.175579200000000000e+07
2.177259200000000000e+07
2.180054800000000000e+07
2.180077600000000000e+07
2.181282000000000000e+07
2.182063200000000000e+07
2.183004400000000000e+07
2.183777600000000000e+07
2.184278000000000000e+07
2.185322000000000000e+07
2.186306800000000000e+07
2.186847600000000000e+07
2.189237200000000000e+07
2.189619200000000000e+07
2.194540400000000000e+07
2.202266800000000000e+07
2.208529200000000000e+07
2.214814400000000000e+07
2.222454000000000000e+07
2.225454000000000000e+07
2.225524000000000000e+07
2.225845200000000000e+07
2.227759600000000000e+07
2.227776000000000000e+07
2.227788400000000000e+07
2.227798400000000000e+07
2.227861200000000000e+07
2.227861200000000000e+07
2.227861200000000000e+07
2.227861200000000000e+07
2.227861200000000000e+07
2.227861200000000000e+07
2.227861200000000000e+07
2.227861200000000000e+07
2.227861200000000000e+07
2.227861200000000000e+07
2.227861200000000000e+07
2.227861200000000000e+07
2.227861200000000000e+07
2.227861200000000000e+07
2.227861200000000000e+07
2.227861200000000000e+07
2.227861200000000000e+07
2.227861200000000000e+07
2.227861200000000000e+07
2.227861200000000000e+07
2.227861200000000000e+07
2.227861200000000000e+07
2.227861200000000000e+07
2.227861200000000000e+07
2.227861200000000000e+07
2.227861200000000000e+07
2.227861200000000000e+07
2.227861200000000000e+07
2.227861200000000000e+07
2.227861200000000000e+07
2.227861200000000000e+07
2.227861200000000000e+07
2.227861200000000000e+07
2.227861200000000000e+07
2.227861200000000000e+07
2.227861200000000000e+07
2.227861200000000000e+07
2.227861200000000000e+07
2.227861200000000000e+07
2.227861200000000000e+07
2.227861200000000000e+07
2.227861200000000000e+07
2.227861200000000000e+07
2.227861200000000000e+07
2.227861200000000000e+07
2.227861200000000000e+07
2.227861200000000000e+07
2.227861200000000000e+07
2.227861200000000000e+07
2.227861200000000000e+07
2.227861200000000000e+07
2.227861200000000000e+07
2.227861200000000000e+07
2.227861200000000000e+07
2.227861200000000000e+07
2.227861200000000000e+07
2.227861200000000000e+07
2.227861200000000000e+07
2.227861200000000000e+07
2.227861200000000000e+07
2.227861200000000000e+07
2.227861200000000000e+07
2.227861200000000000e+07
2.227861200000000000e+07
2.227861200000000000e+07
2.227861200000000000e+07
2.227861200000000000e+07
2.227861200000000000e+07
2.227861200000000000e+07
2.227861200000000000e+07
2.227861200000000000e+07
2.227861200000000000e+07
2.227861200000000000e+07
2.227861200000000000e+07
2.227861200000000000e+07
2.227861200000000000e+07
2.227861200000000000e+07
2.227861200000000000e+07
2.227861200000000000e+07
2.227861200000000000e+07
2.227861200000000000e+07
2.227861200000000000e+07
2.227861200000000000e+07
2.227861200000000000e+07
2.227861200000000000e+07
2.227861200000000000e+07
2.227861200000000000e+07
2.227861200000000000e+07
2.227861200000000000e+07
2.227861200000000000e+07
2.227861200000000000e+07
2.227861200000000000e+07
2.227861200000000000e+07
2.227861200000000000e+07
2.227861200000000000e+07
2.227861200000000000e+07
2.227861200000000000e+07
2.227861200000000000e+07
2.227861200000000000e+07
2.227861200000000000e+07
2.227861200000000000e+07
2.227861200000000000e+07
2.227861200000000000e+07
2.227861200000000000e+07
2.227861200000000000e+07
2.227861200000000000e+07
2.227861200000000000e+07
2.227861200000000000e+07
2.227861200000000000e+07
2.227861200000000000e+07
2.227861200000000000e+07
2.227861200000000000e+07
2.227861200000000000e+07
2.227861200000000000e+07
2.227861200000000000e+07
2.227861200000000000e+07
2.227861200000000000e+07
2.227861200000000000e+07
2.227861200000000000e+07
2.227861200000000000e+07
2.227861200000000000e+07
2.227861200000000000e+07
2.227861200000000000e+07
2.227861200000000000e+07
2.227861200000000000e+07
2.227861200000000000e+07
2.227861200000000000e+07
2.227861200000000000e+07
2.227861200000000000e+07
2.227861200000000000e+07
2.227861200000000000e+07
2.227861200000000000e+07
2.227861200000000000e+07
2.227861200000000000e+07
2.227861200000000000e+07
2.227861200000000000e+07
2.227861200000000000e+07
2.227861200000000000e+07
2.227861200000000000e+07
2.227861200000000000e+07
2.227861200000000000e+07
2.227861200000000000e+07
2.227861200000000000e+07
2.227861200000000000e+07
2.227861200000000000e+07
2.227861200000000000e+07
2.227861200000000000e+07
2.227861200000000000e+07
2.227861200000000000e+07
2.227861200000000000e+07
2.227861200000000000e+07
2.227861200000000000e+07
2.227861200000000000e+07
2.227861200000000000e+07
2.227861200000000000e+07
2.227861200000000000e+07
2.227861200000000000e+07
2.227861200000000000e+07
2.227861200000000000e+07
2.227861200000000000e+07
2.227861200000000000e+07
2.227861200000000000e+07
2.227861200000000000e+07
2.227861200000000000e+07
2.227861200000000000e+07
2.227861200000000000e+07
2.227861200000000000e+07
2.227861200000000000e+07
2.227861200000000000e+07
2.227861200000000000e+07
2.227861200000000000e+07
2.227861200000000000e+07
2.227861200000000000e+07
2.227861200000000000e+07
2.227861200000000000e+07
2.227861200000000000e+07
2.227861200000000000e+07
2.227861200000000000e+07
2.227861200000000000e+07
2.227861200000000000e+07
2.227861200000000000e+07
2.227861200000000000e+07
2.227861200000000000e+07
2.227861200000000000e+07
2.227861200000000000e+07
2.227861200000000000e+07
2.227861200000000000e+07
2.227861200000000000e+07
2.227861200000000000e+07
2.227861200000000000e+07
2.227861200000000000e+07
2.227861200000000000e+07
2.227861200000000000e+07
2.227861200000000000e+07
2.227861200000000000e+07
2.227861200000000000e+07
2.227861200000000000e+07
2.227861200000000000e+07
2.227861200000000000e+07
2.227861200000000000e+07
2.227861200000000000e+07
2.227861200000000000e+07
2.227861200000000000e+07
2.227861200000000000e+07
2.227861200000000000e+07
2.227861200000000000e+07
2.227861200000000000e+07
2.227861200000000000e+07
2.227861200000000000e+07
2.227861200000000000e+07
2.227861200000000000e+07
2.227861200000000000e+07
2.227861200000000000e+07
2.227861200000000000e+07
2.227861200000000000e+07
2.227861200000000000e+07
2.227861200000000000e+07
2.227861200000000000e+07
2.227861200000000000e+07
2.227861200000000000e+07
2.227861200000000000e+07
2.227861200000000000e+07
2.227861200000000000e+07
2.227861200000000000e+07
2.227861200000000000e+07
2.227861200000000000e+07
2.227861200000000000e+07
2.227861200000000000e+07
2.227861200000000000e+07
2.227861200000000000e+07
2.227861200000000000e+07
2.227861200000000000e+07
2.227861200000000000e+07
2.227861200000000000e+07
2.227861200000000000e+07
2.227861200000000000e+07
2.227861200000000000e+07
2.227861200000000000e+07
2.227861200000000000e+07
2.227861200000000000e+07
2.227861200000000000e+07
2.227861200000000000e+07
2.227861200000000000e+07
2.227861200000000000e+07
2.227861200000000000e+07
2.227861200000000000e+07
2.227861200000000000e+07
2.227861200000000000e+07
2.227861200000000000e+07
2.227861200000000000e+07
2.227861200000000000e+07
2.227861200000000000e+07
2.227861200000000000e+07
2.227861200000000000e+07
2.227861200000000000e+07
2.227861200000000000e+07
2.227861200000000000e+07
2.227861200000000000e+07
2.227861200000000000e+07
2.227861200000000000e+07
2.227861200000000000e+07
2.227861200000000000e+07
2.227861200000000000e+07
2.227861200000000000e+07
2.227861200000000000e+07
2.227861200000000000e+07
2.227861200000000000e+07
2.227861200000000000e+07
2.227861200000000000e+07
2.227861200000000000e+07
2.227861200000000000e+07
2.227861200000000000e+07
2.227861200000000000e+07
2.227861200000000000e+07
2.227861200000000000e+07
2.227861200000000000e+07
2.227861200000000000e+07
2.227861200000000000e+07
2.227861200000000000e+07
2.227861200000000000e+07
2.227861200000000000e+07
2.227861200000000000e+07
2.227861200000000000e+07
2.227861200000000000e+07
2.227861200000000000e+07
2.227861200000000000e+07
2.227861200000000000e+07
2.227861200000000000e+07
2.227861200000000000e+07
2.227861200000000000e+07
2.227861200000000000e+07
2.227861200000000000e+07
2.227861200000000000e+07
2.227861200000000000e+07
2.227861200000000000e+07
2.227861200000000000e+07
2.227861200000000000e+07
2.227861200000000000e+07
2.227861200000000000e+07
2.227861200000000000e+07
2.227861200000000000e+07
2.227861200000000000e+07
2.227861200000000000e+07
2.227861200000000000e+07
2.227861200000000000e+07
2.227861200000000000e+07
2.227861200000000000e+07
2.227861200000000000e+07
2.227861200000000000e+07
2.227861200000000000e+07
2.227861200000000000e+07
2.227861200000000000e+07
2.227861200000000000e+07
2.227861200000000000e+07
2.227861200000000000e+07
2.227861200000000000e+07
2.227861200000000000e+07
2.227861200000000000e+07
2.227861200000000000e+07
2.227861200000000000e+07
2.227861200000000000e+07
2.227861200000000000e+07
2.227861200000000000e+07
2.227861200000000000e+07
2.227861200000000000e+07
2.227861200000000000e+07
2.227861200000000000e+07
2.227861200000000000e+07
2.227861200000000000e+07
2.227861200000000000e+07
2.227861200000000000e+07
2.227861200000000000e+07
2.227861200000000000e+07
2.227861200000000000e+07
2.227861200000000000e+07
2.227861200000000000e+07
2.227861200000000000e+07
2.227861200000000000e+07
2.227861200000000000e+07
2.227861200000000000e+07
2.227861200000000000e+07
2.227861200000000000e+07
2.227861200000000000e+07
2.227861200000000000e+07
2.227861200000000000e+07
2.227861200000000000e+07
2.227861200000000000e+07
2.227861200000000000e+07
2.227861200000000000e+07
2.227861200000000000e+07
2.227861200000000000e+07
2.227861200000000000e+07
2.227861200000000000e+07
2.227861200000000000e+07
2.227861200000000000e+07
2.227861200000000000e+07
2.227861200000000000e+07
2.227861200000000000e+07
2.227861200000000000e+07
2.227861200000000000e+07
2.227861200000000000e+07
2.227861200000000000e+07
2.227861200000000000e+07
2.227861200000000000e+07
2.227861200000000000e+07
2.227861200000000000e+07
2.227861200000000000e+07
2.227861200000000000e+07
2.227861200000000000e+07
2.227861200000000000e+07
2.227861200000000000e+07
2.227861200000000000e+07
2.227861200000000000e+07
2.227861200000000000e+07
2.227861200000000000e+07
2.227861200000000000e+07
2.227861200000000000e+07
2.227861200000000000e+07
2.227861200000000000e+07
2.227861200000000000e+07
2.227861200000000000e+07
2.227861200000000000e+07
2.227861200000000000e+07
2.227861200000000000e+07
2.227861200000000000e+07
2.227861200000000000e+07
2.227861200000000000e+07
2.227861200000000000e+07
2.227861200000000000e+07
2.227861200000000000e+07
2.227861200000000000e+07
2.227861200000000000e+07
2.227861200000000000e+07
2.227861200000000000e+07
2.227861200000000000e+07
2.227861200000000000e+07
2.227861200000000000e+07
2.227861200000000000e+07
2.227861200000000000e+07
2.227861200000000000e+07
2.227861200000000000e+07
2.227861200000000000e+07
2.227861200000000000e+07
2.227861200000000000e+07
2.227861200000000000e+07
2.227861200000000000e+07
2.227861200000000000e+07
2.227861200000000000e+07
2.227861200000000000e+07
2.227861200000000000e+07
2.227861200000000000e+07
2.227861200000000000e+07
2.227861200000000000e+07
2.227861200000000000e+07
2.227861200000000000e+07
2.227861200000000000e+07
2.227861200000000000e+07
2.227861200000000000e+07
2.227861200000000000e+07
2.227861200000000000e+07
2.227861200000000000e+07
2.227861200000000000e+07
2.227861200000000000e+07
2.227861200000000000e+07
2.227861200000000000e+07
2.227861200000000000e+07
2.227861200000000000e+07
2.227861200000000000e+07
2.227861200000000000e+07
2.227861200000000000e+07
2.227861200000000000e+07
2.227861200000000000e+07
2.227861200000000000e+07
2.227861200000000000e+07
2.227861200000000000e+07
2.227861200000000000e+07
2.227861200000000000e+07
2.227861200000000000e+07
2.227861200000000000e+07
2.227861200000000000e+07
2.227861200000000000e+07
2.227861200000000000e+07
2.227861200000000000e+07
2.227861200000000000e+07
2.227861200000000000e+07
2.227861200000000000e+07
2.227861200000000000e+07
2.227861200000000000e+07
2.227861200000000000e+07
2.227861200000000000e+07
2.227861200000000000e+07
2.227861200000000000e+07
2.227861200000000000e+07
2.227861200000000000e+07
2.227861200000000000e+07
2.227861200000000000e+07
2.227861200000000000e+07
2.227861200000000000e+07
2.227861200000000000e+07
2.227861200000000000e+07
2.227861200000000000e+07
2.227861200000000000e+07
2.227861200000000000e+07
2.227861200000000000e+07
2.227861200000000000e+07
2.227861200000000000e+07
2.227861200000000000e+07
2.227861200000000000e+07
2.227861200000000000e+07
2.227861200000000000e+07
2.227861200000000000e+07
2.227861200000000000e+07
2.227861200000000000e+07
2.227861200000000000e+07
2.227861200000000000e+07
2.227861200000000000e+07
2.227861200000000000e+07
2.227861200000000000e+07
2.227861200000000000e+07
2.227861200000000000e+07
2.227861200000000000e+07
2.227861200000000000e+07
2.227861200000000000e+07
2.227861200000000000e+07
2.227861200000000000e+07
2.227861200000000000e+07
2.227861200000000000e+07
2.227861200000000000e+07
2.227861200000000000e+07
2.227861200000000000e+07
2.227861200000000000e+07
2.227861200000000000e+07
2.227861200000000000e+07
2.227861200000000000e+07
2.227861200000000000e+07
2.227861200000000000e+07
2.227861200000000000e+07
2.227861200000000000e+07
2.227861200000000000e+07
2.227861200000000000e+07
2.227861200000000000e+07
2.227861200000000000e+07
2.227861200000000000e+07
2.227861200000000000e+07
2.227861200000000000e+07
2.227861200000000000e+07
2.227861200000000000e+07
2.227861200000000000e+07
2.227861200000000000e+07
2.227861200000000000e+07
2.227861200000000000e+07
2.227861200000000000e+07
2.227861200000000000e+07
2.227861200000000000e+07
2.227861200000000000e+07
2.227861200000000000e+07
2.227861200000000000e+07
2.227861200000000000e+07
2.227861200000000000e+07
2.227861200000000000e+07
2.227861200000000000e+07
2.227861200000000000e+07
2.227861200000000000e+07
2.227861200000000000e+07
2.227861200000000000e+07
2.227861200000000000e+07
2.227861200000000000e+07
2.227861200000000000e+07
2.227861200000000000e+07
2.227861200000000000e+07
2.227861200000000000e+07
2.227861200000000000e+07
2.227861200000000000e+07
2.227861200000000000e+07
2.227861200000000000e+07
2.227861200000000000e+07
2.227861200000000000e+07
2.227861200000000000e+07
2.227861200000000000e+07
2.227861200000000000e+07
2.227861200000000000e+07
2.227861200000000000e+07
2.227861200000000000e+07
2.227861200000000000e+07
2.227861200000000000e+07
2.227861200000000000e+07
2.227861200000000000e+07
2.227861200000000000e+07
2.227861200000000000e+07
2.227861200000000000e+07
2.227861200000000000e+07
2.227861200000000000e+07
2.227861200000000000e+07
2.227861200000000000e+07
2.227861200000000000e+07
2.227861200000000000e+07
2.227861200000000000e+07
2.227861200000000000e+07
2.227861200000000000e+07
2.227861200000000000e+07
2.227861200000000000e+07
2.227861200000000000e+07
2.227861200000000000e+07
2.227861200000000000e+07
2.227861200000000000e+07
2.227861200000000000e+07
2.227861200000000000e+07
2.227861200000000000e+07
2.227861200000000000e+07
2.227861200000000000e+07
2.227861200000000000e+07
2.227861200000000000e+07
2.227861200000000000e+07
2.227861200000000000e+07
2.227861200000000000e+07
2.227861200000000000e+07
2.227861200000000000e+07
2.227861200000000000e+07
2.227861200000000000e+07
2.227861200000000000e+07
2.227861200000000000e+07
2.227861200000000000e+07
2.227861200000000000e+07
2.227861200000000000e+07
2.227861200000000000e+07
2.227861200000000000e+07
2.227861200000000000e+07
2.227861200000000000e+07
2.227861200000000000e+07
2.227861200000000000e+07
2.227861200000000000e+07
2.227861200000000000e+07
2.227861200000000000e+07
2.227861200000000000e+07
2.227861200000000000e+07
2.227861200000000000e+07
2.227861200000000000e+07
2.227861200000000000e+07
2.227861200000000000e+07
2.227861200000000000e+07
2.227861200000000000e+07
2.227861200000000000e+07
2.227861200000000000e+07
2.227861200000000000e+07
2.227861200000000000e+07
2.227861200000000000e+07
2.227861200000000000e+07
2.227861200000000000e+07
2.227861200000000000e+07
2.227861200000000000e+07
2.227861200000000000e+07
2.227861200000000000e+07
2.227861200000000000e+07
2.227861200000000000e+07
2.227861200000000000e+07
2.227861200000000000e+07
2.227861200000000000e+07
2.227861200000000000e+07
2.227861200000000000e+07
2.227861200000000000e+07
2.227861200000000000e+07
2.227861200000000000e+07
2.227861200000000000e+07
2.227861200000000000e+07
2.227861200000000000e+07
2.227861200000000000e+07
2.227861200000000000e+07
2.227861200000000000e+07
2.227861200000000000e+07
2.227861200000000000e+07
2.227861200000000000e+07
2.227861200000000000e+07
2.227861200000000000e+07
2.227861200000000000e+07
2.227861200000000000e+07
2.227861200000000000e+07
2.227861200000000000e+07
2.227861200000000000e+07
2.227861200000000000e+07
2.227861200000000000e+07
2.227861200000000000e+07
2.227861200000000000e+07
2.227861200000000000e+07
2.227861200000000000e+07
2.227861200000000000e+07
2.227861200000000000e+07
2.227861200000000000e+07
2.227861200000000000e+07
2.227861200000000000e+07
2.227861200000000000e+07
2.227861200000000000e+07
2.227861200000000000e+07
2.227861200000000000e+07
2.227861200000000000e+07
2.227861200000000000e+07
2.227861200000000000e+07
2.227861200000000000e+07
2.227861200000000000e+07
2.227861200000000000e+07
2.227861200000000000e+07
