2.203650026321411215e-01
4.280868744850158808e-02
4.212386703491211026e-02
4.207895016670227389e-02
4.219072222709655678e-02
4.215709447860718079e-02
4.225704503059387468e-02
4.215653777122497364e-02
4.212727355957031350e-02
4.223172879219055237e-02
4.242518448829651206e-02
4.223053455352783481e-02
4.229019713401794417e-02
4.209115600585937311e-02
4.204872608184814786e-02
4.242441391944885148e-02
4.244967699050903459e-02
4.236439418792724287e-02
4.250416469573974759e-02
4.231616115570068642e-02
4.233039355278014892e-02
4.238894939422607755e-02
4.248349261283874273e-02
4.230213356018066445e-02
4.226725053787231540e-02
4.247556161880493286e-02
4.267495274543762346e-02
4.250568366050719998e-02
4.239759731292724876e-02
4.254351449012756109e-02
4.248296189308166382e-02
4.270777225494384877e-02
4.258939456939696971e-02
4.268574619293213218e-02
4.254120731353759621e-02
4.258340477943420299e-02
4.252980828285217452e-02
4.269271874427795627e-02
4.267459583282470770e-02
4.315356230735779147e-02
4.268036913871765120e-02
4.282607245445251704e-02
4.262171840667724337e-02
4.289344620704650668e-02
4.272831320762634361e-02
4.287676906585693309e-02
4.278140926361084090e-02
4.280440258979797269e-02
4.290187168121337852e-02
4.264656138420105241e-02
4.278515672683715770e-02
4.271535181999206593e-02
4.271160197257995589e-02
4.288795042037964189e-02
4.363752007484435896e-02
4.274689674377441656e-02
4.264873123168945457e-02
4.272460961341857655e-02
4.288299846649169800e-02
4.303827047348022378e-02
4.258050990104675360e-02
4.281649851799011058e-02
4.311695218086242926e-02
4.255221390724182179e-02
4.246558284759521795e-02
4.264191913604736123e-02
4.243909931182861250e-02
4.270243883132934792e-02
4.262046647071838362e-02
4.228698801994323908e-02
4.223445391654968156e-02
4.244476199150085116e-02
4.241702032089233326e-02
4.248663043975830361e-02
4.223902249336242837e-02
4.226340198516845975e-02
4.182137227058410622e-02
4.224324703216552485e-02
4.236072397232055337e-02
4.244062805175781439e-02
4.217731642723083346e-02
4.242383384704589977e-02
4.261203193664550581e-02
4.248824453353881869e-02
4.245692324638366405e-02
4.247148513793945479e-02
4.222626495361327809e-02
4.248780560493468916e-02
4.246620273590087646e-02
4.185064792633056557e-02
4.256157135963439808e-02
4.262842845916747780e-02
4.274726152420044167e-02
4.258278751373290733e-02
4.275743341445922829e-02
4.252699875831603832e-02
4.246886873245239030e-02
4.297434544563293740e-02
4.259317064285278454e-02
4.254000282287597606e-02
4.236400771141052291e-02
4.256356835365295715e-02
4.269209384918212780e-02
4.269661831855774137e-02
4.268619489669799733e-02
4.247018003463744890e-02
4.247796320915222384e-02
4.286316871643066490e-02
4.257673072814941589e-02
4.252815127372741588e-02
4.262899708747863725e-02
4.271545195579528470e-02
4.283652329444885554e-02
4.316959714889526123e-02
4.288971495628356861e-02
4.292288589477539357e-02
4.274403429031371771e-02
4.308730626106262174e-02
4.319392490386962657e-02
4.272289896011352561e-02
4.265396785736084301e-02
4.309337639808654558e-02
4.303806185722350991e-02
4.299730682373047175e-02
4.241866898536682251e-02
4.281582164764403953e-02
4.305216884613036893e-02
4.312458968162536516e-02
4.316216993331908891e-02
4.282016444206238059e-02
4.311035418510437284e-02
4.277378392219543385e-02
4.259626817703247165e-02
4.283922290802001653e-02
4.285756087303161516e-02
4.289834880828857083e-02
4.305655550956725974e-02
4.321633529663086032e-02
4.280096769332885492e-02
4.300988221168518255e-02
4.363332843780517306e-02
4.349513316154479670e-02
4.331887745857238708e-02
4.374623894691467146e-02
4.330070543289184226e-02
4.339894247055053889e-02
4.272727441787720071e-02
4.304979872703552229e-02
4.362983655929565663e-02
4.285540890693664839e-02
4.262575221061706832e-02
4.300322222709655751e-02
4.324921369552612443e-02
4.314849996566772622e-02
4.346664786338805958e-02
4.323486781120300382e-02
4.309763979911804266e-02
4.336265993118286477e-02
4.316492581367492587e-02
4.299398279190063538e-02
4.298742198944091597e-02
4.250954723358154469e-02
4.270769810676574435e-02
4.318248963356018100e-02
4.324903988838196128e-02
4.354453396797180326e-02
4.351794266700744623e-02
4.289183640480041804e-02
4.347969889640808383e-02
4.347913122177123751e-02
4.357609224319457936e-02
4.318785333633422957e-02
4.319513988494873280e-02
4.317791938781738448e-02
4.333096504211425559e-02
4.402707409858703375e-02
4.329670381546020519e-02
4.368800902366638123e-02
4.352314448356628396e-02
4.339632320404052807e-02
4.332556748390197637e-02
4.374036550521850919e-02
4.367331695556640747e-02
4.354152154922485279e-02
4.328052091598511009e-02
4.314726042747497881e-02
4.248873996734619379e-02
4.286774563789367415e-02
4.343638229370117010e-02
4.340245819091796686e-02
4.353741598129272361e-02
4.386148309707641607e-02
4.319294524192809903e-02
4.337947988510131719e-02
4.378793287277221724e-02
4.377301454544067078e-02
4.368750166893005382e-02
4.390792489051818792e-02
4.365124964714050398e-02
4.286830449104309104e-02
4.351063156127929488e-02
4.258378958702087325e-02
4.352201724052429110e-02
4.388980793952941550e-02
4.427296996116638489e-02
4.306228137016296365e-02
4.359836530685425038e-02
4.386943864822387407e-02
4.387376117706298650e-02
4.340240526199341115e-02
4.334938335418701133e-02
4.340578269958496327e-02
4.395629262924194425e-02
4.383779191970825495e-02
4.347291731834411477e-02
4.361774396896362510e-02
4.337980055809020907e-02
4.364649105072021529e-02
4.379095697402954346e-02
4.372112822532654014e-02
4.357204008102417286e-02
4.359334492683410861e-02
4.367109823226928561e-02
4.344499802589416732e-02
4.330238509178161582e-02
4.405160617828369346e-02
4.376784062385558755e-02
4.315621185302734308e-02
4.381403255462646557e-02
4.348119568824768133e-02
4.388159179687500105e-02
4.380556106567382729e-02
4.307705688476562433e-02
4.279468750953674405e-02
4.365153861045837497e-02
4.308525586128234691e-02
4.355563378334045138e-02
4.355382871627807434e-02
4.405785226821899714e-02
4.396524739265442183e-02
4.366176128387451449e-02
4.392391514778137135e-02
4.386320710182189941e-02
4.279634690284728898e-02
4.410683107376098949e-02
4.441162037849426258e-02
4.379426240921020785e-02
4.392984008789062311e-02
4.376878142356872836e-02
4.369864106178283913e-02
4.397168850898742348e-02
4.420848774909973133e-02
4.397007942199707142e-02
4.354844403266906749e-02
4.417143678665161333e-02
4.407847476005553877e-02
4.393896079063415450e-02
4.381152820587157909e-02
4.410299134254455633e-02
4.377210783958435103e-02
4.262010979652404441e-02
4.392318606376648116e-02
4.420100378990172996e-02
4.401963210105896279e-02
4.416906547546387007e-02
4.445088219642639310e-02
4.428352499008178511e-02
4.405882048606872547e-02
4.411138796806335360e-02
4.439145374298095886e-02
4.493489503860473300e-02
4.458235740661620899e-02
4.433560132980346458e-02
4.431724357604980430e-02
4.432938337326049888e-02
4.414839744567870816e-02
4.405730390548705938e-02
4.460479950904846363e-02
4.449922871589660767e-02
4.444005227088928395e-02
4.468194913864136086e-02
4.420071363449096929e-02
4.409387111663818498e-02
4.441515779495239236e-02
4.393475174903869324e-02
4.458825850486755615e-02
4.470582103729248136e-02
4.410196614265442239e-02
4.445272684097290039e-02
4.456205749511718550e-02
4.417400932312011419e-02
4.418889212608337336e-02
4.439240550994873191e-02
4.403792119026184171e-02
4.482920074462890675e-02
4.420305109024048190e-02
4.436907172203063965e-02
4.433821344375610263e-02
4.418016362190246848e-02
4.417081403732299461e-02
4.455592942237854293e-02
4.454440569877624739e-02
4.450148320198059337e-02
4.480448651313781450e-02
4.483584809303283597e-02
4.438613629341125327e-02
4.383548426628113004e-02
4.434269928932189908e-02
4.410884356498718378e-02
4.423870444297790805e-02
4.441291689872741560e-02
4.440760374069213645e-02
4.405918335914611739e-02
4.365534687042236378e-02
4.445985221862792935e-02
4.431337356567383035e-02
4.427953052520752081e-02
4.404614496231078896e-02
4.440597081184387285e-02
4.466557574272155690e-02
4.427639508247375316e-02
4.422390151023864596e-02
4.460565376281738076e-02
4.332685208320617709e-02
4.491913414001464516e-02
4.448461365699767772e-02
4.434173631668091031e-02
4.468723607063293524e-02
4.445527672767639327e-02
4.510153985023498263e-02
4.439689540863037132e-02
4.406098413467407493e-02
4.457743906974792614e-02
4.418637943267822443e-02
4.383958983421325922e-02
4.403017115592956776e-02
4.447447609901428178e-02
4.420434093475341525e-02
4.451400256156921170e-02
4.481641864776611528e-02
4.483090686798095470e-02
4.454486775398254494e-02
4.382205796241760154e-02
4.394367170333862010e-02
4.428889369964599670e-02
4.424345660209656056e-02
4.437603855133056413e-02
4.337262916564941367e-02
4.470058226585388317e-02
4.438118720054626265e-02
4.418711066246032437e-02
4.373849463462829712e-02
4.463797616958618125e-02
4.469723749160766507e-02
4.456185603141784440e-02
4.476718616485595575e-02
4.440178227424621676e-02
4.456030607223510770e-02
4.468795561790466636e-02
4.478358602523803411e-02
4.487834453582763977e-02
4.409351301193237260e-02
4.442176628112792791e-02
4.479386687278747586e-02
4.529849553108215160e-02
4.417294955253601302e-02
4.485482978820800465e-02
4.436411452293396313e-02
4.438747239112854348e-02
4.478665184974670727e-02
4.461541748046875255e-02
4.407056307792663746e-02
4.372786927223205888e-02
4.491771364212036183e-02
4.355239892005920155e-02
4.305572128295898776e-02
4.448451852798462197e-02
4.438636183738708246e-02
4.509317183494567643e-02
4.478989267349243325e-02
4.536739706993103000e-02
4.478456568717956859e-02
4.518925261497497292e-02
4.465503478050231873e-02
4.498572134971618591e-02
4.454504823684692083e-02
4.467209720611572260e-02
4.464343166351318615e-02
4.445559120178222551e-02
4.475441932678222989e-02
4.461766648292541521e-02
4.520493268966675054e-02
4.455204677581787315e-02
4.476204442977905346e-02
4.451205492019653237e-02
4.414927315711975053e-02
4.429989123344421631e-02
4.487006926536560303e-02
4.453862476348877109e-02
4.472310161590576510e-02
4.458853149414062494e-02
4.489083695411682368e-02
4.448434376716613875e-02
4.445296239852905562e-02
4.482192397117614607e-02
4.462191081047058028e-02
4.480956888198852489e-02
4.447378158569335882e-02
4.510345029830932495e-02
4.470014929771423673e-02
4.468877482414245622e-02
4.522921776771545582e-02
4.497935652732849149e-02
4.448558330535888616e-02
4.509212613105773731e-02
4.503814029693603560e-02
4.486478376388549488e-02
4.511061811447143743e-02
4.503522253036498779e-02
4.508662223815917969e-02
4.492513489723205800e-02
4.479584956169128246e-02
4.502473115921020591e-02
4.526958513259887740e-02
4.494825363159180021e-02
4.478022432327270763e-02
4.479576849937438876e-02
4.452721762657165655e-02
4.484278964996337574e-02
4.485306406021118131e-02
4.520019316673278692e-02
4.530273652076721030e-02
4.455356788635254223e-02
4.465245580673217474e-02
4.506592750549316684e-02
4.499438524246215931e-02
4.535359168052673084e-02
4.555768322944640791e-02
4.471559715270995855e-02
4.493145012855529613e-02
4.497708153724670754e-02
4.507737874984741461e-02
4.475553917884826649e-02
4.552392244338989563e-02
4.469260287284851363e-02
4.532082819938659801e-02
4.534955406188964644e-02
4.543393826484680431e-02
4.556511640548706332e-02
4.502172350883484192e-02
4.500572657585143882e-02
4.468219065666198531e-02
4.467891407012939547e-02
4.505231070518493641e-02
4.538958787918091070e-02
4.491073155403137174e-02
4.483786106109619030e-02
4.505631113052368381e-02
4.461991643905639793e-02
4.493830585479736267e-02
4.549269199371337724e-02
4.420819926261902039e-02
4.494981956481933910e-02
4.500723385810852240e-02
4.445965766906738448e-02
4.391663098335266135e-02
4.500761461257934276e-02
4.466193938255309803e-02
4.437491035461425815e-02
4.427813053131103571e-02
4.513497543334960699e-02
4.491044640541076716e-02
4.484180045127868913e-02
4.507585096359252586e-02
4.511166071891784674e-02
4.532506966590881675e-02
4.505635070800781405e-02
4.471120214462280529e-02
4.480694675445556774e-02
4.535405898094177490e-02
4.522088336944580372e-02
4.456452703475952126e-02
4.535377669334411666e-02
4.516622400283813732e-02
4.448654818534850813e-02
4.474130511283874734e-02
4.484759879112243386e-02
4.491182780265808028e-02
4.492331933975219488e-02
4.525397515296936124e-02
4.473153591156005943e-02
4.464260149002075018e-02
4.478470849990844743e-02
4.521601319313049011e-02
4.545807695388794090e-02
4.502425718307494912e-02
4.457545924186706587e-02
4.467907285690307650e-02
4.484240126609802257e-02
4.490489125251770353e-02
4.519570088386535428e-02
4.489044737815856695e-02
4.502031016349792442e-02
4.496519947052001615e-02
4.538161921501159685e-02
4.437042570114135831e-02
4.522263073921203858e-02
4.535707688331604148e-02
4.496287608146667253e-02
4.492208719253540372e-02
4.545771741867065535e-02
4.551088094711303739e-02
4.442057728767394992e-02
4.521248269081115656e-02
4.518758296966552540e-02
4.514180445671081565e-02
4.517941856384277005e-02
4.503952646255492825e-02
4.503206539154052529e-02
4.585068464279174610e-02
4.503604125976562456e-02
4.497288990020752164e-02
4.545199131965637490e-02
4.525900316238403581e-02
4.553665447235107078e-02
4.503297734260559154e-02
4.514469313621521235e-02
4.540510964393616039e-02
4.527539157867431496e-02
4.526423788070678411e-02
4.494723939895629850e-02
4.444157838821410911e-02
4.487262201309204224e-02
4.475997281074523687e-02
4.507039904594421081e-02
4.498665809631347684e-02
4.526915407180786416e-02
4.552645516395568970e-02
4.509088873863219965e-02
4.574884438514709162e-02
4.511724185943603860e-02
4.530778908729553300e-02
4.457937574386596630e-02
4.507380437850952437e-02
4.523191761970520031e-02
4.501232242584228549e-02
4.456313419342040894e-02
4.571814703941345231e-02
4.492355704307555986e-02
4.559253025054931657e-02
4.514265036582947033e-02
4.579375839233398165e-02
4.535079717636108371e-02
4.541252207756042714e-02
4.452129840850829745e-02
4.516465759277343839e-02
4.491509985923767406e-02
4.500466227531432772e-02
4.491158819198608210e-02
4.530995535850525224e-02
4.514331030845641912e-02
4.561903762817382663e-02
4.478744912147521878e-02
4.524517273902892850e-02
4.512314009666442555e-02
4.529416227340698348e-02
4.494497203826904042e-02
4.522935509681701854e-02
4.492677950859069735e-02
4.490758085250854542e-02
4.432810831069946417e-02
4.500159716606139809e-02
4.485980939865112649e-02
4.521526694297790805e-02
4.502054738998412936e-02
4.545110011100769037e-02
4.522404670715331892e-02
4.561142849922179832e-02
4.555963945388794012e-02
4.495811963081360052e-02
4.589809036254882679e-02
4.488508176803589211e-02
4.498236489295959206e-02
4.502584767341613614e-02
4.542432498931885110e-02
4.558148717880249057e-02
4.578241634368896557e-02
4.519763875007629106e-02
4.529388165473938188e-02
4.589531373977660811e-02
4.539274454116821317e-02
4.585755062103271523e-02
4.623404788970947310e-02
4.479167675971985202e-02
4.535348796844482222e-02
4.517223525047302235e-02
4.564096522331238109e-02
4.557076549530029302e-02
4.522225666046142400e-02
4.552369785308837957e-02
4.551080465316772322e-02
4.543553638458251720e-02
4.578109574317932445e-02
4.568673658370971807e-02
4.593695354461670155e-02
4.531287932395935275e-02
4.560782170295715060e-02
4.590205645561218351e-02
4.554969000816345287e-02
4.524147486686706798e-02
4.582572102546692006e-02
4.553722190856933361e-02
4.521453499794006459e-02
4.521034216880798207e-02
4.560875725746154491e-02
4.488501834869385032e-02
4.483767080307006492e-02
4.578397321701049849e-02
4.596895790100097995e-02
4.572133445739746255e-02
4.542218184471130682e-02
4.531771683692931846e-02
4.571829342842102101e-02
4.575409626960754567e-02
4.584781408309936829e-02
4.589392995834350869e-02
4.562837743759155101e-02
4.563517260551452903e-02
4.568123316764831354e-02
4.607351899147033719e-02
4.578252696990967041e-02
4.550006389617920061e-02
4.561760282516479775e-02
4.571815633773803483e-02
4.620183014869690130e-02
4.577501249313354476e-02
4.583623290061950711e-02
4.540755248069763134e-02
4.541518616676330777e-02
4.557582092285156206e-02
4.566118764877319380e-02
4.598714399337768682e-02
4.586682558059692466e-02
4.545303726196289057e-02
4.543274998664856290e-02
4.471216630935669067e-02
4.490735244750976296e-02
4.576707839965820507e-02
4.526130986213684065e-02
4.529247617721557373e-02
4.569654488563537620e-02
4.584957766532898188e-02
4.643599534034729276e-02
4.531960654258727905e-02
4.547652387619018771e-02
4.579527211189270142e-02
4.556023430824279741e-02
4.545153141021728710e-02
4.572568869590759588e-02
4.577912354469299006e-02
4.571884250640868841e-02
4.637120890617370261e-02
4.607146286964416276e-02
4.531841444969177124e-02
4.546220850944519137e-02
4.542767858505249168e-02
4.536540532112121743e-02
4.558979535102844483e-02
4.525348305702209251e-02
4.542886400222777982e-02
4.539827609062194874e-02
4.546021437644958557e-02
4.573390030860900735e-02
4.545134615898132474e-02
4.545997357368469077e-02
4.531230068206787420e-02
4.632022285461425554e-02
4.669585394859313704e-02
4.664513969421386907e-02
4.649707698822021229e-02
4.653527235984802196e-02
4.570443511009216614e-02
4.547275424003600908e-02
4.599320912361144764e-02
4.591005778312683139e-02
4.599957370758056552e-02
4.615337157249450872e-02
4.572295427322387723e-02
4.551193714141845564e-02
4.562572669982910278e-02
4.582391691207885615e-02
4.625860929489136047e-02
4.617742180824279535e-02
4.614560174942016618e-02
4.614325332641601440e-02
4.559981250762939337e-02
4.552200889587402349e-02
4.570516395568847978e-02
4.677282738685607788e-02
4.559724617004394520e-02
4.597215771675109558e-02
4.569239354133605713e-02
4.599000763893127536e-02
4.575242686271667469e-02
4.559244799613952626e-02
4.590940833091736173e-02
4.555282330513000383e-02
4.565230536460876398e-02
4.565733838081360157e-02
4.457474017143249478e-02
4.456826853752136192e-02
4.511170101165771357e-02
4.485038685798645175e-02
4.606967163085937816e-02
4.597910618782043157e-02
4.582248592376708674e-02
4.636719870567321961e-02
4.589154815673827936e-02
4.606463575363159424e-02
4.630519866943359070e-02
4.653999710083008001e-02
4.633545851707458751e-02
4.635022926330566173e-02
4.636525917053222617e-02
4.639024066925048762e-02
4.681939435005187666e-02
4.615315032005309903e-02
4.622999095916748014e-02
4.561170601844787703e-02
4.653700017929077171e-02
4.645063853263854681e-02
4.630069541931152582e-02
4.634021735191345276e-02
4.610468816757202354e-02
4.513521695137023837e-02
4.566559410095214627e-02
4.603551101684570657e-02
4.627398014068603849e-02
4.591370177268981612e-02
4.613806772232055542e-02
4.621309232711792031e-02
4.591009259223938210e-02
4.569351530075073387e-02
4.579357337951660278e-02
4.638440966606140192e-02
4.653660655021667203e-02
4.608829355239868475e-02
4.625373172760009755e-02
4.653843379020691090e-02
4.604929852485657032e-02
4.561761903762817649e-02
4.633316993713378767e-02
4.589078021049499551e-02
4.608972740173340049e-02
4.631197786331176652e-02
4.530039048194885176e-02
4.601212906837463118e-02
4.592456340789794617e-02
4.635834336280822421e-02
4.593658089637756015e-02
4.579965043067932284e-02
4.564586925506591841e-02
4.591284108161926281e-02
4.619805121421814015e-02
4.602119183540344383e-02
4.608911633491516446e-02
4.591019988059997364e-02
4.640745520591735979e-02
4.651095342636108604e-02
4.624639177322387856e-02
4.578030252456664895e-02
4.594888997077942183e-02
4.656774806976318043e-02
4.698425459861755443e-02
4.662302398681640592e-02
4.585569834709167514e-02
4.629059743881225319e-02
4.618448400497436601e-02
4.650631856918335111e-02
4.618165898323058766e-02
4.612242174148559887e-02
4.627265667915344410e-02
4.585559630393981623e-02
4.621549749374389421e-02
4.612068510055541970e-02
4.602682113647461187e-02
4.673553109169006209e-02
4.595349383354187245e-02
4.612024259567260726e-02
4.632576036453246726e-02
4.568611526489257946e-02
4.674725866317749196e-02
4.600052618980407515e-02
4.598971629142761114e-02
4.598129820823669556e-02
4.580142068862914917e-02
4.603629136085510276e-02
4.591014099121093484e-02
4.568627166748046725e-02
4.471606612205505232e-02
4.617680549621581976e-02
4.617298841476440152e-02
4.626569056510925620e-02
4.612651896476745866e-02
4.669164013862609625e-02
4.625671529769897344e-02
4.636726117134094133e-02
4.642506623268127103e-02
4.661864161491394154e-02
4.611938071250915733e-02
4.664572620391845698e-02
4.655243086814880166e-02
4.626208853721618802e-02
4.593249750137329279e-02
4.586744952201843306e-02
4.604466342926025191e-02
4.635114908218383734e-02
4.674442219734192133e-02
4.656090283393859997e-02
4.657144641876220792e-02
4.657295393943786804e-02
4.576123166084289373e-02
4.594035816192627159e-02
4.608540487289428805e-02
4.656511044502258112e-02
4.631128859519958313e-02
4.605914163589477223e-02
4.602642202377319608e-02
4.661628246307372714e-02
4.686836433410644653e-02
4.593395543098449663e-02
4.627282309532165794e-02
4.648244428634643738e-02
4.614345765113830877e-02
4.607193017005920682e-02
4.660878849029541360e-02
4.648977255821228061e-02
4.647098040580749378e-02
4.616197061538696023e-02
4.598406314849853849e-02
4.655640339851379456e-02
4.631243062019348156e-02
4.605869793891907010e-02
4.642140650749206759e-02
4.620281934738159485e-02
4.631515789031982744e-02
4.601251316070556485e-02
4.665160179138183594e-02
4.642330884933471707e-02
4.686865401268005410e-02
4.624402952194214128e-02
4.670784735679626293e-02
4.636780166625976279e-02
4.630136418342590404e-02
4.678997564315796193e-02
4.695445227622985912e-02
4.608898949623108088e-02
4.642194128036498946e-02
4.628837108612060547e-02
4.617718529701232699e-02
4.651469445228576666e-02
4.647516179084777710e-02
4.672371363639831604e-02
4.639621758460998197e-02
4.690720748901366921e-02
4.635044455528259527e-02
4.617875933647155873e-02
4.620302772521972523e-02
4.598432707786560131e-02
4.647257113456725736e-02
4.665958714485168163e-02
4.693422198295593012e-02
4.698733782768249601e-02
4.693272256851196284e-02
4.669195675849914517e-02
4.653001117706298539e-02
4.642296314239501703e-02
4.588666057586669733e-02
4.700265169143676841e-02
4.673427534103393594e-02
4.714016771316528048e-02
4.623348736763000649e-02
4.673606801033020064e-02
4.613189029693603310e-02
4.659594106674194020e-02
4.649184513092041032e-02
4.715296912193298051e-02
4.681926059722900380e-02
4.674752426147461143e-02
4.622137355804443321e-02
4.644306182861328292e-02
4.636884665489196533e-02
4.649888873100280900e-02
4.701657104492187184e-02
4.682945632934570196e-02
4.681980705261230141e-02
4.641758418083190979e-02
4.681302404403686612e-02
4.687641096115112427e-02
4.673842954635620134e-02
4.689204907417297147e-02
4.655480957031250117e-02
4.654411554336548157e-02
4.649708509445190513e-02
4.639642214775085288e-02
4.644840979576110584e-02
4.671431732177734608e-02
4.659291625022888433e-02
4.622596263885497825e-02
4.696606492996215770e-02
4.680863785743713534e-02
4.679805779457092002e-02
4.678243589401245156e-02
4.671503162384033070e-02
4.681080436706543113e-02
4.692633056640625050e-02
4.671597504615783436e-02
4.618535733222961515e-02
4.646079897880554116e-02
4.693923425674438599e-02
4.686137056350708069e-02
4.669463133811950495e-02
4.669351005554199519e-02
4.672263360023498624e-02
4.694269394874572843e-02
4.690371298789978299e-02
4.624762797355651961e-02
4.685848522186279036e-02
4.663324165344238242e-02
4.676554989814758062e-02
4.664666748046875089e-02
4.645501732826232827e-02
4.691595339775085638e-02
4.671772670745849565e-02
4.675949430465698581e-02
4.632128500938415688e-02
4.642916321754455428e-02
4.633930325508117676e-02
4.716815972328185919e-02
4.657300925254821700e-02
4.660710239410400385e-02
4.661143183708191251e-02
4.664081931114196639e-02
4.721388649940490984e-02
4.703563642501831094e-02
4.676245880126952970e-02
4.688474273681640658e-02
4.686485075950622831e-02
4.707091856002807578e-02
4.649755430221557545e-02
4.625706982612609597e-02
4.693369293212890786e-02
4.662362694740295604e-02
4.672401642799377253e-02
4.663860940933227395e-02
4.673046350479125727e-02
4.654288005828857711e-02
4.707660341262817627e-02
4.644063735008240046e-02
4.680651235580444297e-02
4.657626557350158514e-02
4.680111074447632080e-02
4.683801579475403015e-02
4.678053903579711820e-02
4.691096496582031206e-02
4.651027083396911538e-02
4.673106217384338096e-02
4.642094445228577004e-02
4.668719959259032964e-02
4.643310832977294578e-02
4.697183394432068171e-02
4.716912031173706166e-02
4.683254098892211670e-02
4.694108271598815968e-02
4.654897809028625544e-02
4.591204452514648093e-02
4.664335227012634394e-02
4.650435924530029602e-02
4.713171672821044739e-02
4.680577301979065019e-02
4.684664440155029280e-02
4.670548987388610518e-02
4.722059035301208463e-02
4.650718545913696406e-02
4.708793807029724304e-02
4.681373310089111117e-02
4.711867952346801558e-02
4.610086607933044228e-02
4.646824455261230197e-02
4.694481348991393771e-02
4.663086652755737277e-02
4.667266440391540372e-02
4.694389891624450861e-02
4.726043701171875333e-02
4.773117160797119007e-02
4.710385251045227234e-02
4.680525231361389038e-02
4.729649376869201477e-02
4.707928252220153903e-02
