1.817475667161480999e+02
1.574831141254057059e+02
1.413272527300571255e+02
1.515252603074370086e+02
2.152593629855185213e+02
1.383853444920779054e+02
1.638503550922140448e+02
1.401395535914622030e+02
1.192569257158710911e+02
1.240311368671628713e+02
1.348419222933030426e+02
2.657456049360075099e+02
1.108070894554518873e+02
9.165405748212484127e+01
1.074745747041725394e+02
8.917674362385324116e+01
7.094153742176675337e+01
7.304329527252922105e+01
7.267729730897674756e+01
6.882494210008583480e+01
5.032185550252037842e+01
4.963117741066918853e+01
3.797905636006208141e+01
3.718630581193752960e+01
3.411612682181647216e+01
4.742790063040589388e+01
3.538212801322682566e+01
4.489408374822573222e+01
4.197745213349519844e+01
4.466605827613273760e+01
3.823382469843720344e+01
3.360416803523220608e+01
4.429584398534710488e+01
2.525960582526992582e+01
3.209370575519513835e+01
3.675399318926152858e+01
2.451305788474916980e+01
5.187457116191362871e+01
3.857435848626726482e+01
3.043625207457322190e+01
3.308265500046294960e+01
1.637406090195790043e+01
2.182827246204700700e+01
2.919744478468305715e+01
2.397329753364904192e+01
2.379777459185287825e+01
1.937395296168088521e+01
2.006114657038666138e+01
2.033264677868599080e+01
2.509597844151151591e+01
2.863246288427604114e+01
2.400572326787758115e+01
2.531337756463972610e+01
2.230772855850100456e+01
1.419528716495419829e+01
1.071847919015414874e+01
1.089475688345010873e+01
1.625568267541525103e+01
2.996604841874230374e+01
1.712798033742883064e+01
1.774326029358192969e+01
1.848418963539563364e+01
1.139204926135684204e+01
1.626677289906839263e+01
1.522334546739661754e+01
2.681669268413658003e+01
1.949434219547524449e+01
2.139960744507602186e+01
1.253903461444004819e+01
2.190181752567259466e+01
1.145280585269859053e+01
1.727238048280060667e+01
2.267956984884611416e+01
1.906199333908654125e+01
2.380201358492859853e+01
1.403869154577335721e+01
2.686590327343045104e+01
1.589519872974237558e+01
1.421708822481592982e+01
2.747739905519532755e+01
1.478424605846854689e+01
2.312141643951497727e+01
1.379926078778671972e+01
1.531431994688812814e+01
1.464010126587874261e+01
2.076436267990024476e+01
1.701754180019364426e+01
1.445815663508874671e+01
1.683247836207969428e+01
2.155657807609400223e+01
1.528816681887312257e+01
2.477502174750745567e+01
2.040635434592433128e+01
1.706197566797472831e+01
1.110695180361770973e+01
1.554649463265594633e+01
2.593917008987188311e+01
1.591859719465925949e+01
1.089337884540203838e+01
1.660496783488039796e+01
1.611864619913249186e+01
2.011413472630108501e+01
2.482632978915705024e+01
1.653672238101078307e+01
1.421919864327494665e+01
1.546411900555728103e+01
1.350388731859334968e+01
1.770193276060957288e+01
3.039312561253808909e+01
1.776917245748959928e+01
1.668162895658124967e+01
1.543041473243101791e+01
2.061251611961562347e+01
1.341294383702342508e+01
1.647284349035164297e+01
2.507584107587119604e+01
1.490972454637227251e+01
1.836454582083164055e+01
2.491723744763108428e+01
1.712553586699560171e+01
2.352821519352242063e+01
1.961008790715860783e+01
2.265329132151662606e+01
1.957387078249964318e+01
1.645683603510815018e+01
2.496435328673340948e+01
1.886870843253661079e+01
1.284728981865386110e+01
1.689912364101093800e+01
2.699736662656104258e+01
2.493689816112556557e+01
2.297269818800999985e+01
1.597179769607792821e+01
1.939533788092822775e+01
1.548730747773283234e+01
2.011641438755932043e+01
2.529551820441036014e+01
2.707571832851593641e+01
3.273355870284265734e+01
1.834994422361814870e+01
2.187862541050912313e+01
2.171982123229390282e+01
2.088788447623127809e+01
2.789600680602434934e+01
1.626584127198483642e+01
2.078920506757476616e+01
1.567857803996003874e+01
1.777094197259466668e+01
2.967991812987876088e+01
1.130818559501780385e+01
2.103992504067823788e+01
2.054490255561517387e+01
2.475952895541801979e+01
2.210545150371135392e+01
1.849982672458273214e+01
2.651773457504652143e+01
2.453615828922223230e+01
1.850509115055212916e+01
2.335702824518311616e+01
3.623868130779366226e+01
3.108730207946142698e+01
2.597474834811602307e+01
2.591217005510113935e+01
2.263142435468305536e+01
1.827656774224735514e+01
4.312253559787112778e+01
2.822528358953387695e+01
2.060956038106018440e+01
2.617603709563894299e+01
2.655162721633612577e+01
2.563282802667553639e+01
2.458352718597947373e+01
1.919584621346388076e+01
2.131685040049581659e+01
2.251274074168320283e+01
2.087156015600380243e+01
2.780970471514824283e+01
2.040423192591727997e+01
1.847832387179878566e+01
2.284317869626019970e+01
3.655795796138129106e+01
1.829221558380942980e+01
1.967014936960543281e+01
1.852645739602834496e+01
2.888743628931457152e+01
2.022046718387244013e+01
2.568971726528046773e+01
2.334514944479167653e+01
2.549255402435042939e+01
3.223454862078303762e+01
2.576542523219490732e+01
1.955203678325602468e+01
1.766661722948649782e+01
3.767746997450630886e+01
2.422886734119532903e+01
2.588457552419750840e+01
1.555379023952530559e+01
2.668497009069959702e+01
3.063937701876388431e+01
2.407758802852979940e+01
2.112864179383948127e+01
2.157572997611135435e+01
2.266398467200434652e+01
1.956081365829849972e+01
2.616192458572717072e+01
1.862651712577306995e+01
2.521584132251417643e+01
3.906263450114686009e+01
2.769166466421195238e+01
2.547802918438056352e+01
2.310139069873038054e+01
2.072801203749946808e+01
1.824136985620919660e+01
2.334543691836422141e+01
3.775450575021845623e+01
1.960955404155900084e+01
2.109005438912366159e+01
2.853936049401479735e+01
1.962235966262426956e+01
1.381232840401549566e+01
3.247739454899635803e+01
2.139150303921130813e+01
2.545294046206475969e+01
2.292413243735991557e+01
2.915083698002806756e+01
2.304614934862403075e+01
2.587114204791478045e+01
2.002852389961606150e+01
2.409146622298711549e+01
2.305263409859712098e+01
1.698557032737692296e+01
3.718340291193086955e+01
2.299400628356826459e+01
2.312237857527408380e+01
2.079760913361470287e+01
3.585167391974098194e+01
2.068541388103767531e+01
2.927580189875875050e+01
2.229652581640088016e+01
2.287245961146514972e+01
2.850699535970250409e+01
2.883601396407659223e+01
2.365099971161095382e+01
2.208218152506400145e+01
2.802308796212282616e+01
2.339153377737919826e+01
3.351231442842498609e+01
2.306995964634271701e+01
2.489468161077758523e+01
2.790090897331270270e+01
2.296822856426868853e+01
1.878285402686755035e+01
2.814463284500459395e+01
2.114244413935934830e+01
2.456087358527738473e+01
1.889529594610414165e+01
2.525734835890066776e+01
2.506416416642840161e+01
2.279376680033352898e+01
3.509113763217170145e+01
2.404558938247993183e+01
2.031692531243706057e+01
2.428286417925081508e+01
2.936748518023466303e+01
1.960886486988845334e+01
2.487442394431269221e+01
1.917968637392540288e+01
3.446959283989333755e+01
3.670954929467688999e+01
2.813664342623141223e+01
1.763765617532488506e+01
2.108300090345489153e+01
2.338740500187440929e+01
2.507467044649896692e+01
2.187268653889289993e+01
2.286068076999769261e+01
2.982757527604262293e+01
3.371816428330592430e+01
2.368022628219886627e+01
2.907250060279402959e+01
2.286622197958591940e+01
2.015294961660383066e+01
2.264482310406177845e+01
2.873320972652950900e+01
2.962485047358990187e+01
2.855619457339942713e+01
2.847615128882220858e+01
2.171559191480300299e+01
2.063995183889824148e+01
2.099762028312377282e+01
2.092680508038529652e+01
2.251312351911017728e+01
1.785864643369659532e+01
3.291437078309332520e+01
3.716966249335500549e+01
2.024412104902240017e+01
1.479262795633351857e+01
3.023127358407072762e+01
2.445053341716294781e+01
2.114839935308736329e+01
3.057780979211355188e+01
2.690991050335847135e+01
2.227612401337418646e+01
3.330360317348630872e+01
2.678952071722679307e+01
2.652873486080260790e+01
3.557863267694029474e+01
4.166466681800078931e+01
2.095234149329779783e+01
2.291605413247816614e+01
2.790695557834271767e+01
2.336532999316572656e+01
2.161538334383466164e+01
3.017163718317205579e+01
3.604254674955410565e+01
3.173218407949327968e+01
2.160011013713245376e+01
3.035515672498166495e+01
2.952487368937343604e+01
2.399330532416810868e+01
2.132382635093070178e+01
3.306949281550856767e+01
2.734957544224538495e+01
2.848511461489528074e+01
3.073151022647392239e+01
1.791716915384392550e+01
2.275287503315130522e+01
1.935915463748311183e+01
2.187625141254061489e+01
3.125052738963185917e+01
3.276733193534904842e+01
3.206167497285240842e+01
2.730246586082783367e+01
1.839938490705903718e+01
2.651783054086097025e+01
2.909816208642256896e+01
1.852361874336858705e+01
2.476267601069963220e+01
3.050744458358102662e+01
2.046473531042078875e+01
5.627368196325385696e+01
3.776089533567974854e+01
2.285598128268792095e+01
3.705886174003828870e+01
2.521945759838640200e+01
2.812055682951174518e+01
2.901085879908168508e+01
3.142327420939964355e+01
2.650035532794325377e+01
2.555711253575912068e+01
2.993192555298825397e+01
3.833131864259033250e+01
3.748168155249736344e+01
2.391944177845263653e+01
2.081398579545775007e+01
2.158238238088561900e+01
2.265084376309332370e+01
3.152061033627035869e+01
2.766983621956669381e+01
2.546857377049211735e+01
1.667254900573967191e+01
2.227169332055255069e+01
2.356510075755495848e+01
1.945896122233641989e+01
2.205013223185900628e+01
2.835524544819547899e+01
3.199081905028933548e+01
2.388364532735553425e+01
2.934082006852531421e+01
2.719512241214847847e+01
2.567915611168170997e+01
2.964042430262895067e+01
2.811300094844267150e+01
2.114275721247955175e+01
2.946070989348852009e+01
2.157872032880829138e+01
4.209515925359935551e+01
2.607839265341197432e+01
2.069236345175746905e+01
2.957391380499554856e+01
2.180355542697788707e+01
2.708569011984649322e+01
2.459381582932841681e+01
4.385858768403250707e+01
2.226189497935963146e+01
2.962785479727871163e+01
2.525982697399190613e+01
2.969626240166092757e+01
3.270745486099175281e+01
2.422824941768395135e+01
2.772907328123543991e+01
3.398400516106504909e+01
2.276177517984826792e+01
2.413466914619861470e+01
3.496371636403747374e+01
3.706320893539383832e+01
3.964868565531140376e+01
2.525576872924723659e+01
3.186035315937648704e+01
2.869298364092592735e+01
2.013838455130021288e+01
2.013630892984221887e+01
2.660935732914932572e+01
1.622064873521177120e+01
2.431024540682573587e+01
1.504319170344373902e+01
2.879264301737980603e+01
1.718378201761887780e+01
2.254943379557460403e+01
2.368567244274290928e+01
3.055918811103962796e+01
2.356240515994503681e+01
3.015677257706799352e+01
1.469832344137716795e+01
2.272182834522206818e+01
2.397567812921165853e+01
1.566571078171057252e+01
2.659101619237393876e+01
2.669531944085075281e+01
3.103398936186265544e+01
3.112268594834537083e+01
2.770119040984625514e+01
1.835500089383634403e+01
3.720515745018358444e+01
2.055122152842741556e+01
2.847844299413000613e+01
2.141980813211315748e+01
1.406991762201743335e+01
2.370952435552048598e+01
2.707264029101390079e+01
2.863979161145058328e+01
3.566321477623396419e+01
1.658207405860902739e+01
1.592516263277874700e+01
2.282501817534456734e+01
2.798418573273599108e+01
3.865093789681279191e+01
2.165944430262644360e+01
3.445354935106277594e+01
2.691614852745290065e+01
3.766683804387323420e+01
1.486816696836255680e+01
2.771824524337400319e+01
2.424933337445178338e+01
1.793191803845992993e+01
2.941757965547319742e+01
1.129208989681264441e+01
3.979536738834515575e+01
2.171988803365841392e+01
2.091467125346080280e+01
2.405739720574379703e+01
2.426113669033042086e+01
3.542143256308266785e+01
3.415330291428438869e+01
3.144318799399747277e+01
3.724273079599453951e+01
1.922241192707526025e+01
1.442498506775368128e+01
4.381712305250017181e+01
3.072759232426912490e+01
3.300277608933573958e+01
1.713179775074810962e+01
2.117075818843154522e+01
2.576259198938915418e+01
2.180371408548234768e+01
2.792474500519611880e+01
2.735842246880774553e+01
3.179458755442762907e+01
2.355538659235907417e+01
3.689224365757073087e+01
1.732096265826377746e+01
1.296261413814928964e+01
2.586609363836581466e+01
2.096070095221735485e+01
2.062274419084192800e+01
2.301137529582872787e+01
3.051215210099228514e+01
3.072869886865242961e+01
4.678139793795914869e+01
2.821540671892158869e+01
3.400562512354323985e+01
2.102488988582814855e+01
2.651471614388566067e+01
2.465349568543919645e+01
2.005871716110050329e+01
2.186742212919187622e+01
1.894576999115843563e+01
2.784378541093466097e+01
4.250574064557464027e+01
1.507921963873937621e+01
2.792062876075853950e+01
1.214646248600208089e+01
1.805981588552546313e+01
2.358198047326671443e+01
2.655086378318031493e+01
1.265443378207954161e+01
3.934930661188581524e+01
1.751962478140722723e+01
1.598299075666267477e+01
1.163756933771214541e+01
2.094442140567519672e+01
1.589325898617362931e+01
1.951585970830982575e+01
2.866766828311040527e+01
2.257041156228268619e+01
3.154280383004949684e+01
1.695575231576984976e+01
2.472054706183038419e+01
1.478541806268332870e+01
2.157530519237918654e+01
2.738866537447124117e+01
1.745817442348192827e+01
3.213310296033593261e+01
1.595933347630638188e+01
1.860417938101358004e+01
2.389556778915679658e+01
2.709064005539791253e+01
2.128149378324011209e+01
2.163851888641721288e+01
2.193380185099221791e+01
4.506159736207477096e+01
2.357759912421629878e+01
3.461539345758767894e+01
3.627379725580401981e+01
2.433877861432392464e+01
2.609419503092846071e+01
2.716762041229431901e+01
3.161220643219237658e+01
2.797823442518220460e+01
1.660017809678776146e+01
1.402366536880069603e+01
3.089706470212675526e+01
2.071879791837221774e+01
1.584185267424047083e+01
4.773574373011069838e+01
2.802540109182378458e+01
3.611251215345547649e+01
3.330615608633427627e+01
3.082812503148140948e+01
2.847425776575571632e+01
2.777299443312286797e+01
2.062318616306684049e+01
2.140581983550402256e+01
5.370251047490219776e+01
3.520440035667606793e+01
2.223192853298677107e+01
3.413010592843108526e+01
2.205077384646252270e+01
1.684780590674832368e+01
1.870862861894082130e+01
2.081520480260642003e+01
2.036146542870580234e+01
2.073008584963247714e+01
2.193230519024478298e+01
3.145691401169713686e+01
1.959852860701800026e+01
2.057156954104301505e+01
2.149267175392811069e+01
2.373577553807521667e+01
2.256389218362267712e+01
3.132848600994962851e+01
2.076794491986339963e+01
1.965906438717421878e+01
3.443882170185554514e+01
1.799247440904068540e+01
1.522390461666553207e+01
1.278075831588181188e+01
1.390155043948303160e+01
2.050932045930012038e+01
4.029096254465603266e+01
1.608400844629245086e+01
3.208123739377204231e+01
1.813188430462100342e+01
2.650664091847767878e+01
2.736929105752748015e+01
1.482102834686071446e+01
1.691489127508311441e+01
3.058544064746088509e+01
1.490645758932315168e+01
3.295582413450754444e+01
1.967780952779708770e+01
2.782707472485017064e+01
1.779816328048265461e+01
2.695602280747166901e+01
3.224761735130923057e+01
1.789794071020527255e+01
4.156791185142488843e+01
1.308210217689562782e+01
2.508321404588047443e+01
1.494686464354596112e+01
1.345199348050555699e+01
4.042989553961979254e+01
2.072066297548305158e+01
2.805254590893423483e+01
1.473412537300767688e+01
4.314182487790478149e+01
1.680198264148729947e+01
3.319680719534743218e+01
1.482908206550817454e+01
1.992417805097900185e+01
2.448662988052664602e+01
1.707500621979878730e+01
1.179338097703127453e+01
1.214269509754823417e+01
2.252616367029259337e+01
2.255535275145536644e+01
4.017861181954089744e+01
2.319288541429008887e+01
2.078673645589835672e+01
3.273485691698146383e+01
2.645206026266509269e+01
1.955528142670534919e+01
1.727718285580006707e+01
1.655832378235298208e+01
2.065898160668200489e+01
1.199241028449024959e+01
1.901949504024903348e+01
1.429671997694985563e+01
2.251023670153040968e+01
3.061403173187017757e+01
1.666029221651839620e+01
2.188388908584009229e+01
2.376207619425439788e+01
3.253124734624284287e+01
1.479190525747960017e+01
1.972444979474806104e+01
1.094739609574676820e+01
2.327753367888885094e+01
2.807493914491905684e+01
3.271192282907771443e+01
3.391386304009188279e+01
2.367657598948508024e+01
1.914806544116036235e+01
8.722356687516745311e+00
3.297458593763655443e+01
1.846978553573235260e+01
2.958015267067493070e+01
2.680395795146850091e+01
1.560356032771128021e+01
1.814248667263091619e+01
2.674288911108942557e+01
1.534170441954450048e+01
1.195851546620104422e+01
3.463013432731492713e+01
1.821859296970897191e+01
1.615910251681931342e+01
1.464902093581605236e+01
1.717199666040641404e+01
2.446344343278502009e+01
3.172138134259171593e+01
5.896106400619633803e+01
1.225502751709291083e+01
1.457547396967716402e+01
1.689120559355579942e+01
2.594823537508123579e+01
3.716294968688342948e+01
2.476545347785461715e+01
1.841578332593128664e+01
2.395864579924445081e+01
2.113443736489573155e+01
2.107154582894736450e+01
1.472860200710189282e+01
1.448051047285446025e+01
1.528471783010670748e+01
3.610613071098770632e+01
1.969205556307167271e+01
4.926744179290771086e+01
2.579831555016348332e+01
3.642890609082519404e+01
2.561976989313123454e+01
1.293395530578044905e+01
2.587482095977713570e+01
2.222841126440804516e+01
3.704945215196264741e+01
2.625308247262732664e+01
1.232801468057268046e+01
3.209554628079700933e+01
2.966216938885965959e+01
3.662186480044680792e+01
2.344914975825470549e+01
1.880760773297194177e+01
1.195898161352745603e+01
1.951826167819938362e+01
1.495420764688053161e+01
5.214860964433407986e+01
1.730534829023483212e+01
2.249363384274289857e+01
3.176941232844975360e+01
1.413571450888659875e+01
1.386895710086808720e+01
1.553347145099022875e+01
1.869225902155227459e+01
1.096041359787300706e+01
2.060061454926181312e+01
2.129186234286900614e+01
2.020968560502722156e+01
2.835942865426264348e+01
2.119454625631133737e+01
1.742487101654498360e+01
1.947713797879100639e+01
1.705119525396453994e+01
3.142318059033576816e+01
1.924055423021799882e+01
2.064253330058846103e+01
3.782244048403534009e+01
1.263902492810024114e+01
1.442938755299078935e+01
2.690322539742170349e+01
1.924973706562374787e+01
1.282381424144299764e+01
2.463268638511717157e+01
2.862223756998411872e+01
1.639641175298550380e+01
2.229199164313408232e+01
2.108320429981724686e+01
2.365971483910393403e+01
3.037329453087514608e+01
1.961453684298630051e+01
2.843079027027390637e+01
1.924419345292054118e+01
1.655556097384904035e+01
1.912381357391042513e+01
3.483101152512723786e+01
3.929023539666182074e+01
2.098244230667331678e+01
3.460900920453133978e+01
1.544725253922860198e+01
3.158740357210154670e+01
3.070597150207540693e+01
4.827865225176512354e+01
1.753908482975310790e+01
1.791995985587406892e+01
1.557060982123163129e+01
1.516654930338625284e+01
1.344100358583137478e+01
1.562049452020500162e+01
2.074291722200408827e+01
1.841182937944059361e+01
2.898607156292825593e+01
1.814728077463860956e+01
1.932292793474674397e+01
1.758144397395176739e+01
3.280864414213235847e+01
3.719379806349940765e+01
3.412432434134664305e+01
2.500128135797206497e+01
1.910264698870184930e+01
1.269500575559298561e+01
2.858159581584120446e+01
1.588651867883683444e+01
2.077921236525615001e+01
2.308264661760444270e+01
1.171386472991918914e+01
3.254634793819364091e+01
3.360002397529585494e+01
2.502274663723557424e+01
2.037593529746126109e+01
2.143422653401809086e+01
2.516752462402878976e+01
1.588392003951540232e+01
1.875169508800116702e+01
1.483801831486782952e+01
1.594241085488837584e+01
1.247543061258995500e+01
4.810565723042507358e+01
2.931091603633165121e+01
2.253501328334340670e+01
1.695917602729750584e+01
1.021314839100884519e+01
1.728901605981496914e+01
1.810885691355499461e+01
2.877630114070881362e+01
2.964851717720050317e+01
2.144931665588330816e+01
2.729076409601917419e+01
2.062265311594857664e+01
3.179542312377845548e+01
1.472241113273181945e+01
1.909252231688354584e+01
3.489409008148705027e+01
1.532383765603540837e+01
4.470864223056404541e+01
2.426716240848336525e+01
4.219951771601822799e+01
1.796798648919440566e+01
6.382079732751802403e+00
1.048184966999071044e+01
2.815851577810985162e+01
2.065831622988034511e+01
3.583388758215495784e+01
2.037288710894395294e+01
1.350505954113673823e+01
2.246987073599332874e+01
2.332029445401290602e+01
1.706053342642053039e+01
2.363326788123300659e+01
3.692889091992441308e+01
3.405889332807652181e+01
3.743604787637477216e+01
2.157156821682472625e+01
1.318226807752767371e+01
1.816979538561847463e+01
8.007663043788387114e+00
1.360680803597287714e+01
3.138517633456763178e+01
2.895157960461175151e+01
3.570950718911648636e+01
1.537412760726088834e+01
1.636355489822630815e+01
2.247748601520327227e+01
1.010264488056690269e+01
2.937448976973834647e+01
3.392884127429709906e+01
2.736718546456362944e+01
2.502315949919760030e+01
1.595635239251679138e+01
2.304663478904945251e+01
1.742689093739766193e+01
1.220319003273805691e+01
1.513559250039513948e+01
1.414370883262659362e+01
3.692875885465415564e+01
1.399883762872493698e+01
1.727285672988983833e+01
1.885959520817387158e+01
3.254306274622128825e+01
1.169177021196233035e+01
1.876198887132803605e+01
1.638964468885760084e+01
1.479109835819147989e+01
2.221709515780963073e+01
2.401702351678573422e+01
3.394517871152974209e+01
1.655907236376582148e+01
1.494129508997394673e+01
2.402448398343662817e+01
2.346544492138612625e+01
3.376560307213291878e+01
1.518779080408698867e+01
1.298850468692191740e+01
1.521884359136909737e+01
1.880284282112427974e+01
1.719762843444921430e+01
2.176331669982875283e+01
2.633147633620352934e+01
1.266152322334592562e+01
1.653845438458451156e+01
1.586522128830954514e+01
2.249291178527017721e+01
2.212881541390288831e+01
1.751272833101980453e+01
2.033682346613078806e+01
1.692830886220322384e+01
1.756652537264288938e+01
2.438989617112471464e+01
1.471216476526110384e+01
1.639372914373991819e+01
2.522940187061815820e+01
1.427803790562871278e+01
1.522892230605066466e+01
1.604324859156630367e+01
1.205088697879594228e+01
1.361033187139899248e+01
2.452635096856252162e+01
2.893187557557495637e+01
1.356780280362801783e+01
2.012928179827127195e+01
1.907190428531039217e+01
2.304786622904276783e+01
4.105993269982268146e+01
2.960970593408697482e+01
1.463482614207567956e+01
3.249495047752568411e+01
1.580125801637040794e+01
3.850721640658422018e+01
1.131372054830158724e+01
9.343771662517957211e+00
1.755156516602434280e+01
3.662285347553588366e+01
2.189791268771898913e+01
1.829727730485323534e+01
2.651168604949713625e+01
1.277717685464143749e+01
1.200239379578121657e+01
1.974952619618618144e+01
2.983653722841680889e+01
2.344663745590086279e+01
2.178263993067563575e+01
8.475923858634521579e+00
1.307251030203525488e+01
1.453141945091428511e+01
1.971029623080702464e+01
3.247254236757179058e+01
1.589963830780737730e+01
1.526308977542411860e+01
1.146958601364105768e+01
1.524393086031342825e+01
1.169433675760109104e+01
2.773696089304602097e+01
1.165406265753901316e+01
2.471702859954482179e+01
2.105418731099042873e+01
1.558107843136395765e+01
1.887963277074785040e+01
3.801343600448766580e+01
1.142392267819813689e+01
3.122361108463561408e+01
2.056827183327797215e+01
2.707834975783847042e+01
1.852367133332081295e+01
1.909337705348081826e+01
2.245672009341695485e+01
2.654415496229974991e+01
1.645920204785174334e+01
2.036869553253733045e+01
2.079481673757972615e+01
2.175612172485482887e+01
1.295173079595296173e+01
2.287904295778928443e+01
1.875268001340952395e+01
1.969500707854909294e+01
1.714813321582284189e+01
2.549850593290646827e+01
1.079423135177209403e+01
1.750624954959148738e+01
1.218077184452264028e+01
1.865554588809636272e+01
1.997051779481622091e+01
2.034373451116114140e+01
1.341849232837638439e+01
2.207233829508046696e+01
1.737065627509484145e+01
3.344731755054307598e+01
1.914023222782640943e+01
2.797633498895645232e+01
9.654812520128702502e+00
1.541414187979865602e+01
1.951033442560694553e+01
1.585752740105395020e+01
1.556493946722666877e+01
1.106678861177378970e+01
1.414228112147229943e+01
1.537883431040294901e+01
1.410972109617214443e+01
2.245944777763850553e+01
2.665197253159128365e+01
1.995957568938771942e+01
2.610791257741244920e+01
1.129038407029365310e+01
3.421001117608424380e+01
2.010119482325778861e+01
1.532517300016879247e+01
1.571332595682133437e+01
2.853293678642315001e+01
1.790535649249772021e+01
1.330199123785796012e+01
3.931169285105813316e+01
2.966245231981485375e+01
3.805292183067989953e+01
2.211579054894540164e+01
1.092903431090839206e+01
2.435310300126952399e+01
1.175998649455780232e+01
2.271255942717521137e+01
3.528907109258614838e+01
1.587278340538452959e+01
1.986306605809835446e+01
1.773773428754961756e+01
2.116009401691192338e+01
2.228381473668853729e+01
2.835902919272323430e+01
2.150106279749520866e+01
1.594281108990792362e+01
1.243996927183497370e+01
2.119047343807935135e+01
2.411510801341008658e+01
1.507885444310235634e+01
2.188586080679988655e+01
1.219811016233397361e+01
2.184573504640320252e+01
1.848788537700063017e+01
8.164655297061480965e+00
1.818997292916672137e+01
2.039816712063516135e+01
2.020372378100471167e+01
1.882122015715593832e+01
1.868125604127325445e+01
1.451986648446080430e+01
1.711527895316458370e+01
1.142938043951868110e+01
3.344128235340792799e+01
1.233777416765074086e+01
1.443005625669610836e+01
1.909682728547965169e+01
1.260550222667309228e+01
1.859467066390691770e+01
1.954423740926909403e+01
3.389958699679956311e+01
1.346578257043383076e+01
