2.187569600000000000e+07
2.188658800000000000e+07
2.188753200000000000e+07
2.188860000000000000e+07
2.188888400000000000e+07
2.188932800000000000e+07
2.188947200000000000e+07
2.188951600000000000e+07
2.188980800000000000e+07
2.188992400000000000e+07
2.188994800000000000e+07
2.189004400000000000e+07
2.189004400000000000e+07
2.189004400000000000e+07
2.189004400000000000e+07
2.189004400000000000e+07
2.189004400000000000e+07
2.189004400000000000e+07
2.189004400000000000e+07
2.189004400000000000e+07
2.189004400000000000e+07
2.189004400000000000e+07
2.189004400000000000e+07
2.189004400000000000e+07
2.189004400000000000e+07
2.189004400000000000e+07
2.189004400000000000e+07
2.189004400000000000e+07
2.189004400000000000e+07
2.189004400000000000e+07
2.189004400000000000e+07
2.189004400000000000e+07
2.189004400000000000e+07
2.189004400000000000e+07
2.189004400000000000e+07
2.189004400000000000e+07
2.189004400000000000e+07
2.189004400000000000e+07
2.189004400000000000e+07
2.189004400000000000e+07
2.189004400000000000e+07
2.189004400000000000e+07
2.189004400000000000e+07
2.189004400000000000e+07
2.189004400000000000e+07
2.189004400000000000e+07
2.189004400000000000e+07
2.189004400000000000e+07
2.189004400000000000e+07
2.189004400000000000e+07
2.189004400000000000e+07
2.189004400000000000e+07
2.189004400000000000e+07
2.189004400000000000e+07
2.189004400000000000e+07
2.189004400000000000e+07
2.189004400000000000e+07
2.189004400000000000e+07
2.189004400000000000e+07
2.189004400000000000e+07
2.189004400000000000e+07
2.189004400000000000e+07
2.189004400000000000e+07
2.189004400000000000e+07
2.189004400000000000e+07
2.189004400000000000e+07
2.189004400000000000e+07
2.189004400000000000e+07
2.189004400000000000e+07
2.189004400000000000e+07
2.189004400000000000e+07
2.189004400000000000e+07
2.189004400000000000e+07
2.189004400000000000e+07
2.189004400000000000e+07
2.189004400000000000e+07
2.189004400000000000e+07
2.189004400000000000e+07
2.189004400000000000e+07
2.189004400000000000e+07
2.189004400000000000e+07
2.189004400000000000e+07
2.189004400000000000e+07
2.189004400000000000e+07
2.189004400000000000e+07
2.189004400000000000e+07
2.189004400000000000e+07
2.189004400000000000e+07
2.189004400000000000e+07
2.189004400000000000e+07
2.189004400000000000e+07
2.189004400000000000e+07
2.189004400000000000e+07
2.189004400000000000e+07
2.189004400000000000e+07
2.189004400000000000e+07
2.189004400000000000e+07
2.189004400000000000e+07
2.189004400000000000e+07
2.189004400000000000e+07
2.189004400000000000e+07
2.189004400000000000e+07
2.189004400000000000e+07
2.189004400000000000e+07
2.189004400000000000e+07
2.189004400000000000e+07
2.189004400000000000e+07
2.189004400000000000e+07
2.189004400000000000e+07
2.189004400000000000e+07
2.189004400000000000e+07
2.189004400000000000e+07
2.189004400000000000e+07
2.189004400000000000e+07
2.189004400000000000e+07
2.189004400000000000e+07
2.189004400000000000e+07
2.189004400000000000e+07
2.189004400000000000e+07
2.189004400000000000e+07
2.189004400000000000e+07
2.189004400000000000e+07
2.189004400000000000e+07
2.189004400000000000e+07
2.189004400000000000e+07
2.189004400000000000e+07
2.189004400000000000e+07
2.189004400000000000e+07
2.189004400000000000e+07
2.189004400000000000e+07
2.189004400000000000e+07
2.189004400000000000e+07
2.189004400000000000e+07
2.189004400000000000e+07
2.189004400000000000e+07
2.189004400000000000e+07
2.189004400000000000e+07
2.189004400000000000e+07
2.189004400000000000e+07
2.189004400000000000e+07
2.189004400000000000e+07
2.189004400000000000e+07
2.189004400000000000e+07
2.189004400000000000e+07
2.189004400000000000e+07
2.189004400000000000e+07
2.189004400000000000e+07
2.189004400000000000e+07
2.189004400000000000e+07
2.189004400000000000e+07
2.189004400000000000e+07
2.189004400000000000e+07
2.189004400000000000e+07
2.189004400000000000e+07
2.189004400000000000e+07
2.189004400000000000e+07
2.189004400000000000e+07
2.189004400000000000e+07
2.189004400000000000e+07
2.189004400000000000e+07
2.189004400000000000e+07
2.189004400000000000e+07
2.189004400000000000e+07
2.189004400000000000e+07
2.189004400000000000e+07
2.189004400000000000e+07
2.189004400000000000e+07
2.189004400000000000e+07
2.189004400000000000e+07
2.189004400000000000e+07
2.189004400000000000e+07
2.189004400000000000e+07
2.189004400000000000e+07
2.189004400000000000e+07
2.189004400000000000e+07
2.189004400000000000e+07
2.189004400000000000e+07
2.189004400000000000e+07
2.189004400000000000e+07
2.189004400000000000e+07
2.189004400000000000e+07
2.189004400000000000e+07
2.189004400000000000e+07
2.189004400000000000e+07
2.189004400000000000e+07
2.189004400000000000e+07
2.189004400000000000e+07
2.189004400000000000e+07
2.189004400000000000e+07
2.189004400000000000e+07
2.189004400000000000e+07
2.189004400000000000e+07
2.189004400000000000e+07
2.189004400000000000e+07
2.189004400000000000e+07
2.189004400000000000e+07
2.189004400000000000e+07
2.189004400000000000e+07
2.189004400000000000e+07
2.189004400000000000e+07
2.189004400000000000e+07
2.189004400000000000e+07
2.189004400000000000e+07
2.189004400000000000e+07
2.189004400000000000e+07
2.189004400000000000e+07
2.189004400000000000e+07
2.189004400000000000e+07
2.189004400000000000e+07
2.189004400000000000e+07
2.189004400000000000e+07
2.189004400000000000e+07
2.189004400000000000e+07
2.189004400000000000e+07
2.189004400000000000e+07
2.189004400000000000e+07
2.189004400000000000e+07
2.189004400000000000e+07
2.189004400000000000e+07
2.189004400000000000e+07
2.189004400000000000e+07
2.189004400000000000e+07
2.189004400000000000e+07
2.189004400000000000e+07
2.189004400000000000e+07
2.189004400000000000e+07
2.189004400000000000e+07
2.189004400000000000e+07
2.189004400000000000e+07
2.189004400000000000e+07
2.189004400000000000e+07
2.189004400000000000e+07
2.189004400000000000e+07
2.189004400000000000e+07
2.189004400000000000e+07
2.189004400000000000e+07
2.189004400000000000e+07
2.189004400000000000e+07
2.189004400000000000e+07
2.189004400000000000e+07
2.189004400000000000e+07
2.189004400000000000e+07
2.189004400000000000e+07
2.189004400000000000e+07
2.189004400000000000e+07
2.189004400000000000e+07
2.189004400000000000e+07
2.189004400000000000e+07
2.189004400000000000e+07
2.189004400000000000e+07
2.189004400000000000e+07
2.189004400000000000e+07
2.189004400000000000e+07
2.189004400000000000e+07
2.189004400000000000e+07
2.189004400000000000e+07
2.189004400000000000e+07
2.189004400000000000e+07
2.189004400000000000e+07
2.189004400000000000e+07
2.189004400000000000e+07
2.189004400000000000e+07
2.189004400000000000e+07
2.189004400000000000e+07
2.189004400000000000e+07
2.189004400000000000e+07
2.189004400000000000e+07
2.189004400000000000e+07
2.189004400000000000e+07
2.189004400000000000e+07
2.189004400000000000e+07
2.189004400000000000e+07
2.189004400000000000e+07
2.189004400000000000e+07
2.189004400000000000e+07
2.189004400000000000e+07
2.189004400000000000e+07
2.189004400000000000e+07
2.189004400000000000e+07
2.189004400000000000e+07
2.189004400000000000e+07
2.189004400000000000e+07
2.189004400000000000e+07
2.189004400000000000e+07
2.189004400000000000e+07
2.189004400000000000e+07
2.189004400000000000e+07
2.189004400000000000e+07
2.189004400000000000e+07
2.189004400000000000e+07
2.189004400000000000e+07
2.189004400000000000e+07
2.189004400000000000e+07
2.189004400000000000e+07
2.189004400000000000e+07
2.189004400000000000e+07
2.189004400000000000e+07
2.189004400000000000e+07
2.189004400000000000e+07
2.189004400000000000e+07
2.189004400000000000e+07
2.189004400000000000e+07
2.189004400000000000e+07
2.189004400000000000e+07
2.189004400000000000e+07
2.189004400000000000e+07
2.189004400000000000e+07
2.189004400000000000e+07
2.189004400000000000e+07
2.189004400000000000e+07
2.189004400000000000e+07
2.189004400000000000e+07
2.189004400000000000e+07
2.189004400000000000e+07
2.189004400000000000e+07
2.189004400000000000e+07
2.189004400000000000e+07
2.189004400000000000e+07
2.189004400000000000e+07
2.189004400000000000e+07
2.189004400000000000e+07
2.189004400000000000e+07
2.189004400000000000e+07
2.189004400000000000e+07
2.189004400000000000e+07
2.189004400000000000e+07
2.189004400000000000e+07
2.189004400000000000e+07
2.189004400000000000e+07
2.189004400000000000e+07
2.189004400000000000e+07
2.189004400000000000e+07
2.189004400000000000e+07
2.189004400000000000e+07
2.189004400000000000e+07
2.189004400000000000e+07
2.189004400000000000e+07
2.189004400000000000e+07
2.189004400000000000e+07
2.189004400000000000e+07
2.189004400000000000e+07
2.189004400000000000e+07
2.189004400000000000e+07
2.189004400000000000e+07
2.189004400000000000e+07
2.189004400000000000e+07
2.189004400000000000e+07
2.189004400000000000e+07
2.189004400000000000e+07
2.189004400000000000e+07
2.189004400000000000e+07
2.189004400000000000e+07
2.189004400000000000e+07
2.189004400000000000e+07
2.189004400000000000e+07
2.189004400000000000e+07
2.189004400000000000e+07
2.189004400000000000e+07
2.189004400000000000e+07
2.189004400000000000e+07
2.189004400000000000e+07
2.189004400000000000e+07
2.189004400000000000e+07
2.189004400000000000e+07
2.189004400000000000e+07
2.189620000000000000e+07
2.191690800000000000e+07
2.192660400000000000e+07
2.193400000000000000e+07
2.193411200000000000e+07
2.193424400000000000e+07
2.193435200000000000e+07
2.193446400000000000e+07
2.193460000000000000e+07
2.193472400000000000e+07
2.193679600000000000e+07
2.193691200000000000e+07
2.193702800000000000e+07
2.194331200000000000e+07
2.195287200000000000e+07
2.197812400000000000e+07
2.198992800000000000e+07
2.201208000000000000e+07
2.202909600000000000e+07
2.205030400000000000e+07
2.206010800000000000e+07
2.207630800000000000e+07
2.207630800000000000e+07
2.208620800000000000e+07
2.210925600000000000e+07
2.213470400000000000e+07
2.215174400000000000e+07
2.216774000000000000e+07
2.219173600000000000e+07
2.222167200000000000e+07
2.224103600000000000e+07
2.226457600000000000e+07
2.229439600000000000e+07
2.231589200000000000e+07
2.233744400000000000e+07
2.235864400000000000e+07
2.238185600000000000e+07
2.240126400000000000e+07
2.240707200000000000e+07
2.241108000000000000e+07
2.241497200000000000e+07
2.242084000000000000e+07
2.242649600000000000e+07
2.243112000000000000e+07
2.244110800000000000e+07
2.245810000000000000e+07
2.249055600000000000e+07
2.250327600000000000e+07
2.252759200000000000e+07
2.253245600000000000e+07
2.253867600000000000e+07
2.254666000000000000e+07
2.255256000000000000e+07
2.255826800000000000e+07
2.256591600000000000e+07
2.257153200000000000e+07
2.257153200000000000e+07
2.257153200000000000e+07
2.257153200000000000e+07
2.257153200000000000e+07
2.257153200000000000e+07
2.257153200000000000e+07
2.257153200000000000e+07
2.257153200000000000e+07
2.257153200000000000e+07
2.257153200000000000e+07
2.257153200000000000e+07
2.257153200000000000e+07
2.257153200000000000e+07
2.257153200000000000e+07
2.257153200000000000e+07
2.257153200000000000e+07
2.257153200000000000e+07
2.257153200000000000e+07
2.257153200000000000e+07
2.257153200000000000e+07
2.257153200000000000e+07
2.257153200000000000e+07
2.257153200000000000e+07
2.257153200000000000e+07
2.257223200000000000e+07
2.257233600000000000e+07
2.257244400000000000e+07
2.257255200000000000e+07
2.257266000000000000e+07
2.257274800000000000e+07
2.257290000000000000e+07
2.257300800000000000e+07
2.257433600000000000e+07
2.257444000000000000e+07
2.257444000000000000e+07
2.257444000000000000e+07
2.257444000000000000e+07
2.257444000000000000e+07
2.257444000000000000e+07
2.257444000000000000e+07
2.257444000000000000e+07
2.257444000000000000e+07
2.257820000000000000e+07
2.257835200000000000e+07
2.257848400000000000e+07
2.257860800000000000e+07
2.257900000000000000e+07
2.257912000000000000e+07
2.257924400000000000e+07
2.257936800000000000e+07
2.258008400000000000e+07
2.258352400000000000e+07
2.258366000000000000e+07
2.258378400000000000e+07
2.258391600000000000e+07
2.258403200000000000e+07
2.258532800000000000e+07
2.258542000000000000e+07
2.258558800000000000e+07
2.258570800000000000e+07
2.258579200000000000e+07
2.258594400000000000e+07
2.258657200000000000e+07
2.258801200000000000e+07
2.258813600000000000e+07
2.258825200000000000e+07
2.258841600000000000e+07
2.258851200000000000e+07
2.258851200000000000e+07
2.258851200000000000e+07
2.258851200000000000e+07
2.258851200000000000e+07
2.258851200000000000e+07
2.258851200000000000e+07
2.258851200000000000e+07
2.258851200000000000e+07
2.258851200000000000e+07
2.258851200000000000e+07
2.258851200000000000e+07
2.258851200000000000e+07
2.258851200000000000e+07
2.258851200000000000e+07
2.258851200000000000e+07
2.258851200000000000e+07
2.258851200000000000e+07
2.258851200000000000e+07
2.258851200000000000e+07
2.258851200000000000e+07
2.258851200000000000e+07
2.258851200000000000e+07
2.258851200000000000e+07
2.258851200000000000e+07
2.258851200000000000e+07
2.258851200000000000e+07
2.258851200000000000e+07
2.258851200000000000e+07
2.258851200000000000e+07
2.258851200000000000e+07
2.258851200000000000e+07
2.259155200000000000e+07
2.259169600000000000e+07
2.259278800000000000e+07
2.259289200000000000e+07
2.259289200000000000e+07
2.259289200000000000e+07
2.259289200000000000e+07
2.259289200000000000e+07
2.259289200000000000e+07
2.259289200000000000e+07
2.259289200000000000e+07
2.259289200000000000e+07
2.259289200000000000e+07
2.259289200000000000e+07
2.259289200000000000e+07
2.259289200000000000e+07
2.259289200000000000e+07
2.259289200000000000e+07
2.259289200000000000e+07
2.259289200000000000e+07
2.259396800000000000e+07
2.259680800000000000e+07
2.259694800000000000e+07
2.259707600000000000e+07
2.259719200000000000e+07
2.259730800000000000e+07
2.259742000000000000e+07
2.259760000000000000e+07
2.259768000000000000e+07
2.260748000000000000e+07
2.260942000000000000e+07
2.260952000000000000e+07
2.261046800000000000e+07
2.261104800000000000e+07
2.261309200000000000e+07
2.261324400000000000e+07
2.261340800000000000e+07
2.261350000000000000e+07
2.261350000000000000e+07
2.261350000000000000e+07
2.261350000000000000e+07
2.261350000000000000e+07
2.261350000000000000e+07
2.261350000000000000e+07
2.261350000000000000e+07
2.261350000000000000e+07
2.261350000000000000e+07
2.261350000000000000e+07
2.261350000000000000e+07
2.261350000000000000e+07
2.261350000000000000e+07
2.261350000000000000e+07
2.261350000000000000e+07
2.261350000000000000e+07
2.261350000000000000e+07
2.261350000000000000e+07
2.261350000000000000e+07
2.261350000000000000e+07
2.261350000000000000e+07
2.261350000000000000e+07
2.261350000000000000e+07
2.261350000000000000e+07
2.261350000000000000e+07
2.261798000000000000e+07
2.262392800000000000e+07
2.262414000000000000e+07
2.264043600000000000e+07
2.264306400000000000e+07
2.264472800000000000e+07
2.264480000000000000e+07
2.264590800000000000e+07
2.264596000000000000e+07
2.264596000000000000e+07
2.264596000000000000e+07
2.264596000000000000e+07
2.264596000000000000e+07
2.264596000000000000e+07
2.264596000000000000e+07
2.264596000000000000e+07
2.264596000000000000e+07
2.264596000000000000e+07
2.264596000000000000e+07
2.264596000000000000e+07
2.264596000000000000e+07
2.264596000000000000e+07
2.264596000000000000e+07
2.264596000000000000e+07
2.264596000000000000e+07
2.264596000000000000e+07
2.264596000000000000e+07
2.264596000000000000e+07
2.264596000000000000e+07
2.264596000000000000e+07
2.264596000000000000e+07
2.264596000000000000e+07
2.264596000000000000e+07
2.264596000000000000e+07
2.264596000000000000e+07
2.264596000000000000e+07
2.264596000000000000e+07
2.264596000000000000e+07
2.264596000000000000e+07
2.264596000000000000e+07
2.264596000000000000e+07
2.264596000000000000e+07
2.264596000000000000e+07
2.264596000000000000e+07
2.264596000000000000e+07
2.264596000000000000e+07
2.264596000000000000e+07
2.264596000000000000e+07
2.264596000000000000e+07
2.264596000000000000e+07
2.264596000000000000e+07
2.264596000000000000e+07
2.264596000000000000e+07
2.264596000000000000e+07
2.264596000000000000e+07
2.264596000000000000e+07
2.264596000000000000e+07
2.264596000000000000e+07
2.264596000000000000e+07
2.264596000000000000e+07
2.264596000000000000e+07
2.264596000000000000e+07
2.264596000000000000e+07
2.264596000000000000e+07
2.264596000000000000e+07
2.264596000000000000e+07
2.264596000000000000e+07
2.264596000000000000e+07
2.264596000000000000e+07
2.264596000000000000e+07
2.264596000000000000e+07
2.264596000000000000e+07
2.264596000000000000e+07
2.264596000000000000e+07
2.264596000000000000e+07
2.264596000000000000e+07
2.264596000000000000e+07
2.264596000000000000e+07
2.264596000000000000e+07
2.264596000000000000e+07
2.264596000000000000e+07
2.264596000000000000e+07
2.264596000000000000e+07
2.264596000000000000e+07
2.264596000000000000e+07
2.264596000000000000e+07
2.264596000000000000e+07
2.264596000000000000e+07
2.264596000000000000e+07
2.264596000000000000e+07
2.264596000000000000e+07
2.264596000000000000e+07
2.264596000000000000e+07
2.264596000000000000e+07
2.264596000000000000e+07
2.264596000000000000e+07
2.264596000000000000e+07
2.264596000000000000e+07
2.264596000000000000e+07
2.264596000000000000e+07
2.264596000000000000e+07
2.264596000000000000e+07
2.264596000000000000e+07
2.264596000000000000e+07
2.264596000000000000e+07
2.264596000000000000e+07
2.264596000000000000e+07
2.264596000000000000e+07
2.264596000000000000e+07
2.264596000000000000e+07
2.264596000000000000e+07
2.264596000000000000e+07
2.264596000000000000e+07
2.264596000000000000e+07
2.264596000000000000e+07
2.264596000000000000e+07
2.264596000000000000e+07
2.264596000000000000e+07
2.264596000000000000e+07
2.264596000000000000e+07
2.264596000000000000e+07
2.264596000000000000e+07
2.264596000000000000e+07
2.264596000000000000e+07
2.264596000000000000e+07
2.264596000000000000e+07
2.264596000000000000e+07
2.264596000000000000e+07
2.264596000000000000e+07
2.264596000000000000e+07
2.264596000000000000e+07
2.264596000000000000e+07
2.264596000000000000e+07
2.264596000000000000e+07
2.264596000000000000e+07
2.264596000000000000e+07
2.264596000000000000e+07
2.264596000000000000e+07
2.264596000000000000e+07
2.264596000000000000e+07
2.264596000000000000e+07
2.264596000000000000e+07
2.264596000000000000e+07
2.264596000000000000e+07
2.264596000000000000e+07
2.264596000000000000e+07
2.264596000000000000e+07
2.264596000000000000e+07
2.264596000000000000e+07
2.264596000000000000e+07
2.264596000000000000e+07
2.264596000000000000e+07
2.264596000000000000e+07
2.264596000000000000e+07
2.264596000000000000e+07
2.264596000000000000e+07
2.264596000000000000e+07
2.264596000000000000e+07
2.264596000000000000e+07
2.264596000000000000e+07
2.264596000000000000e+07
2.264596000000000000e+07
2.264596000000000000e+07
2.264596000000000000e+07
2.264596000000000000e+07
2.264596000000000000e+07
2.264596000000000000e+07
2.264596000000000000e+07
2.264596000000000000e+07
2.264596000000000000e+07
2.264596000000000000e+07
2.264596000000000000e+07
2.264596000000000000e+07
2.264596000000000000e+07
2.264596000000000000e+07
2.264596000000000000e+07
2.264596000000000000e+07
2.264596000000000000e+07
2.264596000000000000e+07
2.264596000000000000e+07
2.264596000000000000e+07
2.264596000000000000e+07
2.264596000000000000e+07
2.264596000000000000e+07
2.264596000000000000e+07
2.264596000000000000e+07
2.264596000000000000e+07
2.264596000000000000e+07
2.264596000000000000e+07
2.264596000000000000e+07
2.264596000000000000e+07
2.264596000000000000e+07
2.264596000000000000e+07
2.264596000000000000e+07
2.264596000000000000e+07
2.264596000000000000e+07
2.264596000000000000e+07
2.264596000000000000e+07
2.264596000000000000e+07
2.264596000000000000e+07
2.264596000000000000e+07
2.264596000000000000e+07
2.264596000000000000e+07
2.264596000000000000e+07
2.264596000000000000e+07
2.264596000000000000e+07
2.264596000000000000e+07
2.264596000000000000e+07
2.264596000000000000e+07
2.264596000000000000e+07
2.264596000000000000e+07
2.264596000000000000e+07
2.264596000000000000e+07
2.264596000000000000e+07
2.264596000000000000e+07
2.264596000000000000e+07
2.264596000000000000e+07
2.264596000000000000e+07
2.264596000000000000e+07
2.264596000000000000e+07
2.264596000000000000e+07
2.264596000000000000e+07
2.264596000000000000e+07
2.264596000000000000e+07
2.264596000000000000e+07
2.264596000000000000e+07
2.264596000000000000e+07
2.264596000000000000e+07
2.264596000000000000e+07
2.264596000000000000e+07
2.264596000000000000e+07
2.264596000000000000e+07
2.264596000000000000e+07
2.264596000000000000e+07
2.264596000000000000e+07
2.264596000000000000e+07
2.264596000000000000e+07
2.264596000000000000e+07
2.264596000000000000e+07
2.264596000000000000e+07
2.264596000000000000e+07
2.264596000000000000e+07
2.264596000000000000e+07
2.264596000000000000e+07
2.264596000000000000e+07
2.264596000000000000e+07
2.264596000000000000e+07
2.264596000000000000e+07
2.264596000000000000e+07
2.264596000000000000e+07
2.264596000000000000e+07
2.264596000000000000e+07
2.264596000000000000e+07
2.264596000000000000e+07
2.264596000000000000e+07
2.264596000000000000e+07
2.264596000000000000e+07
2.264596000000000000e+07
2.264596000000000000e+07
2.264596000000000000e+07
2.264596000000000000e+07
2.264596000000000000e+07
2.264596000000000000e+07
2.264596000000000000e+07
2.264596000000000000e+07
2.264596000000000000e+07
2.264596000000000000e+07
2.264596000000000000e+07
2.264596000000000000e+07
2.264596000000000000e+07
2.264596000000000000e+07
2.264596000000000000e+07
2.264596000000000000e+07
2.264596000000000000e+07
2.264596000000000000e+07
2.264596000000000000e+07
2.264596000000000000e+07
2.264596000000000000e+07
2.264596000000000000e+07
2.264596000000000000e+07
2.264596000000000000e+07
2.264596000000000000e+07
2.264596000000000000e+07
2.264596000000000000e+07
2.264596000000000000e+07
2.264596000000000000e+07
2.264596000000000000e+07
2.264596000000000000e+07
2.264596000000000000e+07
2.264596000000000000e+07
2.264596000000000000e+07
2.264596000000000000e+07
2.264596000000000000e+07
2.264596000000000000e+07
2.264596000000000000e+07
2.264596000000000000e+07
2.264596000000000000e+07
2.264596000000000000e+07
2.264596000000000000e+07
2.264596000000000000e+07
2.264596000000000000e+07
2.264596000000000000e+07
2.264596000000000000e+07
2.264596000000000000e+07
2.264596000000000000e+07
2.264596000000000000e+07
2.264596000000000000e+07
2.264596000000000000e+07
2.264596000000000000e+07
2.264596000000000000e+07
2.264596000000000000e+07
2.264596000000000000e+07
2.264596000000000000e+07
2.264596000000000000e+07
2.264596000000000000e+07
2.264596000000000000e+07
2.264596000000000000e+07
2.264596000000000000e+07
2.264596000000000000e+07
2.264596000000000000e+07
2.264596000000000000e+07
2.264596000000000000e+07
2.264596000000000000e+07
2.264596000000000000e+07
2.264596000000000000e+07
2.264596000000000000e+07
2.264596000000000000e+07
2.264596000000000000e+07
2.264596000000000000e+07
2.264596000000000000e+07
2.264596000000000000e+07
2.264596000000000000e+07
2.264596000000000000e+07
2.264596000000000000e+07
2.264596000000000000e+07
2.264596000000000000e+07
2.264596000000000000e+07
2.264596000000000000e+07
2.264596000000000000e+07
2.264596000000000000e+07
2.264596000000000000e+07
2.264596000000000000e+07
2.264596000000000000e+07
2.264596000000000000e+07
2.264596000000000000e+07
2.264596000000000000e+07
2.264596000000000000e+07
2.264596000000000000e+07
2.264596000000000000e+07
2.264596000000000000e+07
2.264596000000000000e+07
2.264596000000000000e+07
2.264596000000000000e+07
2.264596000000000000e+07
2.264596000000000000e+07
2.264596000000000000e+07
2.264596000000000000e+07
2.264596000000000000e+07
2.264596000000000000e+07
2.264596000000000000e+07
2.264596000000000000e+07
2.264596000000000000e+07
2.264596000000000000e+07
2.264596000000000000e+07
2.264596000000000000e+07
2.264596000000000000e+07
2.264596000000000000e+07
2.264596000000000000e+07
2.264596000000000000e+07
2.264596000000000000e+07
2.264596000000000000e+07
2.264596000000000000e+07
2.264596000000000000e+07
2.264596000000000000e+07
2.264596000000000000e+07
2.264596000000000000e+07
2.264672000000000000e+07
2.264690000000000000e+07
2.264690000000000000e+07
2.264723200000000000e+07
2.264766400000000000e+07
2.264781200000000000e+07
2.264781200000000000e+07
2.264797200000000000e+07
2.264797200000000000e+07
2.264797200000000000e+07
2.264797200000000000e+07
2.264797200000000000e+07
2.264797200000000000e+07
2.264797200000000000e+07
2.264797200000000000e+07
2.264797200000000000e+07
2.264797200000000000e+07
2.264797200000000000e+07
2.264797200000000000e+07
2.264797200000000000e+07
2.264797200000000000e+07
2.264797200000000000e+07
2.264797200000000000e+07
2.264797200000000000e+07
2.264797200000000000e+07
2.264797200000000000e+07
2.264797200000000000e+07
2.264797200000000000e+07
2.264797200000000000e+07
2.264797200000000000e+07
2.264797200000000000e+07
2.266533600000000000e+07
2.267776000000000000e+07
2.270521600000000000e+07
2.270538000000000000e+07
2.270550000000000000e+07
2.270562000000000000e+07
2.270594400000000000e+07
2.270594400000000000e+07
2.270617600000000000e+07
