2.060889949798583864e-01
3.065693044662475691e-02
2.992917728424072249e-02
2.935425090789794966e-02
2.954615521430969255e-02
2.983126068115234467e-02
2.964255833625793410e-02
2.935547494888305492e-02
3.006976008415222085e-02
2.977924895286560014e-02
2.940833616256713703e-02
2.958235073089599682e-02
2.970069575309753490e-02
2.989032483100891036e-02
2.976800775527953941e-02
2.953402853012085036e-02
2.957532143592834367e-02
2.952513027191162182e-02
2.957183170318603352e-02
3.008622264862060441e-02
2.990403437614441023e-02
2.983873105049133362e-02
2.967307543754577753e-02
2.985591769218444783e-02
2.979191756248474043e-02
2.975444412231445165e-02
2.990363764762878421e-02
2.996250343322753862e-02
2.981268429756164448e-02
2.987786746025085372e-02
2.988131904602050679e-02
2.985092926025390697e-02
2.985349965095520156e-02
3.018558955192566021e-02
2.994959497451782360e-02
2.973063588142394950e-02
2.995631814002990695e-02
3.037244963645934978e-02
2.966807341575622425e-02
2.982324171066284141e-02
2.993187355995178059e-02
2.998148655891418393e-02
2.976451063156127994e-02
2.979807257652282784e-02
2.949993109703064054e-02
2.986772799491882457e-02
3.048824167251586864e-02
3.038955378532409712e-02
3.008300590515136652e-02
3.013948893547058194e-02
3.028073620796203555e-02
3.020261931419372659e-02
3.061717295646667475e-02
3.122855782508850153e-02
2.999033117294311671e-02
3.066689157485961992e-02
3.019534826278686551e-02
3.094278645515441753e-02
3.102334213256835796e-02
2.954967236518859716e-02
3.072335028648376376e-02
3.003904914855956912e-02
3.078316640853881805e-02
3.056775331497192313e-02
2.998167777061462244e-02
3.070427083969116261e-02
3.018832969665527499e-02
3.052626180648803852e-02
3.034157156944274764e-02
3.055980372428894129e-02
3.072911095619201491e-02
3.064470839500427202e-02
3.089123940467834381e-02
3.058270931243896318e-02
3.076195120811462541e-02
3.047280120849609267e-02
3.074065947532653859e-02
3.048066234588623150e-02
3.059881615638732760e-02
3.082194018363952626e-02
3.076225423812866192e-02
3.095879983901977592e-02
3.092471194267272863e-02
3.055525898933410603e-02
3.087978053092956671e-02
3.078242015838622905e-02
3.042409849166870239e-02
3.079412913322448694e-02
3.042319035530090254e-02
3.058627581596374406e-02
3.061343479156494046e-02
3.107250523567199607e-02
3.036517620086669894e-02
3.028728151321411280e-02
3.060486721992492637e-02
3.044800114631652718e-02
3.034779095649719344e-02
3.035853624343871904e-02
3.037308168411254755e-02
3.071508336067199640e-02
3.065385174751281833e-02
3.032030057907104600e-02
2.919503569602966211e-02
3.027795696258545055e-02
3.071371078491210924e-02
3.083482408523559662e-02
3.060731363296508717e-02
3.011141419410705636e-02
3.054799246788024794e-02
3.055289959907531855e-02
3.045768690109252816e-02
3.026256728172302402e-02
3.041336870193481548e-02
3.021937227249145430e-02
3.035250020027160586e-02
3.048470807075500527e-02
3.043605923652649078e-02
3.029761958122253324e-02
3.053684687614440993e-02
3.036550235748291041e-02
3.006143116950988833e-02
3.059144544601440432e-02
3.047430276870727664e-02
3.007950782775879045e-02
3.039467334747314453e-02
3.023771929740905889e-02
3.026071953773498691e-02
3.056593585014343376e-02
3.039327454566955605e-02
3.034341168403625541e-02
3.062484288215637160e-02
3.015554141998291054e-02
3.026915407180786124e-02
3.041460061073303356e-02
3.023094129562377969e-02
3.016693735122680589e-02
3.024295854568481365e-02
3.050643181800842194e-02
3.030851459503173737e-02
3.047548508644103843e-02
3.081080913543701033e-02
3.054031324386596510e-02
3.034344458580016946e-02
3.046057581901550140e-02
3.043460297584533666e-02
3.053014349937438823e-02
3.067508792877197271e-02
3.092297220230102658e-02
3.087118339538574147e-02
3.095573782920837264e-02
3.056449580192565837e-02
3.065797209739684961e-02
3.088441824913024797e-02
3.078962779045104833e-02
3.083861899375915649e-02
3.102464556694030720e-02
3.093599367141723622e-02
3.084152173995971524e-02
3.117227864265442044e-02
3.059779429435730003e-02
3.070923280715942214e-02
3.081297421455383295e-02
3.079805541038513339e-02
3.037671756744384638e-02
3.005021834373474213e-02
3.077311134338378898e-02
3.067035269737243552e-02
3.067970037460327273e-02
3.093872427940368500e-02
3.077582240104675265e-02
3.059463834762573414e-02
3.032237029075622592e-02
2.938577651977539174e-02
3.038774156570434731e-02
3.037758803367614918e-02
3.056414580345153884e-02
3.076540970802307123e-02
3.099965572357177637e-02
3.086243176460266163e-02
3.109051156044006364e-02
3.080585718154907338e-02
3.098017263412475644e-02
3.146043801307678300e-02
3.115825462341308486e-02
3.121615242958068748e-02
3.128526329994201632e-02
3.129032802581786787e-02
3.078775548934936657e-02
3.084845209121703929e-02
3.061928558349609475e-02
3.156731486320495800e-02
3.103794026374816911e-02
3.115499067306518391e-02
3.147237300872803012e-02
3.150036811828613170e-02
3.124608707427978596e-02
3.170397758483886608e-02
3.139662909507751759e-02
3.138723659515380709e-02
3.110964298248291085e-02
3.162615609169006081e-02
3.055966567993164199e-02
3.136158132553100442e-02
3.066389536857604819e-02
3.142780828475952304e-02
3.127417182922363065e-02
3.150133466720581032e-02
3.141756153106689542e-02
3.137188458442687761e-02
3.146340250968933383e-02
3.130276894569396923e-02
3.134331417083740384e-02
3.154087829589843905e-02
3.144310164451599027e-02
3.128258395195007008e-02
3.194151997566223311e-02
3.188447356224059781e-02
3.126555538177490379e-02
3.171765518188476851e-02
3.183130216598510642e-02
3.169558596611023182e-02
3.035902237892150815e-02
3.145177292823791299e-02
3.158477091789245461e-02
3.148247909545898171e-02
3.106816220283508193e-02
3.147068881988525357e-02
3.160025382041931064e-02
3.086544704437255843e-02
3.180269074440002230e-02
3.151853585243225009e-02
3.163976383209228527e-02
3.187595939636230641e-02
3.147827506065368347e-02
3.141829252243041881e-02
3.155337238311767267e-02
3.161059379577636774e-02
3.164601588249206510e-02
3.154833984375000205e-02
3.128792428970336714e-02
3.189373731613159152e-02
3.157869362831115800e-02
3.089390516281127763e-02
3.180024170875549172e-02
3.181121063232422025e-02
3.165433287620544184e-02
3.151733374595642317e-02
3.161352276802063127e-02
3.159997963905334523e-02
3.159617781639099260e-02
3.161857175827026412e-02
3.194669485092162947e-02
3.149337100982665949e-02
3.169775128364563099e-02
3.107447099685669081e-02
3.177427339553832997e-02
3.195387840270996066e-02
3.185314202308654752e-02
3.181005859375000272e-02
3.179312086105346574e-02
3.171412491798401151e-02
3.158209824562072804e-02
3.177566313743591248e-02
3.152648210525512557e-02
3.197422981262207364e-02
3.168232750892639032e-02
3.134689640998840343e-02
3.169988608360290588e-02
3.204742074012756348e-02
3.178761339187621826e-02
3.141749548912048384e-02
3.126246976852416898e-02
3.149617624282836925e-02
3.196302962303161632e-02
3.163743305206298539e-02
3.198283195495605497e-02
3.169563555717468117e-02
3.180238819122314237e-02
3.165502476692199502e-02
3.195589256286621160e-02
3.192990803718567111e-02
3.216923189163208019e-02
3.236464571952819835e-02
3.213605618476867570e-02
3.200422692298889038e-02
3.178211283683776700e-02
3.160398936271667514e-02
3.181389641761779574e-02
3.165507674217224454e-02
3.173180365562439098e-02
3.191934370994568143e-02
3.181128001213073819e-02
3.185518455505371299e-02
3.194725608825683266e-02
3.137461996078490939e-02
3.188654947280884083e-02
3.195307064056396307e-02
3.166243910789489496e-02
3.166461920738219971e-02
3.201261162757873535e-02
3.142392587661742981e-02
3.006359887123108074e-02
3.183477735519409102e-02
3.162535786628722922e-02
3.167417168617248785e-02
3.182041978836059465e-02
3.193181467056274703e-02
3.170227789878845431e-02
3.111561894416809207e-02
3.079391860961913988e-02
3.211727476119995150e-02
3.187553930282592540e-02
3.171418333053589028e-02
3.215550494194030495e-02
3.194288253784179771e-02
3.194502806663513522e-02
3.190593767166137462e-02
3.177022337913513322e-02
3.160573911666870323e-02
3.198003220558166826e-02
3.178723859786987405e-02
3.182225012779235640e-02
3.182123923301696800e-02
3.188830637931823475e-02
3.177673888206482278e-02
3.184739208221435552e-02
3.220452284812927446e-02
3.189327740669250372e-02
3.165900564193725730e-02
3.208861756324767750e-02
3.205543613433838035e-02
3.217191743850707913e-02
3.212650561332702770e-02
3.223063492774963512e-02
3.212429857254028159e-02
3.205739426612853882e-02
3.142903280258178833e-02
3.192116928100585671e-02
3.217173743247985634e-02
3.174035978317260587e-02
3.228692674636840509e-02
3.197434568405151112e-02
3.217608451843261691e-02
3.160843634605407793e-02
3.206947016716003157e-02
3.211917924880981767e-02
3.212622356414794600e-02
3.190447020530700478e-02
3.215859866142273260e-02
3.225945281982421642e-02
3.189942455291747830e-02
3.199850273132324313e-02
3.192465496063232738e-02
3.198207521438598683e-02
3.160421586036682440e-02
3.223295545578003241e-02
3.218234682083129933e-02
3.208342003822326621e-02
3.224076747894286804e-02
3.213533234596252508e-02
3.212439393997192083e-02
3.200064539909362737e-02
3.215417695045471452e-02
3.208130860328674283e-02
3.282032871246337580e-02
3.201334381103515536e-02
3.201999688148498419e-02
3.186488628387450922e-02
3.273427009582519781e-02
3.241436433792114352e-02
3.241980671882629256e-02
3.146892356872558333e-02
3.138141751289367370e-02
3.211408638954162814e-02
3.241855812072753917e-02
3.244045352935791271e-02
3.220643496513366649e-02
3.237840652465820424e-02
3.233330488204955860e-02
3.256902194023131997e-02
3.232168412208557412e-02
3.246913433074951477e-02
3.135388183593749989e-02
3.032609152793884141e-02
3.158613705635070906e-02
3.196996188163757358e-02
3.163249015808105441e-02
3.216185855865478366e-02
3.233614873886108548e-02
3.230580472946167209e-02
3.215655136108398759e-02
3.231201910972595487e-02
3.211131048202514604e-02
3.240684986114501787e-02
3.144452953338622986e-02
3.182453846931457275e-02
3.256163859367370433e-02
3.156167364120483071e-02
3.203881788253783863e-02
3.243244981765747159e-02
3.242958116531372004e-02
3.224712443351745311e-02
3.219120121002197465e-02
3.239424991607665894e-02
3.245740342140197854e-02
3.246891999244690130e-02
3.220898413658142279e-02
3.231467199325561285e-02
3.185587453842163297e-02
3.235256028175353959e-02
3.249686932563781994e-02
3.247121500968933039e-02
3.239112854003906028e-02
3.236134004592895741e-02
3.221900892257690413e-02
3.227891278266906833e-02
3.223269677162170221e-02
3.241521453857421770e-02
3.229083871841430947e-02
3.234363603591918629e-02
3.242848539352417153e-02
3.229546260833740523e-02
3.253338813781738587e-02
3.223809194564819514e-02
3.211599469184875377e-02
3.245242238044739047e-02
3.280211758613586770e-02
3.224061775207519298e-02
3.264234852790832281e-02
3.258479857444763345e-02
3.212240910530090449e-02
3.212073802947998380e-02
3.242399191856384227e-02
3.235397815704346008e-02
3.204019927978515869e-02
3.234814476966858116e-02
3.208020067214965854e-02
3.200516152381897156e-02
3.217793321609497409e-02
3.223574972152710300e-02
3.195462512969970970e-02
3.203931450843811035e-02
3.219879579544067394e-02
3.210120034217834456e-02
3.201960778236389443e-02
3.236863303184508989e-02
3.210190391540527349e-02
3.198027157783508295e-02
3.180434107780456821e-02
3.202972364425658858e-02
3.217160367965698348e-02
3.215121245384216370e-02
3.210922217369079762e-02
3.215779352188110479e-02
3.225617694854736317e-02
3.207108116149902377e-02
3.247649908065795843e-02
3.235623192787170227e-02
3.231096506118774636e-02
3.198838424682617226e-02
3.230813884735107139e-02
3.232564043998718134e-02
3.243577551841735768e-02
3.226523852348327920e-02
3.249773287773132652e-02
3.222274827957153503e-02
3.266879844665527416e-02
3.245638728141784363e-02
3.308841753005981740e-02
3.228981518745422524e-02
3.233379101753235119e-02
3.221358776092528992e-02
3.252821540832519231e-02
3.250400424003600797e-02
3.217610883712768849e-02
3.225587320327758661e-02
3.216881060600280950e-02
3.254088783264159901e-02
3.225132679939270164e-02
3.240336871147155712e-02
3.166931104660034024e-02
3.201617813110351624e-02
3.231298136711120705e-02
3.198919415473937961e-02
3.228918242454528742e-02
3.244331884384155096e-02
3.209502243995666221e-02
3.219568848609924427e-02
3.222932505607604969e-02
3.228669190406799339e-02
3.273457717895508073e-02
3.229000139236450073e-02
3.181314539909362721e-02
3.233230757713317916e-02
3.217625713348388344e-02
3.258758211135864141e-02
3.188508987426758035e-02
3.262059640884399508e-02
3.222908115386963201e-02
3.272592806816101291e-02
3.148877644538879139e-02
3.129972314834594815e-02
3.249060964584350730e-02
3.321147775650024753e-02
3.262069940567016713e-02
3.299878406524658220e-02
3.189854955673217946e-02
3.057198047637939287e-02
3.219463062286376936e-02
3.251174902915954928e-02
3.258642077445984137e-02
3.258875036239623768e-02
3.230467820167541582e-02
3.224805402755737127e-02
3.250316214561462663e-02
3.198382639884948808e-02
3.274340081214904830e-02
3.262583017349243025e-02
3.125966811180114907e-02
3.144471263885498247e-02
3.161391735076904408e-02
3.284030675888061773e-02
3.246901631355285367e-02
3.237699127197265353e-02
3.246512222290039162e-02
3.292558908462524248e-02
3.216703391075134005e-02
3.248192548751831221e-02
3.206099033355713085e-02
3.258980798721313604e-02
3.229796123504638516e-02
3.233437776565551564e-02
3.256021189689636136e-02
3.242874884605407432e-02
3.206897616386413657e-02
3.249301910400390764e-02
3.264396166801452476e-02
3.271445941925048978e-02
3.241475319862365673e-02
3.227929687500000200e-02
3.198945689201355275e-02
3.244561171531677030e-02
3.248840117454528803e-02
3.295084023475646634e-02
3.270928430557250993e-02
3.254190754890441684e-02
3.260602521896362183e-02
3.260749697685241810e-02
3.245237088203430098e-02
3.233728218078613104e-02
3.254179120063781933e-02
3.234812068939209306e-02
3.226715064048767123e-02
3.254375934600830383e-02
3.226915431022644304e-02
3.247229552268982022e-02
3.273644208908080971e-02
3.197584033012389887e-02
3.259326291084289895e-02
3.236788964271545416e-02
3.255759143829345392e-02
3.213100743293761941e-02
3.187884283065795660e-02
3.238110971450805509e-02
3.231905889511108715e-02
3.258332300186157077e-02
3.271511816978454890e-02
3.196335697174072094e-02
3.217832326889038391e-02
3.080744481086731060e-02
3.290981864929199557e-02
3.265516304969787870e-02
3.253218770027160867e-02
3.220039391517639377e-02
3.251663827896118103e-02
3.265733766555786038e-02
3.267427945137024031e-02
3.316725158691406078e-02
3.281619095802307262e-02
3.241773128509521651e-02
3.276344156265258850e-02
3.247513699531555387e-02
3.276508498191833818e-02
3.284365582466125533e-02
3.271672487258911466e-02
3.273536968231201272e-02
3.250185728073120422e-02
3.281323027610778820e-02
3.257878160476684881e-02
3.272452330589294134e-02
3.273250842094421048e-02
3.288543820381164412e-02
3.266101360321044950e-02
3.270912289619445912e-02
3.286662793159484536e-02
3.262627673149108565e-02
3.263629293441772800e-02
3.242041254043578902e-02
3.266273140907287320e-02
3.269939208030700484e-02
3.282845973968506054e-02
3.262072563171386497e-02
3.277831602096557828e-02
3.282056450843810758e-02
3.294714951515197859e-02
3.224046826362610141e-02
3.293504261970520153e-02
3.281337523460388372e-02
3.294856119155883944e-02
3.263332891464233720e-02
3.294405031204223483e-02
3.287563705444335876e-02
3.230859184265136991e-02
3.288715147972107178e-02
3.290843415260315263e-02
3.259406447410583690e-02
3.274947667121887174e-02
3.286302900314331393e-02
3.293451523780822898e-02
3.273233509063720736e-02
3.249612116813659773e-02
3.250662016868591242e-02
3.267106151580810580e-02
3.226767635345458712e-02
3.136529350280761741e-02
3.252382421493530545e-02
3.303880381584167747e-02
3.261993527412414273e-02
3.257173705101013006e-02
3.279039406776428078e-02
3.285578560829162387e-02
3.276531052589416737e-02
3.283004093170165810e-02
3.282021403312682800e-02
3.253811788558960000e-02
3.260626935958862299e-02
3.228835129737853832e-02
3.251862215995788424e-02
3.275202465057373141e-02
3.226065993309021329e-02
3.260082340240478410e-02
3.255883336067199457e-02
3.235562682151794239e-02
3.217941069602966303e-02
3.244146919250488065e-02
3.228664350509643372e-02
3.188054299354553534e-02
3.207472610473632857e-02
3.225584101676941262e-02
3.232382988929748818e-02
3.220207881927489996e-02
3.212056112289428389e-02
3.230995035171508462e-02
3.208585858345031766e-02
3.199217343330383601e-02
3.248209023475646939e-02
3.218757915496826133e-02
3.219891738891601796e-02
3.142812132835388211e-02
3.217834281921386902e-02
3.305973958969116167e-02
3.310083580017089688e-02
3.276933693885802912e-02
3.246430730819702126e-02
3.256298017501831066e-02
3.282091331481933744e-02
3.314842844009399658e-02
3.308777856826781993e-02
3.290253353118896551e-02
3.297288966178894137e-02
3.282102274894714566e-02
3.283841109275818099e-02
3.306309700012206865e-02
3.263053441047668313e-02
3.325160646438598405e-02
3.277062654495239286e-02
3.281858897209167375e-02
3.304017996788025102e-02
3.294006085395812661e-02
3.311892318725585815e-02
3.285353422164916798e-02
3.291885423660278337e-02
3.279398298263550005e-02
3.277841234207153065e-02
3.298461461067199452e-02
3.288770103454589921e-02
3.302615237236022905e-02
3.300947380065918230e-02
3.321079874038695978e-02
3.278658962249755837e-02
3.317819905281067100e-02
3.258185529708862438e-02
3.302117490768432390e-02
3.332578325271606107e-02
3.242179512977599876e-02
3.240826392173767195e-02
3.290727257728576910e-02
3.302091217041015769e-02
3.292157649993896623e-02
3.270405793190002408e-02
3.281437706947326616e-02
3.303385138511658048e-02
3.266613721847533985e-02
3.273749351501464844e-02
3.279457187652588118e-02
3.253031349182129023e-02
3.270344781875610118e-02
3.274497795104980291e-02
3.271853876113891418e-02
3.250643944740295305e-02
3.228644609451294251e-02
3.216269946098327531e-02
3.233813691139221513e-02
3.209616804122925049e-02
3.167723178863525446e-02
3.202439403533935414e-02
3.217377805709838862e-02
3.223386454582214539e-02
3.225328278541565036e-02
3.237731552124023526e-02
3.238468289375304870e-02
3.262011742591858221e-02
3.263535737991332675e-02
3.232111549377441467e-02
3.255483055114746088e-02
3.242869710922241522e-02
3.215613317489623979e-02
3.219065213203430031e-02
3.281819748878479076e-02
3.313931274414062822e-02
3.295727753639220853e-02
3.253103566169739114e-02
3.275597667694091913e-02
3.273836565017700095e-02
3.246922349929809437e-02
3.242594766616821444e-02
3.268651890754699363e-02
3.204612135887145719e-02
3.265808463096618597e-02
3.266658401489257874e-02
3.264934992790222146e-02
3.271754312515258445e-02
3.185474467277527033e-02
3.262275481224059803e-02
3.252694582939148066e-02
3.254104256629943709e-02
3.262147784233093012e-02
3.242169594764709312e-02
3.254351449012756609e-02
3.251706266403198153e-02
3.245440602302551020e-02
3.240983486175537387e-02
3.263186812400818010e-02
3.270930171012878529e-02
3.266340827941894426e-02
3.272424364089965981e-02
3.264266681671142839e-02
3.234162282943725542e-02
3.265336513519287442e-02
3.254735279083251914e-02
3.247287821769714172e-02
3.271512269973755188e-02
3.263641214370727878e-02
3.299553108215332042e-02
3.315901970863342069e-02
3.301600313186645735e-02
3.318479704856872742e-02
3.306215977668762462e-02
3.324471259117126737e-02
3.259429216384887584e-02
3.297565817832946722e-02
3.314787149429321289e-02
3.311210227012634233e-02
3.282983970642090049e-02
3.360636520385742315e-02
3.346134424209594449e-02
3.378250575065612493e-02
3.351751327514648771e-02
3.400651144981384211e-02
3.401394152641296076e-02
3.303539276123047125e-02
3.338977909088134549e-02
3.354616522789001520e-02
3.344119858741760598e-02
3.324876165390014404e-02
3.349399828910827603e-02
3.359797525405883861e-02
3.337759494781494113e-02
3.357574558258056424e-02
3.340481853485107594e-02
3.345932245254516768e-02
3.351922678947448497e-02
3.340405964851379111e-02
3.330908656120300237e-02
3.332585906982422214e-02
3.341952085494995228e-02
3.367436075210571145e-02
3.395899581909180009e-02
3.375517654418945523e-02
3.373749709129333224e-02
3.367891716957092246e-02
3.370925951004028615e-02
3.373994231224060336e-02
3.372106027603149342e-02
3.376654505729675265e-02
3.368695211410522444e-02
3.376932740211487094e-02
3.382834410667419356e-02
3.342403483390807978e-02
3.400425696372985640e-02
3.412250328063964888e-02
3.395606088638305348e-02
3.421684002876281688e-02
3.399391746520995933e-02
3.393621659278869829e-02
3.410716748237609813e-02
3.403028774261474682e-02
3.378840565681457547e-02
3.420279955863952948e-02
3.387903499603271695e-02
3.402634716033935830e-02
3.359412050247192333e-02
3.402702617645263911e-02
3.419463729858398388e-02
3.383033442497253296e-02
3.420775437355041276e-02
3.389390206336975048e-02
3.415897846221924161e-02
3.403909373283386247e-02
3.404405426979065230e-02
3.400138735771179171e-02
3.381360554695129333e-02
3.372978711128234858e-02
3.434390187263489103e-02
3.413036108016967440e-02
3.472051692008971957e-02
3.415191841125488070e-02
3.395199894905090443e-02
3.374610638618469327e-02
3.441778850555420044e-02
3.416547250747680592e-02
3.417759919166565158e-02
3.416653990745544683e-02
3.419975924491882452e-02
3.415078020095824868e-02
3.403354549407958812e-02
3.412486004829407005e-02
3.428918099403381603e-02
3.455281710624694830e-02
3.427633142471313288e-02
3.393723249435424971e-02
3.387411165237426414e-02
3.386302828788757130e-02
3.359789252281188826e-02
3.403943204879760626e-02
3.400119996070861961e-02
3.385687470436096053e-02
3.379640269279479692e-02
3.397728300094604581e-02
3.410573697090148876e-02
3.438108873367309859e-02
3.390037655830382968e-02
3.415516686439513949e-02
3.396778702735901018e-02
3.418391990661621277e-02
3.458068561553954978e-02
3.398444700241089189e-02
3.423808884620666709e-02
3.444957804679870533e-02
3.437156414985656494e-02
3.346670103073120378e-02
3.392508125305175593e-02
3.407927536964416165e-02
3.428535056114196539e-02
3.411643695831299145e-02
3.397346758842468423e-02
3.411233568191528176e-02
3.389327955245971524e-02
3.439951109886169728e-02
3.445060014724731640e-02
3.426575446128845431e-02
3.431486105918884338e-02
3.368478894233703502e-02
3.273705720901489563e-02
3.425355792045593067e-02
3.439580583572387357e-02
3.419601130485534768e-02
3.435892415046691573e-02
3.291549062728881675e-02
3.416189885139465227e-02
3.444545555114746083e-02
3.426553440093994124e-02
3.427637720108032277e-02
3.414036130905151456e-02
3.469173932075500510e-02
3.438984608650207803e-02
3.359224271774292198e-02
3.378010892868042042e-02
3.449309897422790649e-02
3.445734620094299122e-02
3.422252416610718079e-02
3.436756205558776783e-02
3.451578307151794561e-02
3.411171627044677634e-02
3.358723306655883589e-02
3.424993538856506425e-02
3.401004099845886253e-02
3.411836290359496898e-02
3.409995698928833252e-02
3.410044717788696111e-02
3.459093570709228377e-02
3.400994968414306624e-02
3.338665342330932734e-02
3.477890849113464411e-02
3.386097478866577359e-02
3.416320109367370489e-02
3.450990796089172669e-02
3.447474050521850270e-02
3.393338418006897061e-02
3.477219367027283015e-02
3.437250471115112227e-02
3.399688339233398332e-02
3.457409906387329257e-02
3.441709208488464428e-02
3.449230265617370811e-02
3.458276152610778587e-02
3.459248828887939720e-02
3.424075102806091453e-02
3.426995062828063626e-02
3.439329504966735784e-02
3.439420723915100064e-02
3.446312689781189098e-02
3.436027526855468806e-02
3.461393308639526545e-02
3.412798094749450867e-02
3.467301893234252946e-02
3.464745998382568609e-02
3.437215590476989935e-02
3.421647858619689814e-02
3.442495203018188649e-02
3.410333013534545821e-02
3.310006928443908619e-02
3.345857357978820890e-02
3.429122877120971413e-02
3.458066630363464122e-02
3.447266149520873679e-02
3.446539974212646518e-02
3.461879897117614568e-02
3.421645236015320030e-02
3.445601606369018410e-02
3.442402052879333513e-02
3.438303542137145785e-02
3.429128313064574995e-02
3.374725222587585116e-02
3.421924400329590110e-02
3.457581806182861289e-02
3.449532961845398066e-02
3.462273931503295765e-02
3.447546482086181335e-02
3.419652581214904785e-02
3.454302787780761524e-02
3.501996040344237948e-02
3.512777853012084839e-02
3.500475263595580894e-02
3.499779939651489341e-02
3.475829029083252197e-02
3.494881534576416149e-02
3.502134394645690929e-02
3.483965206146240334e-02
3.497988343238830899e-02
3.495650506019592346e-02
3.503796935081481684e-02
3.519363760948181208e-02
3.470548868179321178e-02
3.448713254928589128e-02
3.447737550735473916e-02
3.467075943946838074e-02
3.490241432189941650e-02
3.454719400405883989e-02
3.447826695442200023e-02
3.461946320533752786e-02
3.491035461425781583e-02
3.489590787887573292e-02
3.485403442382812439e-02
3.440311264991760543e-02
3.486957073211669617e-02
3.477041935920715393e-02
3.434820580482483149e-02
3.490945482254028537e-02
3.454279184341430692e-02
3.474595189094543263e-02
3.445238518714904830e-02
3.486517047882080333e-02
3.478658199310302734e-02
3.444040155410766496e-02
3.459296464920044029e-02
3.508663177490234375e-02
3.480822300910949713e-02
3.454194712638854886e-02
