1.313546427227283004e+02
1.480928734252836136e+02
1.477631827511677045e+02
1.520816452068596902e+02
1.500350568781709342e+02
1.496543278257425698e+02
1.293536010247523222e+02
1.210851208973207775e+02
1.074344053255597800e+02
9.024037874374516832e+01
8.111350591725658887e+01
6.321136216424579146e+01
6.208683734732044002e+01
5.398400746912535197e+01
7.338808799711702591e+01
8.400261701623408328e+01
7.074200188428106628e+01
4.844726674957941270e+01
5.264365877816765504e+01
3.612581178751299404e+01
4.078018349495986428e+01
3.732632033915008662e+01
3.719408240660052201e+01
3.301926247395484637e+01
3.208219970916226771e+01
3.434942963486272305e+01
3.285570950988871175e+01
4.878020636125239662e+01
2.761566963354124127e+01
3.588895950480353036e+01
4.206606785763349166e+01
3.186101148903921398e+01
3.759816029503782886e+01
3.238918911165338699e+01
8.040134106411926496e+01
2.753965364362049684e+01
6.382967336975632833e+01
8.565358524123548989e+01
1.767042703549399008e+01
4.726732609372763250e+01
2.566581415292034407e+01
7.164156298004344592e+01
3.259763929691300177e+01
3.611714845256708628e+01
7.684451838491700926e+01
2.126180066117655443e+01
2.899743463505371466e+01
8.443606068990131064e+01
7.934994348358205229e+01
1.380505156698973792e+02
3.423744000788597930e+01
4.226282083222790931e+01
6.108827191657807987e+01
1.550857365512590320e+02
1.430474441228626858e+02
1.103348517747519395e+02
1.724582696111923781e+02
5.391686640439464639e+01
4.380792546055717196e+01
4.677623385117319543e+01
1.801770298762013738e+02
1.805416007636376818e+01
2.774594148249532211e+01
8.143989452869340084e+01
3.863845487612488938e+01
1.615791983284321702e+02
1.319490853251731721e+02
6.557027583240302704e+01
1.084579553826655314e+02
1.791951040081427493e+02
8.502743407880119264e+01
1.003165252616721972e+02
6.730145908554861478e+01
6.764466230765620480e+01
2.750152948907890504e+01
4.793792238875325751e+01
2.092823209748808466e+01
5.380803598501940144e+01
1.139857598802948218e+02
1.310090092402868152e+02
8.239309182885565974e+01
4.389478406910249220e+01
1.013204067044587333e+02
4.236912241363508258e+01
5.835318147910731312e+01
7.175227797702730470e+01
4.362310302802484330e+01
4.603277697813972225e+01
4.556543571864068554e+01
5.660770100770323410e+01
4.437208828264427041e+01
5.126692526457444643e+01
8.147986489914927688e+01
6.813508910474116931e+01
7.187857992730648959e+01
5.424957955775438734e+01
1.229079615509079986e+02
1.071340812570987850e+02
1.144305772127462149e+02
8.421564684938996947e+01
1.252212598905360039e+02
1.084351484952939728e+02
7.695289173087917334e+01
9.713653648233501769e+01
8.432410104153287023e+01
1.865603874187026747e+02
1.080826220975295371e+02
1.131162703346215039e+02
7.523382593175449529e+01
5.457281471574303566e+01
7.405733225168158640e+01
5.920205162024404189e+01
6.882248672026722147e+01
1.008036395133720617e+02
1.353777485185038358e+02
1.440935714376658154e+02
7.069092004693656861e+01
9.328930237005772597e+01
1.160555093379628318e+02
1.603160123253978497e+02
7.380650623306941327e+01
1.114600313465087993e+02
9.017998042990565466e+01
8.748795499381775187e+01
8.461681372656198619e+01
1.107882077919990707e+02
1.215041502052907987e+02
8.781813815642072996e+01
6.567998418135088912e+01
8.892039150813199910e+01
7.162080150102210041e+01
6.405424361727345683e+01
8.303861249422764956e+01
6.313862145289376571e+01
8.515902405543826603e+01
8.731336712020797108e+01
9.915206152338565460e+01
1.139852509291436746e+02
6.312677746463044315e+01
5.726889199290229726e+01
6.892023953147761972e+01
1.303984688257905304e+02
8.906564294637183821e+01
1.006154571816809238e+02
6.684826579241882882e+01
1.611755704543310799e+02
9.550939296360330388e+01
8.723026294796994762e+01
1.868681275716378707e+02
7.145740593200312674e+01
9.009606679608444324e+01
9.651691477790231488e+01
9.967620524790390846e+01
1.123370034724204487e+02
9.067100285556252004e+01
7.493800930283907746e+01
7.405765179395504560e+01
9.330698099736915196e+01
9.754165021821170001e+01
9.472381865530674361e+01
9.199272837755407295e+01
6.457983635020596580e+01
6.583978027104042496e+01
1.175581030607857400e+02
7.390681882040445316e+01
7.423849322732627343e+01
9.375257057604817135e+01
1.411334531182126284e+02
7.208304459394086905e+01
1.235622406228471846e+02
4.359813095413353778e+01
8.087136312734530463e+01
9.274947558343906451e+01
5.865636890418487326e+01
8.144295121003493421e+01
8.130642650328707077e+01
8.494717119368550584e+01
1.053254740705803272e+02
1.577808392564934650e+02
1.427874968317426578e+02
9.060297086712674286e+01
9.473127608025245650e+01
7.899631685053155650e+01
2.083063050729926147e+02
1.097185166728127683e+02
2.050227956063718580e+02
9.627632729675121936e+01
7.511789140426552080e+01
8.018229973340913830e+01
1.218153685831729547e+02
2.452955569353619296e+02
6.005608723150882611e+01
1.202207795148686245e+02
1.240489172700976042e+02
1.779530347393772161e+02
2.733554252007284049e+02
1.120776923232647846e+02
1.695973901624366817e+02
2.255737542415216410e+02
1.422176484730707386e+02
1.825575731788479459e+02
1.260892888913217718e+02
7.986501534108256806e+01
8.236553503175039737e+01
1.580654686324057820e+02
1.020931877761817930e+02
1.284878718087660161e+02
1.013629287143552489e+02
1.322921086714015644e+02
1.663653348169177661e+02
8.332843732396624148e+01
1.855511667452103666e+02
9.803808242306303100e+01
2.115325550797618064e+02
1.706436422782212787e+02
1.062799273433212619e+02
1.617598079473349628e+02
8.755250281966435466e+01
9.199479570911101689e+01
1.831928275096748848e+02
7.034418049856316202e+01
1.286058751584982076e+02
1.637407077981990540e+02
1.021173866821302738e+02
1.455751241425398348e+02
1.166632757386151411e+02
1.005546354146226520e+02
1.767405438543662513e+02
3.057210044810400404e+02
2.659272326043590695e+01
1.333518627845601259e+02
7.993022022675823735e+01
7.203031864720948363e+01
2.268068375930024274e+02
7.780200875181796505e+01
5.714055840096632011e+01
6.201966110903794771e+01
1.606895787156140329e+02
8.858518220898325524e+01
8.871902636056969982e+01
1.751978158178607714e+02
8.406725140544060082e+01
1.404994561746833313e+02
2.275855924406938868e+02
1.059843776921602085e+02
2.426524639697554449e+02
1.871716369750430715e+02
8.217578255529294040e+01
1.297734208989098192e+02
1.680899656415792549e+02
1.178273998534374272e+02
1.830617777492268203e+02
9.229819703766895600e+01
1.092640270369353885e+02
8.178430179390514354e+01
1.206730399985840165e+02
1.882136671511159705e+02
1.003124696989814879e+02
1.132669483315886936e+02
6.854896761101851155e+01
1.413052906385959204e+02
1.545786081015103832e+02
1.346704791562576702e+02
1.214130273910039790e+02
5.266282000275307240e+01
1.521684639511609873e+02
8.749949362469091341e+01
7.731558637800122824e+01
1.534801181312529366e+02
7.495737401278466905e+01
8.325782696544872863e+01
4.691861687666562375e+01
6.204501562140733739e+01
1.794089654962430131e+02
6.624167191539449107e+01
1.078730945350289403e+02
1.021725764795379803e+02
2.032970374662273514e+02
6.357246957776627738e+01
4.279886498368032477e+01
1.917431175122244440e+02
8.250232951225108025e+01
7.577716472959488669e+01
1.160841009739133796e+02
9.301471009663406164e+01
3.653954724423579137e+01
8.552864880935591430e+01
1.961305719646299224e+02
8.385521773414723157e+01
9.893568398886853288e+01
1.167858581893054577e+02
7.983366065427406966e+01
1.409913768128757852e+02
5.660034381721828112e+01
1.051823309501230881e+02
6.112762868136583450e+01
1.441966871711877332e+02
1.363694528443128888e+02
7.969759421043600867e+01
9.877382079607713194e+01
8.368141875519110329e+01
3.237743530018327220e+01
9.222947844510895266e+01
9.026224083215250005e+01
3.772364893284140663e+01
4.679555440311150249e+01
4.691168532387737145e+01
7.633130731480953557e+01
5.962414124074376076e+01
7.414584067538952183e+01
4.997430917700562958e+01
5.668358291966941920e+01
4.398971876913687851e+01
8.678452721828450933e+01
4.936529464425366598e+01
8.086420447300065462e+01
4.664516449791818786e+01
7.462467783659828058e+01
6.468267672985578542e+01
7.656792895797326537e+01
3.639016232480623358e+01
8.509088296091238135e+01
6.935197648060902509e+01
4.634231260687501930e+01
3.971259166933343465e+01
5.742744236573422967e+01
9.025477425779355656e+01
8.840916580939587277e+01
1.263593820210293472e+02
8.540515915701696770e+01
1.053717390104868343e+02
5.476982076316916448e+01
6.450170328544479048e+01
9.702245214363168202e+01
7.352729287907951061e+01
4.589906485079072951e+01
3.825656612458875117e+01
4.171876511486381389e+01
6.643675670834635127e+01
4.972478743965755399e+01
7.732975584077378528e+01
6.525919979801356874e+01
4.370147727406710914e+01
4.140546735355084706e+01
4.600180284152151700e+01
1.214748444797446041e+02
4.315091914136700524e+01
1.027178075153822050e+02
3.169680283292666445e+01
5.947172161438658122e+01
4.682284957091386701e+01
4.777346152328324536e+01
4.833075307403703391e+01
5.667297068926148995e+01
6.237713518530346590e+01
9.140186424077415950e+01
4.382682266839467644e+01
6.849426941490031595e+01
8.484654954781181857e+01
5.860190132446190603e+01
5.733229474178539675e+01
4.954912595927100227e+01
4.125331499037250182e+01
4.008452186470395162e+01
3.287796776335440541e+01
5.204135424184458003e+01
6.107706951580616561e+01
6.686795398044637295e+01
3.432384077776373488e+01
8.130756662458755102e+01
5.112489162842440038e+01
3.168608660422552958e+01
9.292805255427337841e+01
7.628377388999668085e+01
9.214915314991408479e+01
5.676614172019483107e+01
7.486867123177690075e+01
1.454070280095442911e+02
7.893264210194662667e+01
6.639251468972358339e+01
4.981173945301117811e+01
6.702156608170842844e+01
5.928204031777534766e+01
8.302389967542285376e+01
9.217033697644752976e+01
6.009618157467463817e+01
1.054401055318959095e+02
6.194457398736587805e+01
5.663006123913337575e+01
4.114793184679728455e+01
4.561897349184705064e+01
4.731429857046558141e+01
3.642620837407814349e+01
9.415241939663708592e+01
3.688068499879383921e+01
4.730008290756174461e+01
8.855714209354535171e+01
6.142977969416708106e+01
5.177281617981233808e+01
6.348908472537264203e+01
6.216110309952365753e+01
4.646807893213654239e+01
6.021486739948737466e+01
5.483551435678960928e+01
4.537177456591508928e+01
9.002456107186171153e+01
3.901527033916474352e+01
8.453126761812511347e+01
6.872847305040663457e+01
7.722877153043600629e+01
6.485303723200995307e+01
4.848135612188635690e+01
2.915942098469887611e+01
7.383729334849256531e+01
4.533197022113949970e+01
6.744675673902604274e+01
3.345037139811456939e+01
9.567207931430378665e+01
5.721203922096749750e+01
4.763314049188109323e+01
4.119397085313063656e+01
3.159781020602207846e+01
5.005755745659796929e+01
6.026907007086957435e+01
7.741395990706028840e+01
2.963536349904216038e+01
7.565643558854679895e+01
6.684815562471723638e+01
3.368939994067999777e+01
4.974650626109193752e+01
3.421555128989376016e+01
4.076504369754882617e+01
3.226083197809871450e+01
3.171343747449014927e+01
3.713541003103745197e+01
9.540774681411789970e+01
4.816510093989777630e+01
5.205239122041787425e+01
5.105490203094296220e+01
2.807651532995902954e+01
3.596331419887386005e+01
8.255536227079821288e+01
2.932027887602713534e+01
1.196873114830905820e+02
6.555016293164148067e+01
2.772412672018049307e+01
2.740162079752873581e+01
8.840023775563187769e+01
7.672109876903941483e+01
6.768632134697253377e+01
2.970957235422119425e+01
7.279453949922034894e+01
6.702738665907129700e+01
3.548202449569061656e+01
4.205166224060779712e+01
1.015692734432389841e+02
5.858088113988505796e+01
3.872758423746000744e+01
2.674666901949924380e+01
3.337780595760818159e+01
9.513648760527020443e+01
2.506894844099635833e+01
8.480009802699181876e+01
5.403121734307718782e+01
2.984679455619911437e+01
6.877079428539249761e+01
6.234565402234264297e+01
6.694842044158252747e+01
4.007648322965150811e+01
2.656753948181132685e+01
7.940248938277545676e+01
3.239126711941953118e+01
2.634744487730452178e+01
4.990982301959651579e+01
3.003355454067217067e+01
8.250172945720427720e+01
1.047582172749255847e+02
4.373959341094884934e+01
6.081060639800429612e+01
6.501950157031153310e+01
2.565452755843811872e+01
5.733070185950975173e+01
4.336462980426281888e+01
3.184795085186797792e+01
3.126907918420466004e+01
2.062773026837081503e+01
4.300620391455544933e+01
5.194705355187728912e+01
6.548438351193058793e+01
3.235862338748010103e+01
1.633015112293971072e+01
3.100481601232784712e+01
2.471321442760974563e+01
3.345071482856968714e+01
2.952328571122810885e+01
2.353355888422274589e+01
3.996520542822214850e+01
2.236410115011441846e+01
8.457011561230241625e+01
4.116230267535750187e+01
1.757649068381755697e+01
3.033986397053629247e+01
4.865471962416953744e+01
1.837128092631086318e+01
4.771868744394551243e+01
6.322647545401262903e+01
3.553944943282793645e+01
4.050696272566177925e+01
7.532429923106444392e+01
1.550941899930677792e+01
2.866949123511252751e+01
2.377897207707144744e+01
2.342330715538876262e+01
3.228949948180491702e+01
3.655262348355368118e+01
2.542879177352194020e+01
2.049959012394301539e+01
5.983832511318601632e+01
2.590367307928027429e+01
3.284900387496126939e+01
4.819606958147050335e+01
2.004750107746388110e+01
3.788042667057560919e+01
3.750014475771847344e+01
4.628374297513123992e+01
2.835509349340543750e+01
3.761552155665648201e+01
3.944964890698797433e+01
9.313258039712056302e+01
4.993661706630613395e+01
9.442843775296529429e+01
7.885071727526889163e+01
1.077272141724520438e+01
1.133221465436079534e+01
4.209335509588301960e+01
1.204683829186183743e+02
6.375032603262926045e+01
1.252369671763783714e+02
4.899532999549410306e+01
2.235581992614257274e+01
2.040854456160225894e+01
4.255232530694983950e+01
3.659001193402287555e+01
7.609360816786407611e+01
1.030491715486350586e+02
7.402504184461484726e+01
3.513534914662749742e+01
8.128491684534591855e+01
3.060414636293366897e+01
4.276846532257255973e+01
9.526567400358766236e+01
5.170402908467640657e+01
4.669665571309636931e+01
5.785248974755794649e+01
3.489546624074518633e+01
3.661677107185152380e+01
8.679351496933222165e+01
2.725277947105787746e+01
5.621350884595974406e+01
3.465031372396977360e+01
5.762569549641990108e+01
3.777238101398288705e+01
3.596022717834286908e+01
9.699502425580793386e+01
7.135280510954784461e+01
8.228747254016452928e+01
4.947200212612037973e+01
4.191601390838009422e+01
2.179442273300199773e+01
4.258282171931788440e+01
5.323528293592232075e+01
3.940269340676564980e+01
4.771995877261969099e+01
3.928457510982550360e+01
3.143883908338142419e+01
3.414978774221901148e+01
5.265905463904765327e+01
1.946598257875493587e+01
2.613525523898941927e+01
5.553824880326548907e+01
2.970252771971326666e+01
6.602297672258065120e+01
6.032214819320738997e+01
2.686903899069849544e+01
4.182966129044339709e+01
5.023905606120005274e+01
9.832573516454601759e+01
3.103207075630747624e+01
7.937298159282579491e+01
4.138106335237578293e+01
2.803931816936910337e+01
3.280685862107766582e+01
2.788653366427490354e+01
8.503586808285102450e+01
4.761301737493372599e+01
6.812137885103875590e+01
4.568147728169916633e+01
3.740458507530863841e+01
3.262872587075376174e+01
4.678978051126744475e+01
8.537575221190090247e+01
8.329853517619227432e+01
6.371353690716308193e+01
5.151108342402080353e+01
8.195467416622854273e+01
4.016771604663811956e+01
4.660605962646171463e+01
5.722504306046455014e+01
6.645431206795085188e+01
8.854200496781024299e+01
2.364471960636360137e+01
5.720523938293170829e+01
1.559289698034975800e+02
6.136604486116880253e+01
3.255427534049280069e+01
4.332947847510735073e+01
2.086972580011390832e+01
8.833364823661058551e+01
1.141890647114531987e+02
2.357482753562877775e+01
9.161666585525654227e+01
2.649125738899588711e+01
2.376771460524096469e+01
4.572377163880906892e+01
3.297051792606013265e+01
1.041843366041522501e+02
2.749341771422146508e+01
3.435218248916645223e+01
4.640377313206593612e+01
4.768365466986988110e+01
5.511209152116443022e+01
8.712110550601671832e+01
4.830883063601179828e+01
3.152010084990093119e+01
5.101753522044619160e+01
2.909416808887550943e+01
4.233840928240127965e+01
5.339085144111557213e+01
1.855177769236527396e+01
7.056958962361647991e+01
8.933807334478441931e+01
6.485821239029542085e+01
2.387555900818671617e+01
9.995521005793068525e+01
5.235193491910957420e+01
3.048797320260808519e+01
3.051639851894716315e+01
5.922700590871584581e+01
8.221196658895155451e+01
2.839537332779212164e+01
5.331702824864367329e+01
4.014474317192763664e+01
2.812520570521875740e+01
6.381102783090009467e+01
6.261307960799995698e+01
1.464213191706298858e+02
1.179523903781468732e+02
4.408717370691332604e+01
5.619763586157889534e+01
1.349687294025169422e+02
3.899664118561867099e+01
5.512928247571345253e+01
4.594833274966268277e+01
3.137201999849656175e+01
8.223824796242124080e+01
4.266483326040025759e+01
6.902352757476171519e+01
3.718995132468807441e+01
5.219828575033209717e+01
7.915977965384736592e+01
7.449854529869196540e+01
3.164136534169980663e+01
2.088531246462318336e+01
1.685417630452733206e+01
5.578743405739795236e+01
3.000036723360025448e+01
8.691490928929644610e+01
3.392066448748207819e+01
3.017654825814025799e+01
3.714685023510274675e+01
1.142286765870361620e+02
8.493357442487567255e+01
2.218426283770550356e+01
3.893098147596521841e+01
5.335275468415258615e+01
3.963782707640845615e+01
3.398598286366502208e+01
6.742714635495109121e+01
5.779348274183284673e+01
3.249129635693471130e+01
6.839708092094429048e+01
8.377858573880035920e+01
3.107386607881933926e+01
1.019550036073408705e+02
6.000379739739967988e+01
3.732427904859431322e+01
4.601739739771269200e+01
1.004728994528956747e+02
6.501321251078448427e+01
8.994517698211787149e+01
3.070960109460055776e+01
3.187594348542093314e+01
7.259114278220943106e+01
6.894231023571865080e+01
8.960568821338904399e+01
7.896486914199886087e+01
6.173343263453733698e+01
4.351503166063591266e+01
9.632024780764034233e+01
5.873992259167814467e+01
4.051696870079911150e+01
4.612902276070066421e+01
5.186838062772914526e+01
4.809561402967834454e+01
2.222592464469527940e+01
4.182991695283313049e+01
6.350677715277463165e+01
7.061748300376559939e+01
3.044612264163571425e+01
4.093833247388642604e+01
4.572900968124276488e+01
3.600498683329061578e+01
8.670317789187122060e+01
3.269217618594149144e+01
4.476728106061798229e+01
7.900500807428281291e+01
3.114625022969257273e+01
1.139145769431507205e+02
1.364750248921685056e+02
3.896644344613788036e+01
3.231313445636699555e+01
2.392380408258018676e+01
5.197302704790075012e+01
1.782701898364723192e+01
6.550546406767648477e+01
2.860734873744778284e+01
3.578567110109645455e+01
1.994393272096454339e+01
2.988899211335240835e+01
5.921822819896045331e+01
3.402545316290095911e+01
3.022993583882565005e+01
3.753948462225613980e+01
8.133678464878119030e+01
7.604358394982338609e+01
4.899586518427411619e+01
3.767651602303799052e+01
6.688831151843658063e+01
3.840057029721089776e+01
2.596410105070944496e+01
8.523220761600090611e+01
3.910439718696969891e+01
3.141830507681602569e+01
3.280900944419713738e+01
4.843528838308148465e+01
3.742697238274249116e+01
6.860572352072377100e+01
5.020604674549026925e+01
2.277645150294558718e+01
3.768714166949504119e+01
6.823736485289060738e+01
1.735955825645176631e+01
3.573679744725002649e+01
2.222540734379655092e+01
5.599814159947418091e+01
3.360290988996399619e+01
2.606252665560807813e+01
5.687587725421377627e+01
4.084876721100292229e+01
4.111057074895212793e+01
7.347534242499614265e+01
2.385266859767157754e+01
6.526686384515072348e+01
3.226314163253474732e+01
1.062398027759303432e+02
5.712547482941489108e+01
7.140755113268389209e+01
4.495528730157705866e+01
2.104266250230026714e+01
1.540746064399316317e+01
6.085101768810470446e+01
3.775662036147360823e+01
5.291246162417450449e+01
1.624031946034488101e+02
2.824980657307567000e+01
1.950754221923738498e+02
4.625125981753714655e+01
3.196989280521085419e+01
7.510171221889120829e+01
3.490765908845883558e+01
5.110094808476923589e+01
4.754951846364638612e+01
4.571205294607518255e+01
7.676397437685078273e+01
3.206380268568251068e+01
8.864818031502052520e+01
7.404614561789441041e+01
3.693549385454449663e+01
2.523979685264945516e+01
3.171244623691433162e+01
5.068873766805110392e+01
3.859474117998743736e+01
5.232931748725324894e+01
5.504220222557169251e+01
7.147471853821170384e+01
4.612263874732570201e+01
3.930074403356820056e+01
2.720104061568376963e+01
4.280026387118645914e+01
4.211540089116243024e+01
4.597700454527285530e+01
2.462194631683953716e+01
4.726732072640436400e+01
3.046018980500709006e+01
3.887981103485204670e+01
7.777828851048064962e+01
6.567179063556176288e+01
9.408719856684329841e+01
3.609666340954532160e+01
2.959791611056512650e+01
4.865969406393482899e+01
2.403471875399689850e+01
2.498240330221997496e+01
2.566164910013389644e+01
6.666422882255767490e+01
6.054762691992681312e+01
3.166292724350440224e+01
2.428675370583937720e+01
2.651726838676574971e+01
4.991660815301500520e+01
6.459951373249209894e+01
1.470199361294828293e+02
5.022647051225347781e+01
3.118782082095438213e+01
8.833209602905201052e+01
8.349982603877869280e+01
2.958366346601897590e+01
4.853275745629159132e+01
4.122959138736417373e+01
3.845020469099711136e+01
9.538242742619385695e+01
6.074257417347382670e+01
5.753900115329717124e+01
3.021564047494202043e+01
6.585168620536752826e+01
4.415342217412150916e+01
1.050696766671441793e+02
1.124371776430380265e+02
5.770891897836353479e+01
3.131761990716196919e+01
4.249095630196710971e+01
1.078760959101898607e+02
6.854360657997814599e+01
4.664699147642647858e+01
4.725792511533869344e+01
3.952856681631265445e+01
1.867330353924257125e+01
1.019811794076228608e+02
4.106713609698871181e+01
5.221671936824970572e+01
4.631285855506023097e+01
9.133294247700916912e+01
5.192796010631872150e+01
5.268186147077633308e+01
7.312143580240189067e+01
5.955239235607896831e+01
7.844998398396056416e+01
6.408548198954683528e+01
7.319650961677012901e+01
2.309280055563505485e+01
6.520167026712194058e+01
5.364310852748977965e+01
1.066545513160542811e+02
6.975187032171606916e+01
7.623690313690399023e+01
6.084953794400475147e+01
2.494378820225231763e+01
2.836900433802756538e+01
4.352336090155959170e+01
6.911275587728400183e+01
3.115869387863860496e+01
6.734029499484984171e+01
3.280015864883803545e+01
4.137403355302943453e+01
1.267360778322606478e+02
3.620070351436152123e+01
7.586073748065406619e+01
1.331264673048927136e+02
4.838377453850944931e+01
7.573278650781938381e+01
3.853852397736984159e+01
4.484091350607946680e+01
5.297363931427954498e+01
6.669729341369442466e+01
5.948901392399839949e+01
3.179152982042866427e+01
1.025222892315508432e+02
3.038207821645266193e+01
2.629546847699046097e+01
1.706406849112393687e+01
1.105813376805731139e+02
6.868165870950745955e+01
6.460899900936992424e+01
6.797158348687932516e+01
7.372441205731053060e+01
9.191611463492625944e+01
3.014743040596114909e+01
4.550241120522829164e+01
6.065318489021356640e+01
3.575125078501489639e+01
3.950523628817349220e+01
6.114763128628290190e+01
6.786554788138600713e+01
5.613109465844090096e+01
4.077579835287335897e+01
1.096344280010573016e+02
6.655493361182293199e+01
4.118115958876483518e+01
4.133985403778967793e+01
8.162816738672536587e+01
5.320207092324795894e+01
6.437553179092172684e+01
3.453943445112389554e+01
7.550124049920526659e+01
6.593423342874230286e+01
1.200475685380719142e+02
3.830118691393652597e+01
3.445492319906398393e+01
5.348611349238181845e+01
2.450656683206685571e+01
2.953363509060251602e+01
4.541295972907433054e+01
5.258469823757657480e+01
4.919444631632028830e+01
4.046615044826879171e+01
7.569330756467417132e+01
1.507436188419453771e+01
5.731663487486822817e+01
2.984813243251699078e+01
7.844430106636583844e+01
1.103826377010128112e+02
5.738636894272198674e+01
3.578760398854016955e+01
7.643994565992230150e+01
3.510943063683647836e+01
4.999044850587105771e+01
6.971678955599823269e+01
4.983251538397887259e+01
4.249311120726223123e+01
7.554052167098708992e+01
5.913159784791759677e+01
1.178018428600523038e+02
5.896387053204570350e+01
1.195682166543056155e+02
1.667086402732711861e+02
2.614905681206013099e+01
5.768089681413081138e+01
9.176341640313890480e+01
8.033024765800742273e+01
3.396603193232287765e+01
3.940593588810677517e+01
3.059475586995856844e+01
2.437843228180492616e+01
1.179270439257245755e+02
1.307961669029231757e+02
3.479213688518575509e+01
1.272542524224357550e+02
6.246482218415576426e+01
5.354588884461044529e+01
7.119172256509030206e+01
4.753867572995246604e+01
9.944815401758545192e+01
3.751689072383878454e+01
5.279663489306664559e+01
6.490757453121581477e+01
5.292684875599403682e+01
5.792659356268657689e+01
2.573513942144201749e+01
1.049547452299777461e+02
9.880588864937402604e+01
1.400239146038501872e+02
6.928917604491994098e+01
3.258627690892205919e+01
5.159275275070609723e+01
4.567305017504663311e+01
5.798223538855798154e+01
1.473481185148517341e+02
2.577059912402555142e+01
3.879614552590790311e+01
6.201659611649064630e+01
5.868549333238140520e+01
7.792134006192505069e+01
5.380227858977821853e+01
3.293964846825955561e+01
4.868248238579377585e+01
6.562678819606161085e+01
3.930500310706601397e+01
5.886913461008724369e+01
2.019649885120242772e+01
