2.245690236091613667e-01
2.989223694801330586e-02
2.950237393379211495e-02
2.878230595588683952e-02
2.889302277565002422e-02
2.872017049789428803e-02
2.890267372131347795e-02
2.899750208854675465e-02
2.885942268371581923e-02
2.890417194366455209e-02
2.873440623283386383e-02
2.894070649147033672e-02
2.883867549896240376e-02
2.905115747451782193e-02
2.879354000091552748e-02
2.899545693397521939e-02
2.872157382965087949e-02
2.885697555541992185e-02
2.898419785499572673e-02
2.886975169181823717e-02
2.877414417266845742e-02
2.922439455986022838e-02
2.946991181373596197e-02
2.931188344955444267e-02
2.959380030632019140e-02
2.903540587425232009e-02
2.922662615776061915e-02
2.940401697158813443e-02
2.930456686019897519e-02
2.915399765968322912e-02
2.949302554130554116e-02
2.959194684028625469e-02
2.951035785675048748e-02
2.965872526168823395e-02
2.916863489151001049e-02
2.955238032341003448e-02
2.916525244712829534e-02
2.917159199714660506e-02
2.970680403709411582e-02
2.969897580146789451e-02
2.956637930870056191e-02
2.988064551353454557e-02
2.973301839828491194e-02
2.982442784309387307e-02
2.988484978675842382e-02
2.957306051254272525e-02
2.926884078979492126e-02
2.931409811973571811e-02
2.969158387184142947e-02
2.967305374145507921e-02
2.972835683822631914e-02
2.952608537673950123e-02
2.997110819816589319e-02
2.987548446655273471e-02
2.942767548561096153e-02
2.974040699005127061e-02
2.964699292182922455e-02
2.983737778663635154e-02
3.000004005432128917e-02
2.988107895851135204e-02
2.951563382148742615e-02
2.921994662284851246e-02
2.997197794914245594e-02
2.962927699089050460e-02
2.999154973030090238e-02
3.013248395919799691e-02
2.968284988403320154e-02
3.017523050308227456e-02
2.987886834144592302e-02
3.011753869056701602e-02
2.959150815010070865e-02
3.003454065322876121e-02
2.998030328750610207e-02
2.962798881530761749e-02
2.994194602966308502e-02
2.989193010330200295e-02
3.048562717437744082e-02
2.993262243270873937e-02
3.019775962829589905e-02
3.013520121574402022e-02
3.010415983200073406e-02
3.028685832023620544e-02
3.040303444862365798e-02
3.004304099082946711e-02
2.873636341094970570e-02
3.050841069221496560e-02
2.986497521400451743e-02
2.884695792198180980e-02
3.043070888519287115e-02
2.989207315444946181e-02
3.026563525199889998e-02
3.025178289413452126e-02
3.024168968200683510e-02
3.042574453353881839e-02
2.982313632965087960e-02
3.020347929000854331e-02
2.994208312034606773e-02
3.032751417160034144e-02
3.069507598876953028e-02
2.997294592857360773e-02
3.016031026840209836e-02
3.044725418090820160e-02
3.026128983497619607e-02
3.053776788711547868e-02
2.984903073310852042e-02
2.914007616043090901e-02
3.023622775077819749e-02
3.040187549591064423e-02
3.033917474746703966e-02
3.063207674026489219e-02
3.010917592048644939e-02
3.045243120193481465e-02
3.066721415519714500e-02
3.052192401885986395e-02
3.081959962844848730e-02
3.109859943389892481e-02
3.059575819969177074e-02
3.047042655944824305e-02
3.089597249031066778e-02
3.053067827224731356e-02
3.050175762176513677e-02
3.069197821617126315e-02
3.079920005798339813e-02
3.050593757629394692e-02
3.050565838813781849e-02
3.040536046028137138e-02
3.053037047386169406e-02
2.989211225509643549e-02
3.048759484291076530e-02
3.088011980056762709e-02
3.044100046157836859e-02
3.057024955749511677e-02
3.053337407112121510e-02
3.058928894996643111e-02
3.018820571899414121e-02
2.969429707527160636e-02
3.041161322593689126e-02
3.010892677307128867e-02
2.992601346969604378e-02
3.061488914489746138e-02
3.049368047714233476e-02
3.031963253021240090e-02
3.059786176681518477e-02
3.078541350364685097e-02
3.090402960777282812e-02
3.068765568733215418e-02
3.052849054336547949e-02
3.097383093833923351e-02
3.075377440452575772e-02
3.081402182579040527e-02
3.071748185157775757e-02
3.098552966117858881e-02
3.024403643608093370e-02
3.093990921974182004e-02
3.068137049674987682e-02
2.965918898582458468e-02
3.097265529632568445e-02
3.080019187927246146e-02
3.060177350044250566e-02
3.068925714492797691e-02
3.084458303451538194e-02
3.064180922508239618e-02
3.081590962409973267e-02
3.054817342758178733e-02
3.063117313385009879e-02
3.048603796958923237e-02
3.075171899795532335e-02
3.062052822113037198e-02
3.090917325019836362e-02
3.096863722801208516e-02
3.097869801521301383e-02
3.107930397987365700e-02
3.092593646049499392e-02
3.076921415328979365e-02
3.096531462669372542e-02
3.027570080757141166e-02
3.058752536773681752e-02
3.102836322784423978e-02
3.070010066032409501e-02
3.030803442001342787e-02
2.885538959503173781e-02
3.061198925971984897e-02
3.075803160667419517e-02
3.069046878814697329e-02
3.129663252830505032e-02
3.062208080291748194e-02
3.014776897430419822e-02
2.995154142379760631e-02
3.094993948936462444e-02
3.102899098396301111e-02
3.085361671447754001e-02
2.890437579154968295e-02
3.031370186805724953e-02
3.061856317520141729e-02
3.090969800949096638e-02
3.117979621887206898e-02
3.082976150512695482e-02
3.109446167945861816e-02
3.089417743682861331e-02
2.997023487091064406e-02
3.101950812339782787e-02
3.099859547615051170e-02
3.063508391380309961e-02
2.953855895996093661e-02
3.006024265289306691e-02
3.039155101776122928e-02
3.030737018585204917e-02
3.018465566635131908e-02
3.060919213294982857e-02
3.103588533401489130e-02
3.078738689422607505e-02
3.076488471031188845e-02
2.979523158073425423e-02
3.105528593063354437e-02
3.102573370933532637e-02
3.086488175392150882e-02
3.094029092788696395e-02
3.079747009277343864e-02
3.114718246459960774e-02
3.111829233169555523e-02
3.119417333602905393e-02
3.102457976341247564e-02
3.089482998847961279e-02
3.082312178611755493e-02
3.100076937675476027e-02
3.059317755699157704e-02
3.085809421539306707e-02
3.016263628005981523e-02
3.057158136367797707e-02
3.107225847244262859e-02
3.037251353263854814e-02
3.054800128936767736e-02
3.117641735076904369e-02
3.112217855453491139e-02
3.103886651992797743e-02
3.137567257881164473e-02
3.048843097686767742e-02
3.139044809341430542e-02
3.063776993751525859e-02
3.083906245231628554e-02
3.106124019622802726e-02
3.101002407073974454e-02
3.100426387786865343e-02
3.112324452400207567e-02
3.115637922286987327e-02
3.082699656486511189e-02
3.075003433227539024e-02
3.118318462371826028e-02
3.055110836029052701e-02
2.981978940963745175e-02
3.062587237358093198e-02
3.093658709526062034e-02
3.120001482963561876e-02
3.102753543853759705e-02
3.143994188308715798e-02
3.039984989166259755e-02
3.131655859947204273e-02
3.136400461196899719e-02
3.118523883819580150e-02
3.147001981735229187e-02
3.093280005455016982e-02
3.144238734245300565e-02
3.089369368553161743e-02
3.140338802337646479e-02
2.964761972427368275e-02
2.953711533546447832e-02
3.079302692413330225e-02
3.109866642951965299e-02
3.067694926261901878e-02
2.954614377021789681e-02
3.114097523689270119e-02
3.034836173057556263e-02
3.141642165184020674e-02
3.108556294441223306e-02
3.003784918785095195e-02
3.111647272109985263e-02
3.115623044967651481e-02
3.147790622711181541e-02
3.118167710304260362e-02
3.118306398391723633e-02
3.112851214408874495e-02
3.050003933906555303e-02
3.139182376861572588e-02
3.126325511932372819e-02
2.973166465759277330e-02
3.100889468193054194e-02
3.162501049041747947e-02
3.195906519889831626e-02
3.122432136535644581e-02
3.138947463035583751e-02
3.172340106964111062e-02
3.142783474922180437e-02
3.144948267936706343e-02
3.221838927268982217e-02
3.164489912986755138e-02
3.184237861633300998e-02
3.166530919075011968e-02
3.157586550712585677e-02
3.150021553039551031e-02
3.153111386299133068e-02
3.132487869262695623e-02
3.141822528839111062e-02
3.152003622055053744e-02
3.047322726249694982e-02
3.138866305351257352e-02
3.131321907043457115e-02
3.138758850097655984e-02
3.033177018165588226e-02
3.140725755691528565e-02
3.143717646598816196e-02
3.053341197967529216e-02
3.031288361549377280e-02
3.177392721176147683e-02
3.122890567779541132e-02
3.171832275390625011e-02
3.156504964828490967e-02
3.184447669982910095e-02
3.147817730903625794e-02
3.140806460380553972e-02
3.066542553901672324e-02
3.171480488777160545e-02
3.177494192123413164e-02
3.119381952285766452e-02
3.164338183403014870e-02
3.165752601623535167e-02
3.186539101600646684e-02
3.144533944129943720e-02
3.142622041702270580e-02
3.157884931564330921e-02
3.122265720367431788e-02
3.187080502510070829e-02
3.184826564788818121e-02
3.154587459564209273e-02
3.117536973953247137e-02
3.177908539772033442e-02
3.116898465156555179e-02
3.142908048629760448e-02
3.164142894744872980e-02
3.183855366706848239e-02
3.187627577781677185e-02
3.149686408042907948e-02
3.166333723068237571e-02
3.151129984855651628e-02
3.077953696250915541e-02
3.142061710357665905e-02
3.173073673248291010e-02
3.170495367050171071e-02
3.042076134681701710e-02
3.189463663101196195e-02
3.212304043769836220e-02
3.140533232688903775e-02
3.183936810493469272e-02
3.181645750999450434e-02
3.173217773437499861e-02
3.194461345672607727e-02
3.191118907928466863e-02
3.165464496612548778e-02
3.154636287689208812e-02
3.150291967391967429e-02
3.163128352165222451e-02
3.165093398094177141e-02
3.164161562919616533e-02
3.168166399002075168e-02
3.176162314414977816e-02
3.171584510803222845e-02
3.030513572692871208e-02
3.180083012580871282e-02
3.168784427642822032e-02
3.149536371231079213e-02
3.175881409645080894e-02
3.210795116424560586e-02
3.140649724006652765e-02
3.169484663009643211e-02
3.204121255874634033e-02
3.187875890731811657e-02
3.218091392517089672e-02
3.193520092964172163e-02
3.205145120620727511e-02
3.213732528686523426e-02
3.191110968589782465e-02
3.195216226577758667e-02
3.171640539169311851e-02
3.172484946250915538e-02
3.225121951103210316e-02
3.173549723625183200e-02
3.180169701576232577e-02
3.180862784385680986e-02
3.120336413383483984e-02
3.211123538017272849e-02
3.192592024803161954e-02
3.153694462776183982e-02
3.160728240013122720e-02
3.204569554328918352e-02
3.189798736572265619e-02
3.214225745201110956e-02
3.222121429443359358e-02
3.202062606811523215e-02
3.214316272735595614e-02
3.240226888656615872e-02
3.197197556495666448e-02
3.212598562240600447e-02
3.232036304473877297e-02
3.111394238471984833e-02
3.192882728576660473e-02
3.232992100715637029e-02
3.180053639411926231e-02
3.205264616012572926e-02
3.203378915786743442e-02
3.191536641120910900e-02
3.213869142532348872e-02
3.191181612014770685e-02
3.210233235359191695e-02
3.225281476974486972e-02
3.194004344940185730e-02
3.200590205192566096e-02
3.204088163375854587e-02
3.156390333175659174e-02
3.220601320266723577e-02
3.157079195976257580e-02
3.183062839508056519e-02
3.189869451522826804e-02
3.174419140815734619e-02
3.211812853813171553e-02
3.224800109863281555e-02
3.230223608016967451e-02
3.210866808891296720e-02
3.198498678207397500e-02
3.205274868011474820e-02
3.188205671310424816e-02
3.140824317932128934e-02
3.176011252403259516e-02
3.221968674659728832e-02
3.156395912170410073e-02
3.177198553085327365e-02
3.202500987052917664e-02
3.192048025131225680e-02
3.200723123550414800e-02
3.231349420547485057e-02
3.217919087409973344e-02
3.230026483535766713e-02
3.215478444099426070e-02
3.196036744117736889e-02
3.077212786674499503e-02
3.193316268920898260e-02
3.152410531044006620e-02
3.218142986297607699e-02
3.225096678733825606e-02
3.200478029251098422e-02
3.200800013542175193e-02
3.205046629905700800e-02
3.226888203620910389e-02
3.195716786384582286e-02
3.156604123115539645e-02
3.209988617897033963e-02
3.181075048446655590e-02
3.220454692840576255e-02
3.181788015365600436e-02
3.164029502868652421e-02
3.099168157577514640e-02
3.202524423599242831e-02
3.193062090873718256e-02
3.184848642349243086e-02
3.081053853034973131e-02
3.050091719627380515e-02
3.163318634033203403e-02
3.164602780342101740e-02
3.192789745330810308e-02
3.238844203948974820e-02
3.206401300430297696e-02
3.224918079376220409e-02
3.176219034194946444e-02
3.211555600166320773e-02
3.178220486640929987e-02
3.122240042686462436e-02
3.182591128349303994e-02
3.165466070175170649e-02
3.163065075874328669e-02
3.212493634223938244e-02
3.173586463928222690e-02
3.126611447334289723e-02
3.197073101997375405e-02
3.118499374389648374e-02
3.135100078582763600e-02
3.113089942932129039e-02
3.135367274284362599e-02
3.141242504119873269e-02
3.155396294593811046e-02
3.154128670692443737e-02
3.131353497505187655e-02
3.166937255859374883e-02
3.125454258918762551e-02
3.124453163146972620e-02
3.146885180473327909e-02
3.138227057456970115e-02
3.153525137901306424e-02
3.144701600074768094e-02
3.135497665405273526e-02
3.168659400939941723e-02
3.171680498123168740e-02
3.162004542350769359e-02
3.067959880828857386e-02
3.100179076194763128e-02
3.097643113136291579e-02
3.097416877746582073e-02
3.116025543212890686e-02
3.120455598831176763e-02
3.104009890556335555e-02
3.100293445587158289e-02
3.077190208435058583e-02
3.110274338722229109e-02
3.087809944152831998e-02
3.108109879493713493e-02
3.007869815826415966e-02
3.071396279335021975e-02
3.005419373512268136e-02
3.103212308883666892e-02
3.153210949897766041e-02
3.111779546737671043e-02
3.122843551635742093e-02
3.155101871490478826e-02
3.145107913017272661e-02
3.167003488540649087e-02
3.116388130187988312e-02
3.140277862548827847e-02
3.142867851257324235e-02
3.163982725143432706e-02
3.133231186866760470e-02
3.133321547508239463e-02
3.138943505287170727e-02
3.144408631324768083e-02
3.156287264823913474e-02
3.116160178184509272e-02
3.128818416595458701e-02
3.133897995948791565e-02
3.143795514106750150e-02
3.148949694633483565e-02
3.112633156776428364e-02
3.129984378814697210e-02
3.112297439575195321e-02
3.117732000350952049e-02
3.112279558181762704e-02
3.163804244995117171e-02
3.161726593971252164e-02
3.132378458976745744e-02
3.129911184310912864e-02
3.126133084297180037e-02
3.132117652893066234e-02
3.142597103118896507e-02
3.115204644203186171e-02
3.120023584365844843e-02
3.117541742324829099e-02
3.085138463973998921e-02
3.086690092086791931e-02
3.081444454193115259e-02
3.113842487335205175e-02
3.081671524047851704e-02
3.102922177314758334e-02
3.116803288459777874e-02
3.086671757698059015e-02
3.112587285041809246e-02
3.095666813850402738e-02
3.122062063217163203e-02
3.130508565902710011e-02
3.112226152420043829e-02
3.092745637893676638e-02
3.122363877296447862e-02
3.123323941230773948e-02
3.140687942504882812e-02
3.105572533607483046e-02
3.127600002288818265e-02
3.132479715347290250e-02
3.149538373947143727e-02
3.132136797904968434e-02
3.167455220222473167e-02
3.060403704643249387e-02
3.176821804046631170e-02
3.182422757148742343e-02
3.188817024230956865e-02
3.161879754066466985e-02
3.184108614921569991e-02
3.206737208366394060e-02
3.188054609298705822e-02
3.190645384788513145e-02
3.183080530166625816e-02
3.167729282379150302e-02
3.182280898094177329e-02
3.162795305252075195e-02
3.163955378532409823e-02
3.148403644561767467e-02
3.143983411788940641e-02
3.178461146354675387e-02
3.204159259796142412e-02
3.153264951705932878e-02
3.178919267654418956e-02
3.176585602760315097e-02
3.161221385002135897e-02
3.148024463653564115e-02
3.142424392700195190e-02
3.181977057456970154e-02
3.183758926391601352e-02
3.189068984985351379e-02
3.232879090309143111e-02
3.207615280151367154e-02
3.179639101028442633e-02
3.221327853202819724e-02
3.070634984970092851e-02
3.191022372245788663e-02
3.200232672691345065e-02
3.068773984909057770e-02
3.214965796470642401e-02
3.187468147277831843e-02
3.207062554359436241e-02
3.163782286643981867e-02
3.203926968574524053e-02
3.262755751609801996e-02
3.236006593704223583e-02
3.224731659889221169e-02
3.229137229919433472e-02
3.211123752593993824e-02
3.250640702247619557e-02
3.241977715492248835e-02
3.187347531318664856e-02
3.222613310813903648e-02
3.206254744529724032e-02
3.230131816864013905e-02
3.244263172149658425e-02
3.231393909454345625e-02
3.238675761222839511e-02
3.267764449119568010e-02
3.330293965339660434e-02
3.210539197921753046e-02
3.290225577354431025e-02
3.198106765747070479e-02
3.255859780311584628e-02
3.217445158958435331e-02
3.226712059974670699e-02
3.240622401237487626e-02
3.283166384696960260e-02
3.259751176834106701e-02
3.269348621368408508e-02
3.246135163307189986e-02
3.275767636299133090e-02
3.255447363853454512e-02
3.257014727592467962e-02
3.258520960807800154e-02
3.256756019592284973e-02
3.258873891830444541e-02
3.264259958267212020e-02
3.253468799591064525e-02
3.241043305397033752e-02
3.279182815551758001e-02
3.264372706413268960e-02
3.251252913475036893e-02
3.268418335914612116e-02
3.245731425285339200e-02
3.236564230918884122e-02
3.250916242599487249e-02
3.289289522171020413e-02
3.207233667373657338e-02
3.278472471237182939e-02
3.291679239273071628e-02
3.231189084053039812e-02
3.254614400863647256e-02
3.223647642135619995e-02
3.293289613723755088e-02
3.227835726737975780e-02
3.293880152702331754e-02
3.295222783088683910e-02
3.266069197654724449e-02
3.291226172447204307e-02
3.275861001014709201e-02
3.304379796981811446e-02
3.197486329078674111e-02
3.087303733825683474e-02
3.237514019012451005e-02
3.276785397529601712e-02
3.254623675346374201e-02
3.234773826599120911e-02
3.276717853546142617e-02
3.296345973014831732e-02
3.291035699844360035e-02
3.269965982437134100e-02
3.221284127235412437e-02
3.260531783103942649e-02
3.252304697036743214e-02
3.212439990043640392e-02
3.244356226921081554e-02
3.249222636222839217e-02
3.262975811958312988e-02
3.262717509269714294e-02
3.295102524757385215e-02
3.263705492019653570e-02
3.255855512619018621e-02
3.245165753364562949e-02
3.254190587997436712e-02
3.259490156173706216e-02
3.290610289573669273e-02
3.282340502738952809e-02
3.309302806854248075e-02
3.276021099090576510e-02
3.296992421150207742e-02
3.256737971305847384e-02
3.233023953437805242e-02
3.312597012519836320e-02
3.094726562500000125e-02
3.260144400596618613e-02
3.245139408111571977e-02
3.270701789855957192e-02
3.281529927253722806e-02
3.244020843505859147e-02
3.222425389289856196e-02
3.282024812698364213e-02
3.313088297843932994e-02
3.275512647628784496e-02
3.226066422462463279e-02
3.337699961662292381e-02
3.300682950019836331e-02
3.327293229103088501e-02
3.289753317832946888e-02
3.283916330337524614e-02
3.279369950294494518e-02
3.256979084014892389e-02
3.313629674911498790e-02
3.297617864608764354e-02
3.267912960052490184e-02
3.258697223663330200e-02
3.296418976783752758e-02
3.249707198143005071e-02
3.296102237701416249e-02
3.337688803672790583e-02
3.329634857177734414e-02
3.297089815139770536e-02
3.273211669921875094e-02
3.274441266059875677e-02
3.254225492477416659e-02
3.284272861480713041e-02
3.265522575378417697e-02
3.283990764617920194e-02
3.305468344688415605e-02
3.339296889305114896e-02
3.320608115196228144e-02
3.283936738967895702e-02
3.295787644386291571e-02
3.285204720497131303e-02
3.292410302162170066e-02
3.263467907905578946e-02
3.288305830955505493e-02
3.310697126388549572e-02
3.290197730064391840e-02
3.272746443748474066e-02
3.338913774490356173e-02
3.294000792503357089e-02
3.318790936470032010e-02
3.311907577514648648e-02
3.310797452926635825e-02
3.317186331748962075e-02
3.324050617218017589e-02
3.285764050483703375e-02
3.300576043128967269e-02
3.299714636802673212e-02
3.306962227821350075e-02
3.317081761360168163e-02
3.265660595893860041e-02
3.347509241104126149e-02
3.362283492088317949e-02
3.328862595558166465e-02
3.332806658744812134e-02
3.291765761375427257e-02
3.296519947052001936e-02
3.353907346725464034e-02
3.330628204345702920e-02
3.313023662567139010e-02
3.215716600418090654e-02
3.315305542945861522e-02
3.300744771957397211e-02
3.263297533988952781e-02
3.346602463722229276e-02
3.310815215110778781e-02
3.302884030342102123e-02
3.321752095222473000e-02
3.312314343452453513e-02
3.354294753074645724e-02
3.329703688621520746e-02
3.315180039405822565e-02
3.295333242416381703e-02
3.304450511932373324e-02
3.300810551643371810e-02
3.306774449348449940e-02
3.334921455383300926e-02
3.278977751731872864e-02
3.321019220352172674e-02
3.342576384544372614e-02
3.271618175506591647e-02
3.307992672920227056e-02
3.341889023780822421e-02
3.335920929908752636e-02
3.324650669097900524e-02
3.329641795158386208e-02
3.358033013343811324e-02
3.337457180023193498e-02
3.307644772529601956e-02
3.293634223937988437e-02
3.330141663551330899e-02
3.330140995979308932e-02
3.309305071830749567e-02
3.333746170997619468e-02
3.320842170715331693e-02
3.349601244926452698e-02
3.339522314071655118e-02
3.333018088340759105e-02
3.335040163993835405e-02
3.337036108970642401e-02
3.336083030700683766e-02
3.338369202613830633e-02
3.372250080108642883e-02
3.327249693870544534e-02
3.344040274620056069e-02
3.398608899116516147e-02
3.366469764709472540e-02
3.379199814796447765e-02
3.307015895843505582e-02
3.345603752136230152e-02
3.311483073234557789e-02
3.306478238105774181e-02
3.325015425682067982e-02
3.371808648109436007e-02
3.343510842323303006e-02
3.242834758758544877e-02
3.258829522132873635e-02
3.367999696731567572e-02
3.337264418601990079e-02
3.357721352577209412e-02
3.323528385162353299e-02
3.343015956878662293e-02
3.343739223480224343e-02
3.342229199409484791e-02
3.389144682884216025e-02
3.351575374603271706e-02
3.342232370376586881e-02
3.348333430290222068e-02
3.402774882316589311e-02
3.349060320854187200e-02
3.380389690399170088e-02
3.306688761711120556e-02
3.301338434219360657e-02
3.333876681327820057e-02
3.320587491989136081e-02
3.258149838447570862e-02
3.366596055030822432e-02
3.355926322937011902e-02
3.334555959701537842e-02
3.331787586212157926e-02
3.330017495155334489e-02
3.361782407760620373e-02
3.368534827232360501e-02
3.345991301536559853e-02
3.338320827484130698e-02
3.342983770370483443e-02
3.335445213317871083e-02
3.334996318817138455e-02
3.331220769882202448e-02
3.338005042076110790e-02
3.297375297546386447e-02
3.357932519912719405e-02
3.367500877380370794e-02
3.379514241218566778e-02
3.331466031074523798e-02
3.358855652809143028e-02
3.335905337333679166e-02
3.310208177566528048e-02
3.341559243202209262e-02
3.321893715858459384e-02
3.357050061225891335e-02
3.327642822265625133e-02
3.351328611373901450e-02
3.357661199569702409e-02
3.310515713691711270e-02
3.320641326904296559e-02
3.339114117622375699e-02
3.321180582046508872e-02
3.328106069564819303e-02
3.323604726791382080e-02
3.376287937164306613e-02
3.384243345260620067e-02
3.326015853881835599e-02
3.312255811691284385e-02
3.358245062828064259e-02
3.191224479675292686e-02
3.296782469749450634e-02
3.356412029266357677e-02
3.382393169403076494e-02
3.315379691123962469e-02
3.321368288993835349e-02
3.313624620437621848e-02
3.374687385559081709e-02
3.393653321266174028e-02
3.337034606933593495e-02
3.200512099266052124e-02
3.205875897407532010e-02
3.365469861030578880e-02
3.345913386344909896e-02
3.363865852355957253e-02
3.304859089851379383e-02
3.330575942993164312e-02
3.375096821784973056e-02
3.345803928375244013e-02
3.366531729698181430e-02
3.336588382720947349e-02
3.340537714958190935e-02
3.195906281471252303e-02
3.326287269592285295e-02
3.301939892768859797e-02
3.370116519927978532e-02
3.346494126319884965e-02
3.357861495018005238e-02
3.336163234710693565e-02
3.395025134086608609e-02
3.342014575004577381e-02
3.325836038589477517e-02
3.353794622421264748e-02
3.365885829925537032e-02
3.364697265625000294e-02
3.347793650627136491e-02
3.327014279365539395e-02
3.371206068992614602e-02
3.355607843399047857e-02
3.353190779685974454e-02
3.367526745796203813e-02
3.310788631439209179e-02
3.364158010482787980e-02
3.378381252288818054e-02
3.352772665023803778e-02
3.348504948616028154e-02
3.326373934745788241e-02
3.357649827003478943e-02
3.355076265335082963e-02
3.356320714950561390e-02
3.338476204872131009e-02
3.358018922805786066e-02
3.218437719345092901e-02
3.340208721160888711e-02
3.331354331970214772e-02
3.290383768081665133e-02
3.305377888679504605e-02
3.268842124938965005e-02
3.322535920143127736e-02
3.342700982093810974e-02
3.335799455642700362e-02
3.281258416175842491e-02
3.356598663330077892e-02
3.288129043579101490e-02
3.306873035430907964e-02
3.305189061164855863e-02
3.340761923789978272e-02
3.288198852539062772e-02
3.294349241256713801e-02
3.341341710090637435e-02
3.328989577293395979e-02
3.321352410316467246e-02
3.329900193214416215e-02
3.294355702400207642e-02
3.298296689987182534e-02
3.355054211616516346e-02
3.331749010086059587e-02
3.278028988838195545e-02
3.348705983161926608e-02
3.270287847518921209e-02
3.286023616790771651e-02
3.302259469032287759e-02
3.320636296272277965e-02
3.332711720466613459e-02
3.334731197357177629e-02
3.333281564712524403e-02
3.328995609283447177e-02
3.319673418998718428e-02
3.338129830360412470e-02
3.295798754692077365e-02
3.316452240943908863e-02
3.258895945549011158e-02
3.297646117210388528e-02
3.294961833953857083e-02
3.289213705062866283e-02
3.316385793685912992e-02
3.320673727989197077e-02
3.334401082992553833e-02
3.309859561920165671e-02
3.332722258567809986e-02
3.287781071662902732e-02
3.281931161880493469e-02
3.288653779029845903e-02
3.277896428108215132e-02
3.286892199516296131e-02
3.285354757308960039e-02
3.278455376625061257e-02
3.302340340614318831e-02
3.317293381690979148e-02
3.308059191703796587e-02
3.312652802467346003e-02
3.280848360061645180e-02
