2.153871603012084968e-01
3.423824167251587197e-02
3.334645605087280251e-02
3.314666748046875278e-02
3.316665053367615079e-02
3.328866672515869152e-02
3.326331400871276878e-02
3.334229302406310769e-02
3.333789515495300115e-02
3.340645289421081271e-02
3.333067131042480313e-02
3.335634756088257102e-02
3.310416197776794300e-02
3.332877302169799660e-02
3.353217768669128351e-02
3.331600904464721707e-02
3.354137897491454856e-02
3.322632479667663591e-02
3.350022292137146140e-02
3.353129506111145186e-02
3.369938611984252957e-02
3.361831855773925876e-02
3.355412173271179327e-02
3.358355975151062350e-02
3.371583628654480080e-02
3.347953081130981140e-02
3.375708913803100730e-02
3.356517910957336481e-02
3.366055345535278603e-02
3.357227778434753590e-02
3.390628218650817982e-02
3.404792189598083302e-02
3.380539417266845842e-02
3.341773390769958718e-02
3.374977302551269293e-02
3.397411775588989047e-02
3.390825200080871404e-02
3.381191635131836071e-02
3.408197045326232660e-02
3.358962440490722429e-02
3.379565882682800115e-02
3.355120062828063909e-02
3.409239363670349410e-02
3.435367679595947160e-02
3.393501591682433760e-02
3.409244012832641363e-02
3.379269027709960738e-02
3.389182734489441101e-02
3.425328564643859847e-02
3.404923439025878823e-02
3.400495243072509943e-02
3.366351556777954362e-02
3.431358385086059892e-02
3.354017972946166798e-02
3.403375577926635864e-02
3.419580030441284058e-02
3.436849617958068898e-02
3.401629805564880538e-02
3.402699112892151184e-02
3.394558405876159368e-02
3.417211890220642201e-02
3.404547214508056585e-02
3.389341855049133462e-02
3.419811105728149531e-02
3.407101607322692710e-02
3.439845800399780190e-02
3.413575625419616733e-02
3.421481370925903015e-02
3.420124435424804626e-02
3.438612651824950878e-02
3.427213454246520741e-02
3.422783613204956332e-02
3.420530319213867243e-02
3.461276698112487893e-02
3.368340635299682528e-02
3.413700151443481434e-02
3.470142149925231623e-02
3.452548599243163846e-02
3.459147548675536865e-02
3.461605691909790117e-02
3.434060287475586282e-02
3.443115949630737305e-02
3.420278763771057023e-02
3.474275422096252675e-02
3.453351902961730724e-02
3.403685212135314914e-02
3.416396427154540921e-02
3.490084600448608437e-02
3.448975896835327487e-02
3.453287792205810697e-02
3.471953153610229242e-02
3.434983444213866866e-02
3.423737740516662881e-02
3.406377863883972013e-02
3.471036314964294489e-02
3.473381948471069430e-02
3.446165513992309470e-02
3.452372503280639465e-02
3.424688673019408991e-02
3.387759733200073481e-02
3.449552297592162892e-02
3.445486354827880654e-02
3.459861040115356362e-02
3.461319136619567943e-02
3.475251364707946516e-02
3.451496243476867565e-02
3.470669984817505160e-02
3.456769871711731085e-02
3.472934103012084717e-02
3.466708517074584828e-02
3.341785240173340138e-02
3.446699047088622875e-02
3.415152311325073131e-02
3.407673025131225525e-02
3.394631505012512401e-02
3.457259774208068515e-02
3.454357814788818620e-02
3.440197706222534318e-02
3.392022061347961526e-02
3.408751392364502142e-02
3.460730504989623785e-02
3.410331249237060630e-02
3.449645113945007391e-02
3.454655456542968933e-02
3.493580651283264421e-02
3.461140441894531433e-02
3.426789045333862582e-02
3.442032885551452731e-02
3.429378390312194658e-02
3.474526834487914884e-02
3.479564785957336287e-02
3.455529761314392323e-02
3.496173095703124928e-02
3.487494993209838690e-02
3.502527832984924511e-02
3.481873035430908120e-02
3.475424814224243458e-02
3.477378559112549034e-02
3.473098397254943681e-02
3.506333732604980519e-02
3.494808101654052479e-02
3.473216056823730247e-02
3.492104959487914856e-02
3.500880765914916870e-02
3.409176707267760897e-02
3.502014589309692533e-02
3.492561221122741921e-02
3.507124471664428700e-02
3.389159488677978560e-02
3.418108749389648510e-02
3.497995853424071960e-02
3.481586050987243997e-02
3.533406996726989879e-02
3.500636959075927729e-02
3.467886543273925731e-02
3.489237284660339639e-02
3.491581296920776706e-02
3.435609006881713834e-02
3.317036557197571012e-02
3.480433988571166731e-02
3.498924183845519842e-02
3.504095292091369968e-02
3.421681618690490534e-02
3.482107496261596657e-02
3.486996746063232566e-02
3.486540389060974188e-02
3.519219946861266990e-02
3.497012472152710022e-02
3.455138707160949896e-02
3.469850230216980219e-02
3.442112874984741555e-02
3.473420429229736456e-02
3.515491890907287281e-02
3.502093267440795771e-02
3.470508599281311307e-02
3.396324086189270175e-02
3.502498078346252125e-02
3.526780414581298650e-02
3.473499894142150629e-02
3.516522383689880266e-02
3.524939513206482022e-02
3.532534265518188360e-02
3.494841122627258267e-02
3.481134176254272600e-02
3.523375940322875932e-02
3.513754463195800648e-02
3.524973917007446361e-02
3.504048156738281267e-02
3.532231974601745400e-02
3.468505382537841880e-02
3.487434434890747392e-02
3.527904343605041404e-02
3.553913044929504078e-02
3.514604091644286943e-02
3.478023767471313810e-02
3.531691575050353860e-02
3.521826195716858121e-02
3.507323861122131625e-02
3.531019926071166798e-02
3.504135394096374173e-02
3.523693156242370395e-02
3.492629814147948930e-02
3.517773675918579174e-02
3.537051939964294678e-02
3.523594307899475392e-02
3.546220254898071328e-02
3.520194196701049993e-02
3.499782061576843517e-02
3.520682501792907898e-02
3.500000238418578963e-02
3.465341925621032854e-02
3.504997515678405506e-02
3.525111770629883040e-02
3.520802569389343273e-02
3.511684203147888428e-02
3.493313956260681030e-02
3.508368539810180486e-02
3.412033176422119007e-02
3.542391753196716397e-02
3.528170871734619130e-02
3.575189614295959384e-02
3.597360587120056186e-02
3.559737706184386979e-02
3.531468224525451810e-02
3.502906656265258878e-02
3.515590858459472640e-02
3.519945049285888583e-02
3.538316345214843894e-02
3.549003148078918451e-02
3.525760197639465215e-02
3.503536701202392828e-02
3.559491586685180342e-02
3.546104073524475320e-02
3.551292228698730430e-02
3.535969805717468356e-02
3.527965784072875643e-02
3.534963870048522805e-02
3.550501441955566245e-02
3.560681653022765986e-02
3.530472469329833801e-02
3.532913160324096385e-02
3.516940736770629572e-02
3.519567418098449446e-02
3.534752750396728815e-02
3.516731047630310136e-02
3.514544963836670199e-02
3.517435503005981318e-02
3.552092242240905556e-02
3.533040714263915860e-02
3.526700305938720859e-02
3.553531193733215632e-02
3.522020006179809454e-02
3.550688457489013794e-02
3.516124820709228688e-02
3.534933114051818509e-02
3.548058247566222845e-02
3.541438126564026151e-02
3.533561468124389593e-02
3.560466337203979648e-02
3.538798809051513922e-02
3.581575989723205511e-02
3.535449767112731900e-02
3.558228564262390370e-02
3.517031788825988881e-02
3.469013190269470276e-02
3.433679723739623685e-02
3.541858005523681324e-02
3.542035055160522306e-02
3.512934851646423023e-02
3.564460635185241755e-02
3.535735821723937772e-02
3.466095399856567588e-02
3.558830785751342790e-02
3.529743623733520852e-02
3.556679773330688465e-02
3.551827311515808050e-02
3.545849323272705356e-02
3.560532093048095897e-02
3.561893153190612976e-02
3.552995371818542386e-02
3.575831794738769387e-02
3.535207486152648626e-02
3.583633637428283725e-02
3.556463909149169822e-02
3.569567894935608138e-02
3.566619491577148471e-02
3.551786947250366172e-02
3.540074229240417619e-02
3.558935785293579346e-02
3.575788354873657426e-02
3.549732732772827026e-02
3.554365515708923090e-02
3.562674307823181230e-02
3.574376797676086237e-02
3.580397486686706654e-02
3.529887127876281394e-02
3.554910922050476263e-02
3.531982326507568382e-02
3.615758395195007441e-02
3.532140421867370483e-02
3.582376575469970598e-02
3.549871301651000982e-02
3.510208272933960233e-02
3.566653084754943526e-02
3.548097658157348816e-02
3.535515093803405506e-02
3.545958375930786249e-02
3.581630468368530301e-02
3.565919685363769243e-02
3.538925337791443138e-02
3.553225731849670582e-02
3.559677600860595981e-02
3.538990044593810780e-02
3.535605025291442549e-02
3.580512118339538447e-02
3.553281307220459290e-02
3.527090764045715671e-02
3.541426968574523659e-02
3.582542824745178073e-02
3.553331351280212408e-02
3.580343914031982461e-02
3.543688178062438798e-02
3.563382434844970803e-02
3.609866499900817732e-02
3.595396995544433705e-02
3.576494026184082187e-02
3.576843619346618819e-02
3.570230078697204934e-02
3.560585880279541066e-02
3.565230631828308211e-02
3.564899754524231135e-02
3.576062345504760903e-02
3.561771798133850364e-02
3.565560173988342046e-02
3.510279703140258695e-02
3.572187471389770552e-02
3.574424242973327920e-02
3.539232254028320396e-02
3.533307242393493586e-02
3.545806622505188327e-02
3.554628038406371787e-02
3.588082504272460671e-02
3.580074453353881969e-02
3.596991991996765364e-02
3.610163283348083452e-02
3.563646745681763039e-02
3.571848368644714444e-02
3.543387174606323076e-02
3.572986078262328780e-02
3.567212700843810924e-02
3.560248756408691123e-02
3.541124272346496404e-02
3.516023826599121160e-02
3.577623987197876138e-02
3.568886995315551786e-02
3.613372159004211298e-02
3.569119787216186446e-02
3.584102320671081476e-02
3.582105970382690185e-02
3.597204732894897228e-02
3.564466333389282315e-02
3.611122727394103921e-02
3.634552669525146357e-02
3.597803902626037914e-02
3.611807227134704312e-02
3.570909667015075700e-02
3.548963642120361167e-02
3.622980308532714605e-02
3.623625826835632363e-02
3.596584391593932867e-02
3.571524930000305464e-02
3.557106161117553483e-02
3.579199719429015936e-02
3.585008764266967712e-02
3.570128655433654763e-02
3.574893808364867920e-02
3.572782015800476246e-02
3.580092954635619856e-02
3.614715528488159080e-02
3.615190601348877014e-02
3.586639976501464905e-02
3.585342645645141907e-02
3.598073768615722701e-02
3.597202897071838379e-02
3.580690240859985690e-02
3.602101564407348550e-02
3.507542538642883373e-02
3.604610157012939214e-02
3.591270303726196156e-02
3.614070510864257624e-02
3.605640149116515897e-02
3.608291220664978233e-02
3.644238090515136697e-02
3.588263702392577997e-02
3.594852375984192161e-02
3.482305455207825029e-02
3.398349881172180176e-02
3.542143821716308566e-02
3.593230366706848256e-02
3.539262151718139404e-02
3.617208838462829257e-02
3.587960100173950145e-02
3.549132609367370433e-02
3.586519122123718595e-02
3.610013651847839011e-02
3.606331491470336770e-02
3.604269886016845531e-02
3.607934713363647461e-02
3.601442241668700861e-02
3.637829518318175942e-02
3.597198033332824757e-02
3.559239149093627874e-02
3.580716109275818015e-02
3.571510076522826926e-02
3.434591817855835172e-02
3.586376810073852589e-02
3.542075872421264482e-02
3.597386622428894176e-02
3.585418248176574368e-02
3.627842950820922563e-02
3.625540256500243974e-02
3.610531044006347334e-02
3.624411940574646246e-02
3.629403805732726862e-02
3.605084490776062217e-02
3.644921827316284502e-02
3.651607799530029452e-02
3.612475466728210655e-02
3.579329514503479248e-02
3.618647170066833368e-02
3.654040741920470958e-02
3.656319117546081437e-02
3.555384898185730280e-02
3.623176455497741782e-02
3.593585157394409146e-02
3.615043783187866372e-02
3.555027365684509250e-02
3.590565133094787698e-02
3.603888440132141380e-02
3.604882025718689209e-02
3.626381731033324896e-02
3.656514310836792014e-02
3.631336903572082719e-02
3.624083065986632990e-02
3.618418025970458751e-02
3.588563871383666781e-02
3.604425406455993852e-02
3.640397524833679371e-02
3.609709286689758573e-02
3.660793471336364763e-02
3.597153115272522239e-02
3.633684992790222473e-02
3.617614841461181535e-02
3.603664040565490723e-02
3.602740621566772466e-02
3.647406268119812028e-02
3.650143003463745400e-02
3.646439623832702787e-02
3.631649565696716542e-02
3.635946416854858587e-02
3.598191928863525568e-02
3.636453986167907659e-02
3.629753470420837153e-02
3.550079631805420216e-02
3.615747904777526917e-02
3.590790605545043923e-02
3.618607950210571411e-02
3.545141410827636758e-02
3.469842243194579817e-02
3.638039016723632751e-02
3.651169204711914029e-02
3.524438476562499756e-02
3.637792539596557823e-02
3.640443491935729803e-02
3.627741599082946744e-02
3.632425785064697515e-02
3.642070460319519337e-02
3.619727158546447859e-02
3.636633539199828763e-02
3.625143146514892695e-02
3.626243042945861972e-02
3.618250274658203064e-02
3.659605503082275640e-02
3.661364936828613581e-02
3.652260279655456660e-02
3.657003140449523876e-02
3.630999517440795799e-02
3.558780217170715021e-02
3.638979172706603704e-02
3.633644485473632585e-02
3.582052969932555953e-02
3.587420678138732860e-02
3.637653183937072932e-02
3.659893894195556663e-02
3.627891564369201821e-02
3.664951777458191201e-02
3.651069903373718034e-02
3.642193174362182845e-02
3.621476697921752891e-02
3.647268223762512029e-02
3.609336256980896079e-02
3.612910842895507985e-02
3.672818350791930836e-02
3.585192227363586531e-02
3.658342647552489946e-02
3.633291625976562550e-02
3.654574990272521640e-02
3.663871002197265775e-02
3.639078736305236678e-02
3.625949954986572299e-02
3.607470870018005676e-02
3.623978710174560747e-02
3.611487483978271379e-02
3.587918877601623674e-02
3.529735088348388838e-02
3.626397347450256020e-02
3.634841871261596663e-02
3.628499674797058122e-02
3.628881001472473306e-02
3.664208006858825362e-02
3.595791721343993830e-02
3.627691960334777921e-02
3.662927865982055359e-02
3.636606049537658564e-02
3.614877462387085238e-02
3.621647667884826671e-02
3.628575754165649231e-02
3.602113986015319930e-02
3.612252688407897872e-02
3.608234214782714971e-02
3.612749409675598128e-02
3.593077802658081049e-02
3.570037007331847839e-02
3.578004813194275019e-02
3.593575358390808244e-02
3.583862257003784385e-02
3.598173093795776351e-02
3.571591114997863664e-02
3.552574014663695962e-02
3.548512005805969094e-02
3.540305733680725042e-02
3.540383648872375694e-02
3.556184482574462763e-02
3.589009523391723661e-02
3.551886129379272505e-02
3.564056277275085699e-02
3.558658027648925470e-02
3.575202918052673012e-02
3.658052611351013395e-02
3.608807301521300970e-02
3.664942526817321911e-02
3.661929082870483271e-02
3.658895468711852866e-02
3.649085664749145835e-02
3.635141301155090515e-02
3.626833367347716969e-02
3.688930821418762163e-02
3.680448031425476163e-02
3.663275456428528171e-02
3.630457758903503362e-02
3.669100642204284335e-02
3.675950932502746599e-02
3.668585681915283170e-02
3.643954586982726951e-02
3.682598567008971840e-02
3.634529614448547136e-02
3.702827072143554527e-02
3.681110715866088567e-02
3.660077762603759777e-02
3.651733875274658370e-02
3.638344120979308816e-02
3.611466979980468978e-02
3.646032023429870289e-02
3.644254517555237105e-02
3.627775382995605813e-02
3.664993596076965288e-02
3.660132932662964189e-02
3.649582815170288042e-02
3.687108421325683422e-02
3.679865074157714910e-02
3.645395207405090210e-02
3.684394574165344299e-02
3.677231264114379922e-02
3.603260588645935264e-02
3.615435457229614069e-02
3.628822517395019487e-02
3.648293471336364752e-02
3.627801847457885753e-02
3.649602746963501176e-02
3.646804189682006925e-02
3.655752158164977950e-02
3.630760622024536283e-02
3.603849744796752685e-02
3.579278635978698497e-02
3.595085716247558433e-02
3.637325930595398243e-02
3.592107582092285423e-02
3.579245424270630083e-02
3.594491147994995084e-02
3.606039595603943021e-02
3.594879937171936019e-02
3.695071673393249267e-02
3.648647952079772661e-02
3.729639959335327021e-02
3.683293175697326810e-02
3.681015348434447942e-02
3.653105401992797624e-02
3.638401770591735696e-02
3.659541106224060286e-02
3.663087701797485690e-02
3.643304729461670222e-02
3.665472102165222290e-02
3.672893357276916376e-02
3.695510983467101968e-02
3.677157664299011280e-02
3.685632610321044889e-02
3.674370861053467135e-02
3.672521567344665810e-02
3.687591695785522733e-02
3.644998550415039229e-02
3.649533605575561862e-02
3.661796808242798185e-02
3.652532672882079917e-02
3.694123339653015287e-02
3.679786896705627280e-02
3.662735295295715260e-02
3.667469787597656128e-02
3.677871823310852051e-02
3.666551303863525152e-02
3.692968273162841597e-02
3.691353225708007835e-02
3.692332649230956748e-02
3.665587973594665316e-02
3.659400057792663863e-02
3.681373834609985574e-02
3.682092571258544639e-02
3.681951975822448514e-02
3.695633554458618159e-02
3.622727727890014821e-02
3.653706145286560181e-02
3.646920633316039911e-02
3.656161284446716314e-02
3.706898379325866688e-02
3.726693773269653537e-02
3.673605275154114003e-02
3.662264823913573969e-02
3.661839652061462530e-02
3.677877402305602950e-02
3.714561796188354387e-02
3.711805176734924577e-02
3.686024188995361273e-02
3.681934165954589555e-02
3.735954904556274686e-02
3.699208831787109686e-02
3.709104752540588051e-02
3.676388502120971763e-02
3.707221198081970398e-02
3.701237249374389471e-02
3.597164916992187655e-02
3.687219429016113520e-02
3.637219214439391807e-02
3.679733872413635393e-02
3.668766999244690158e-02
3.676670193672180315e-02
3.688356733322143560e-02
3.688862228393554460e-02
3.676664161682129117e-02
3.688504147529601818e-02
3.676368474960327315e-02
3.698142123222351169e-02
3.685792207717895203e-02
3.717805600166320529e-02
3.676818418502807856e-02
3.688838243484496987e-02
3.695751976966858005e-02
3.639556527137756403e-02
3.605087471008300987e-02
3.580577588081360063e-02
3.636878395080566512e-02
3.699485278129577975e-02
3.700814867019653481e-02
3.709648537635803350e-02
3.756303429603576743e-02
3.723494839668273909e-02
3.716531634330749734e-02
3.733787417411803949e-02
3.714399957656860235e-02
3.691302776336669728e-02
3.679826974868774525e-02
3.668447375297546192e-02
3.653120183944701810e-02
3.667647671699524048e-02
3.679047989845275757e-02
3.680839991569519187e-02
3.675343251228332248e-02
3.664447069168090543e-02
3.663426923751830766e-02
3.656189370155334128e-02
3.697503948211670194e-02
3.676296806335449530e-02
3.667648768424987965e-02
3.685486960411071822e-02
3.749847173690795676e-02
3.668453359603882080e-02
3.678476333618164312e-02
3.700288081169128551e-02
3.673380112648010065e-02
3.685951733589172552e-02
3.674667239189147866e-02
3.678147172927856423e-02
3.678912544250488581e-02
3.672817015647888289e-02
3.720064735412597495e-02
3.657454705238342291e-02
3.674067664146423579e-02
3.669060516357421781e-02
3.719305396080017229e-02
3.693124508857727195e-02
3.642111849784850780e-02
3.606874442100525130e-02
3.681014966964721996e-02
3.691877150535583657e-02
3.692884707450866388e-02
3.685223102569579884e-02
3.677103590965270785e-02
3.685201311111450245e-02
3.677627372741699291e-02
3.676182413101196367e-02
3.711150264739990212e-02
3.650218868255615534e-02
3.721306991577148782e-02
3.697860264778136952e-02
3.671695089340210050e-02
3.682522654533386397e-02
3.722501635551452720e-02
3.713281440734863409e-02
3.708233237266540805e-02
3.703946876525878590e-02
3.708583092689514416e-02
3.702427983283996388e-02
3.690032124519348339e-02
3.726789307594299133e-02
3.713019895553588967e-02
3.698411655426025318e-02
3.668940329551696744e-02
3.688179707527160928e-02
3.689999508857726845e-02
3.703090715408325490e-02
3.676005887985229342e-02
3.661244368553161904e-02
3.695212936401367360e-02
3.681599354743957803e-02
3.705410265922546437e-02
3.688581681251525829e-02
3.600770497322082486e-02
3.593912792205810475e-02
3.509134221076965626e-02
3.703882551193237588e-02
3.695221447944641024e-02
3.658737730979919750e-02
3.673598527908325528e-02
3.709395885467529214e-02
3.716908574104309249e-02
3.701806235313415822e-02
3.701792860031127841e-02
3.699254965782165783e-02
3.671601343154907299e-02
3.697467160224914701e-02
3.687372064590454385e-02
3.698825383186340326e-02
3.703836083412170160e-02
3.732554054260253662e-02
3.698290348052978710e-02
3.721078824996948420e-02
3.664977860450744501e-02
3.718207144737243480e-02
3.723368334770202348e-02
3.711758542060852178e-02
3.684666991233825906e-02
3.697440958023071045e-02
3.682769227027893333e-02
3.705877852439880271e-02
3.744092869758605668e-02
3.709322237968444569e-02
3.718871784210205089e-02
3.710669779777527044e-02
3.713264679908752364e-02
3.751553368568420754e-02
3.762009692192077454e-02
3.726873278617858637e-02
3.688777256011963046e-02
3.709707474708557468e-02
3.717889857292175360e-02
3.739204454421997392e-02
3.730774617195129622e-02
3.707193517684936185e-02
3.716941022872925077e-02
3.687487649917602778e-02
3.696869540214538230e-02
3.746242523193359097e-02
3.676468420028686235e-02
3.705531907081603682e-02
3.726196384429931313e-02
3.645761442184448226e-02
3.728502464294433660e-02
3.730451941490173229e-02
3.720124387741088889e-02
3.695518541336059726e-02
3.710247993469237976e-02
3.706440687179565763e-02
3.745200371742248707e-02
3.768672728538512845e-02
3.727097296714782654e-02
3.567736744880676408e-02
3.702595949172973744e-02
3.743992567062377763e-02
3.731599998474120772e-02
3.717424368858337352e-02
3.712636256217956288e-02
3.729860115051269326e-02
3.754720997810363781e-02
3.621849083900451766e-02
3.694325876235961953e-02
3.735375952720641768e-02
3.793551349639892600e-02
3.776230788230895696e-02
3.731423735618591420e-02
3.742878484725951915e-02
3.776213240623474410e-02
3.753568124771117925e-02
3.715399789810180931e-02
3.740275692939758201e-02
3.677090406417846818e-02
3.785207796096801830e-02
3.734456443786621227e-02
3.725734877586364679e-02
3.748013520240783825e-02
3.731409788131714172e-02
3.715730762481689320e-02
3.736290645599365384e-02
3.761421012878417985e-02
3.758346390724182084e-02
3.741729307174682800e-02
3.749764537811279413e-02
3.745480442047119385e-02
3.746944308280944491e-02
3.762444496154784823e-02
3.730410981178283736e-02
3.739062619209289340e-02
3.740770697593689270e-02
3.743011069297790677e-02
3.731529831886291199e-02
3.757684636116027932e-02
3.768158292770385637e-02
3.768300008773804027e-02
3.773751354217529108e-02
3.738838958740234308e-02
3.581490492820739446e-02
3.629024243354797563e-02
3.709528946876525929e-02
3.733233833312988442e-02
3.727412390708923634e-02
3.752664160728454851e-02
3.729064416885376210e-02
3.717515349388122309e-02
3.771125984191894820e-02
3.769574594497680786e-02
3.551232910156249672e-02
3.757562494277954385e-02
3.816851162910461087e-02
3.733912181854247975e-02
3.726420593261718650e-02
3.748149275779723982e-02
3.702221679687500017e-02
3.721394491195678667e-02
3.704288649559021179e-02
3.685780739784240423e-02
3.705087018013000777e-02
3.739405274391174178e-02
3.732873821258544944e-02
3.667839074134826571e-02
3.699251842498779003e-02
3.720846366882324396e-02
3.711483716964721763e-02
3.748436355590820113e-02
3.719729065895080455e-02
3.729095649719238459e-02
3.741399312019347972e-02
3.726536130905151040e-02
3.680627322196960288e-02
3.707790136337280051e-02
3.664959645271301247e-02
3.729007816314697243e-02
3.698878359794616905e-02
3.742813611030578608e-02
3.732610940933227262e-02
3.732538151741027904e-02
3.780839300155639654e-02
3.738425517082214627e-02
3.737642312049865856e-02
3.729137325286865229e-02
3.723282814025878629e-02
3.740281200408935441e-02
3.726646447181701516e-02
3.717718458175658935e-02
3.718317317962646640e-02
3.732651686668395780e-02
3.759313058853149675e-02
3.711638903617858753e-02
3.718225932121276694e-02
3.760251808166503729e-02
3.749550914764404608e-02
3.752491497993469538e-02
3.738027548789978061e-02
3.766012215614318592e-02
3.778721642494201755e-02
3.755035781860351779e-02
3.733769059181213379e-02
3.703716945648193037e-02
3.752974057197570878e-02
3.727285528182983088e-02
3.710821747779845942e-02
3.744093132019042647e-02
3.751440429687499800e-02
3.766997480392456077e-02
3.755871129035949496e-02
3.762496423721313488e-02
3.796189737319946578e-02
3.799883127212524275e-02
3.758884644508361794e-02
3.723534202575683877e-02
3.719048810005187722e-02
3.756522107124328491e-02
3.764527392387390092e-02
3.712588644027709633e-02
3.750316238403320068e-02
3.756912446022033641e-02
3.751503443717956604e-02
3.741559100151062300e-02
3.768552136421203513e-02
3.707374358177185220e-02
3.775107192993164273e-02
3.741931438446045172e-02
3.745215249061584206e-02
3.753455662727355618e-02
3.743732094764709584e-02
3.767452859878540200e-02
3.756889843940734719e-02
3.786232972145080894e-02
3.752989649772644348e-02
3.761069035530090199e-02
3.750158429145813294e-02
3.764480257034302085e-02
3.796288585662841580e-02
3.754909753799438171e-02
3.755601191520691051e-02
3.700086808204650773e-02
3.776284193992614918e-02
3.784709358215331693e-02
3.737061905860900729e-02
3.733010482788085699e-02
3.749283146858215648e-02
3.730399370193481640e-02
3.737817406654357633e-02
3.785455346107483021e-02
3.728247904777527016e-02
3.781719493865966925e-02
3.726132225990295282e-02
3.749700236320495372e-02
3.744500994682312123e-02
3.785414481163024841e-02
3.789800667762756314e-02
3.748613834381103738e-02
3.738856959342956587e-02
3.735555458068847562e-02
3.758962488174438787e-02
3.700611567497253535e-02
3.764339637756347612e-02
3.798949432373047164e-02
3.759046316146850281e-02
3.756049203872680736e-02
3.770278716087341331e-02
3.758430552482604908e-02
3.782497620582580405e-02
3.712309741973877225e-02
3.739074373245239447e-02
3.806229805946349798e-02
3.757348370552063277e-02
3.723556637763977134e-02
3.767476725578308011e-02
3.731255984306335732e-02
3.774448394775390542e-02
3.676693224906921187e-02
3.592683243751525896e-02
3.654664969444274686e-02
3.736552572250366466e-02
3.740685534477233842e-02
3.731963372230529680e-02
3.742321920394897639e-02
