1.505182474070067826e+02
1.494691524384911361e+02
1.555837751690627613e+02
1.536002733182922100e+02
1.523602930588931770e+02
1.531350811571194299e+02
1.470545397674755748e+02
1.191640586318609536e+02
1.129728351048383672e+02
1.205467617645885525e+02
1.222457916968171645e+02
1.223019692246564034e+02
1.250744868445383986e+02
1.228502174302645216e+02
1.340865820899384175e+02
9.289208449110493859e+01
1.062332675132273039e+02
9.920831453129602551e+01
7.261002560063606381e+01
8.970040793750526120e+01
5.841367319106537792e+01
4.097077423041584154e+01
6.686136841470319325e+01
5.616436817895157674e+01
1.187102306279124946e+02
5.592509599683479138e+01
3.146264540715463909e+01
4.000554865542199678e+01
9.228205236557313640e+01
5.713904729993624443e+01
5.543962328616074586e+01
2.960346375133764241e+01
1.967263734738749292e+01
2.564258502476759460e+01
5.879216662653684722e+01
2.665841993928694720e+01
4.800002681167400453e+01
4.591857143281591647e+01
2.706028126473588458e+01
2.980178795708508588e+01
1.513757681489540552e+01
1.684745942176893507e+01
4.535636622337295165e+01
2.077493032886273383e+01
2.176372932467617716e+01
4.731295631629028975e+01
2.540689202295613214e+01
1.635894706410687505e+01
1.885422963899171833e+01
2.091031773368976587e+01
1.589394666515243237e+01
1.664253302023466574e+01
1.919519001318393592e+01
1.604479346818769869e+01
1.050857490155672025e+01
2.769978245155305885e+01
1.428417518329718483e+01
1.439705001173592969e+01
1.299205415815628406e+01
3.012427412402356453e+01
2.262079342553207084e+01
1.555846928824642106e+01
1.167133410012852401e+01
1.414305955954600336e+01
1.253497572843320995e+01
8.614922031082993925e+00
1.487375973111647021e+01
2.346924259160403992e+01
1.043318632541955004e+01
6.513090458297503105e+00
1.088454767634058307e+01
1.384193537321230849e+01
1.079043539147935071e+01
1.300051529378485071e+01
1.559797452006379359e+01
1.157276546921853289e+01
1.266456851044470788e+01
1.078160136966123162e+01
1.509701312608281754e+01
1.978489288941587532e+01
8.572804301947069661e+00
1.261704349663264146e+01
1.504165232974855648e+01
9.096664503152297243e+00
1.264613908198641745e+01
9.676063265615058029e+00
8.354041046993772923e+00
7.557624249769612668e+00
1.272371515562552879e+01
1.302188474640393601e+01
1.250303818100914377e+01
8.825909357985231907e+00
1.264144180365244807e+01
1.474526221973521523e+01
2.180254485617624738e+01
6.757689322482599792e+00
1.216716007990476811e+01
1.024055510131460167e+01
8.386840533322041935e+00
6.328307937968181029e+00
7.704556494734950967e+00
1.000025251248938396e+01
1.233054404944800098e+01
9.484590743386778655e+00
1.557149407146285114e+01
1.560625167546515257e+01
4.997039464853137325e+00
1.054301905229994141e+01
1.047451515321316862e+01
1.081855681516608492e+01
2.005278995427226718e+01
7.550895457419193768e+00
1.066655588623474848e+01
9.730437767532055915e+00
1.137214279666547512e+01
9.968527756503924309e+00
8.653626436611684625e+00
9.928247247324900826e+00
9.170391999046271891e+00
8.468140682849870871e+00
9.732100262707808369e+00
6.708260754765208667e+00
8.376496927504620160e+00
9.521190132367783221e+00
7.137137426803650264e+00
7.038639082436951355e+00
1.046968007192388761e+01
1.289687640747354358e+01
8.549665599268447380e+00
6.734663701996522533e+00
1.942897165397408443e+01
1.078289078309074966e+01
4.997490591520596936e+00
9.549501152807623683e+00
8.685958460932519998e+00
7.984619440005348068e+00
1.478733305718692215e+01
7.038240265083663516e+00
5.487792035777224520e+00
8.170030773354119091e+00
1.027643949222099451e+01
7.358932382121666116e+00
1.155731249752301970e+01
7.004682064740000769e+00
1.242099425418259528e+01
6.330657954162665746e+00
6.611743531564687970e+00
1.095135379774432138e+01
1.527824944872629231e+01
8.571747100683543508e+00
5.753812863261391186e+00
7.014613885801457727e+00
6.826743073627669744e+00
5.840077885785301959e+00
8.771407615761999566e+00
1.556626795828065113e+01
4.783589429118889846e+00
7.572271622651784106e+00
6.299201490323026675e+00
1.195242909858858837e+01
6.357283858701458179e+00
5.594965251792809013e+00
7.081693328145705735e+00
7.061349098411306535e+00
7.057195352126257148e+00
8.435565105610313807e+00
6.206665006628192316e+00
4.526452904340062311e+00
7.538065961533559900e+00
7.361948575140695006e+00
6.623890949111795656e+00
6.019653441631888313e+00
8.456650340313091263e+00
5.382505164062379777e+00
9.088045744465842901e+00
8.511283980105982749e+00
8.894115919935511982e+00
8.406544980480889606e+00
7.991958823523494182e+00
6.862618382045421406e+00
1.264294133689078770e+01
4.677233180627434095e+00
9.862911242268500800e+00
1.147768180954407313e+01
5.975735912479614775e+00
4.380563596937316895e+00
1.669841560516763579e+01
1.073023851155135411e+01
6.207609572913915130e+00
8.007267117061637407e+00
9.327313588007664080e+00
9.562291918016178727e+00
5.331558355946540040e+00
6.879257108327156978e+00
7.409398791434981035e+00
1.217067647323553459e+01
9.219138208060586592e+00
7.815652980359225843e+00
1.269492716752377426e+01
1.016870673951423321e+01
7.511744443276724859e+00
1.025277726832078962e+01
5.295511755199016513e+00
8.069010577941295281e+00
5.909905783745984742e+00
1.467319666098380893e+01
5.833210048034639605e+00
7.805520371141956737e+00
5.130068390498944808e+00
6.766233963200424029e+00
8.876140520684096202e+00
1.582809893645284127e+01
1.085578051557935275e+01
7.778020976111450935e+00
5.604710218059793192e+00
9.254963600477168484e+00
9.073562889191505221e+00
1.146192027463173346e+01
8.819020880335214585e+00
4.762883982678651762e+00
5.592905383404193742e+00
7.688360236447626228e+00
6.941361658097958021e+00
1.050633293122875322e+01
6.110347405961140232e+00
8.405496746864997704e+00
1.064283217153332828e+01
8.793617195571457046e+00
4.966097521843719775e+00
6.801044445728440024e+00
1.159157682994757721e+01
3.817873287421743367e+00
1.069565280264697016e+01
8.320187861456890488e+00
8.279328341819928383e+00
4.779615063715882961e+00
9.976653623562233619e+00
9.602421657954042900e+00
3.982138802326724569e+00
1.201017113267209169e+01
8.052443718979482412e+00
3.690464371406077859e+00
8.199580835440450244e+00
5.779382357876260201e+00
5.235904201612779474e+00
6.002573410601972803e+00
4.205060159031856593e+00
5.181556560784589927e+00
1.181276269122341205e+01
6.723676445497758891e+00
7.485195618042013166e+00
6.437406310120639574e+00
9.668635507556890829e+00
6.869067010934628570e+00
1.162782431542704309e+01
6.767759027670060767e+00
1.054642330644631798e+01
7.331808931353350545e+00
3.718224895833381005e+00
6.206849903407200664e+00
7.344938128485944517e+00
4.411991493213851534e+00
7.910885680339053927e+00
6.012852890207435408e+00
6.227546471748856227e+00
4.986974609611180220e+00
5.510950805146057618e+00
4.414845246573510629e+00
8.378825051123298451e+00
6.800303667953622622e+00
3.975457895513768047e+00
8.418752633773188165e+00
3.770933000485113595e+00
3.942548059043215591e+00
5.323318503796490297e+00
7.442264605827729973e+00
5.181878013574211295e+00
7.356562388467770219e+00
4.873957146858782785e+00
6.676542943358070303e+00
5.289895968017320982e+00
5.416100664118214780e+00
8.894044558645399334e+00
5.379287522755259232e+00
5.126873867713741539e+00
7.204221024492776237e+00
6.179280290023236866e+00
3.958289473718285212e+00
5.529704130395175277e+00
4.996258409154179958e+00
6.777409658168402906e+00
4.064501114465895348e+00
4.896341263976271563e+00
5.162777891169740840e+00
7.301585887148849707e+00
7.668504550132386299e+00
4.628596508916860586e+00
5.157002057736089107e+00
6.173655849472167390e+00
3.148018533480051673e+00
6.067015908547938707e+00
7.124505528341743776e+00
9.204422511341931568e+00
7.689293404855843228e+00
7.380049506660125047e+00
6.860370740621991814e+00
4.095329402646289196e+00
4.711223806114595014e+00
4.616416139971765809e+00
4.770708648281925868e+00
5.025922873533075652e+00
6.364337159564053437e+00
5.554016661839354718e+00
8.242809901599523315e+00
9.679773454643623154e+00
3.780949623617417821e+00
5.030905184821645726e+00
6.202380786290722980e+00
3.703738836186052374e+00
6.288919277505520711e+00
7.578154472248253448e+00
1.065005665699330883e+01
7.916693541737948259e+00
6.114580420892099966e+00
6.379893978200588123e+00
1.121493767655708673e+01
3.552100227427555712e+00
3.667258391902385117e+00
3.261519316585119288e+00
1.044615947238870213e+01
3.701424877635767441e+00
9.358561331880050460e+00
6.438808076438215622e+00
3.606584215423790152e+00
5.655045582393949388e+00
5.144446667068613088e+00
7.472701203106605128e+00
4.145518283019312911e+00
3.153406097033660149e+00
5.695170499804474318e+00
6.351553159690288552e+00
5.615502383412724008e+00
1.186823309375880164e+01
7.868174403904479419e+00
4.778449009915788359e+00
4.330600518451548808e+00
5.114473410846433588e+00
6.268695418268841024e+00
5.014002961908468059e+00
7.722806427540718666e+00
6.056172851115631417e+00
4.454546347850768306e+00
6.674961108535240939e+00
5.839113902683826574e+00
5.986166040147440803e+00
6.433027663071692714e+00
3.613417664127964279e+00
4.005811142662674129e+00
3.210916234690856186e+00
5.472504891664030424e+00
4.807073559227010406e+00
9.178259071753299025e+00
5.660253968160541049e+00
5.973949752144645409e+00
4.828444308786268735e+00
1.391874661876254393e+01
5.078517350366732686e+00
3.979925309865543159e+00
4.343452845243749749e+00
6.002089046263185068e+00
3.429607429737258073e+00
4.680451260621236287e+00
2.882811238769728668e+00
3.750846055441526605e+00
4.039085452136627730e+00
5.333071399575681326e+00
5.298327851555995061e+00
3.255118500640919788e+00
3.886557151234080631e+00
2.493354536292798240e+00
6.861216166211994150e+00
3.122470664887625702e+00
3.471911062609665422e+00
4.076449397591181523e+00
4.018751489193803650e+00
6.321899817452711012e+00
6.703722871633494229e+00
3.979805285294958583e+00
4.464610354050225105e+00
5.301776298572298707e+00
3.946978513219316920e+00
3.338829107226047199e+00
4.903069127561622942e+00
3.530209366835933782e+00
4.960769775577530183e+00
1.063281272139746747e+01
8.816296902594459084e+00
5.813654835762864792e+00
9.404594341349623576e+00
3.436254882236813302e+00
5.976428720821060026e+00
3.332537738690665385e+00
3.981616536420310215e+00
5.474713539161106368e+00
4.559634753208757552e+00
5.713792872034643366e+00
6.468522096441203573e+00
4.687013058874375027e+00
2.499262666409126865e+00
7.300759207796968298e+00
5.888822293777408845e+00
3.346314997822409154e+00
4.087732161555166499e+00
7.897086578787756217e+00
6.245886554921900924e+00
6.291830080974867734e+00
7.689851168177716190e+00
4.754076212115404765e+00
5.566343714414302646e+00
2.783779696599972819e+00
3.885372557030074336e+00
3.294880598936281935e+00
4.080289815938565212e+00
3.387261014756536959e+00
6.466118761912770907e+00
7.453521466277923224e+00
2.626168645217143105e+00
5.316338820706279833e+00
3.576527982184455112e+00
2.943248478275377611e+00
5.329750431810513334e+00
3.122422175250606724e+00
4.406099619688832902e+00
6.830805932650529044e+00
4.555044111812226681e+00
4.615734881960099401e+00
3.486822007280974578e+00
4.839334592987491135e+00
3.421598576848099427e+00
5.867476799528805742e+00
5.976259523655178540e+00
4.909337893596325664e+00
5.281025449829404472e+00
3.646433719878168223e+00
3.982867286964471454e+00
2.786672359490315998e+00
5.400360864203152644e+00
4.572858638358231254e+00
4.001232378089590647e+00
5.135524356495885456e+00
4.695525094076201889e+00
5.414450794490953456e+00
5.096197892166498988e+00
4.306656372203025107e+00
3.504401412716803499e+00
3.449811424341637345e+00
5.170406972711420579e+00
5.341391158272732476e+00
4.863986261974885927e+00
3.867200559147175198e+00
4.660504208774584711e+00
4.677038040790538531e+00
5.531081205262622369e+00
5.616612296773924484e+00
6.382486663168458030e+00
7.018538607386793693e+00
3.510719268993878206e+00
5.689472409606560532e+00
3.984074611152694789e+00
4.846090341003603363e+00
2.865601245108158945e+00
6.271935658647622702e+00
5.533405778131851527e+00
5.498313133351217630e+00
4.728276729050917560e+00
4.276007397549100197e+00
4.016861725573377839e+00
7.251918556823913953e+00
3.812621251162144453e+00
3.428964219536879909e+00
4.020980036861413254e+00
3.214641199340779742e+00
3.640198475408127798e+00
6.431323877973978753e+00
4.072639578983590525e+00
5.042227621154326656e+00
3.173123932253525403e+00
3.495096488817169167e+00
5.702611904926222941e+00
5.042716783188391894e+00
2.768666067873427838e+00
4.993101519675973599e+00
6.595068544494183449e+00
4.768317059872380526e+00
4.528011279770518094e+00
8.440200906913418066e+00
3.557334832569909899e+00
5.303354703622954247e+00
4.999746685222215881e+00
5.391350760961441502e+00
3.364520743436956618e+00
5.253038844912395255e+00
3.513208593552157311e+00
3.283408463102557295e+00
4.281587443368150225e+00
4.300734180774846926e+00
3.108905315600877017e+00
2.771890382117133456e+00
4.151409338551507844e+00
2.539888269231895368e+00
3.841451925198776873e+00
4.860148628879140453e+00
6.786242475736745661e+00
5.055797286152357017e+00
2.811329558300016629e+00
6.796852104028515917e+00
3.892306797264609486e+00
3.092162323253179412e+00
6.147377400658920799e+00
3.504931747359489869e+00
3.646426744860784108e+00
4.259119407341484198e+00
3.368280206805834176e+00
3.137783720099296847e+00
5.249831198178426028e+00
5.637327547756179946e+00
4.326243197909816374e+00
3.598873233307040120e+00
4.453082587393856429e+00
5.118478983829827911e+00
2.375263701617265966e+00
6.223935285000874451e+00
3.897214923199420422e+00
3.839166232793300715e+00
3.184320691342965581e+00
5.939475338487660849e+00
3.903715903923160369e+00
9.344326012161493722e+00
3.374865612686047900e+00
2.680523679714056140e+00
5.091108515823045799e+00
5.191129996996720841e+00
3.018540397203054670e+00
3.976703020601646710e+00
3.304200198175006431e+00
3.886172786295330361e+00
5.917330364359196793e+00
4.183651898767593913e+00
4.908713072766463625e+00
5.116465919993836486e+00
3.132907884810543830e+00
3.809564548430316666e+00
3.566024967563023562e+00
4.100793866642894692e+00
4.623470090741140126e+00
3.920469290883852320e+00
3.425160667386541569e+00
5.524769505865262609e+00
5.122173844540839127e+00
6.167548811101022821e+00
8.110148286746484914e+00
7.034189158973206624e+00
3.176847049279514668e+00
3.441269759298883013e+00
3.672857143839227234e+00
6.272886073979902832e+00
7.079677401579453466e+00
4.286258188814967340e+00
4.452460898794193156e+00
7.940592957763854542e+00
3.770664484281892825e+00
3.189992060019918974e+00
5.923543415395838174e+00
5.524781588661664244e+00
7.224157794435432933e+00
3.981534908958269448e+00
5.228473267262047308e+00
3.591235810502727777e+00
2.893306457533174392e+00
6.152926324436375438e+00
5.273295868912032169e+00
2.795814637602918484e+00
3.043610304229436458e+00
5.012760056704282263e+00
6.877502319125620822e+00
7.516821440740299565e+00
5.546862798289058816e+00
3.372042199952391517e+00
4.646738337946616504e+00
2.666788397710776248e+00
3.791391054446771047e+00
3.380364997128392002e+00
2.536736119291646219e+00
3.942484902291862436e+00
5.564914776537594143e+00
2.894779082995450725e+00
4.243176069153197894e+00
5.806867417275615395e+00
6.555269540862290967e+00
2.914635757320750642e+00
7.952541894581971249e+00
4.044782387188655903e+00
6.933592802611610040e+00
3.076955934078175581e+00
2.872797468147078703e+00
4.599663490520224940e+00
5.526506193749835205e+00
5.361063893492929111e+00
4.194572163173818424e+00
1.007990529707589111e+01
4.663845132293768181e+00
4.443613614929017963e+00
2.609748934530689457e+00
6.541310004651648136e+00
2.826875958945483713e+00
5.288086724955632256e+00
3.835507857890736005e+00
3.102936178301037629e+00
3.204527741984259492e+00
6.066576147663910845e+00
4.168793870153204573e+00
5.403010243607971219e+00
3.669005865473976336e+00
4.005383910543344861e+00
4.605079951380653291e+00
7.309747771703665187e+00
3.863747999449602233e+00
5.392960273438209384e+00
9.690332123596807179e+00
3.723278923153764186e+00
4.171833861106385655e+00
3.576076484662293442e+00
3.853684120248331180e+00
5.892770591159463223e+00
2.776565084784787807e+00
4.272101574756012710e+00
6.176530680724612310e+00
4.086345076442276181e+00
3.212681143764883007e+00
9.240026390138504908e+00
3.452118760118472185e+00
2.987000371059178594e+00
5.633091458455308675e+00
5.337077863872819350e+00
7.723931259055713205e+00
3.002275398949111995e+00
4.127207716766313261e+00
3.471228698202857288e+00
3.758310831366783678e+00
6.394325288343011060e+00
4.591459009380635337e+00
3.813334986634725254e+00
2.333039565592089915e+00
3.723272248627026215e+00
3.181656798284123067e+00
4.282295821514143341e+00
3.235398984568659486e+00
3.737947959806011688e+00
4.053598551652786597e+00
5.577362143842757192e+00
3.147832694025761047e+00
2.321363892674671803e+00
8.582932927752022323e+00
2.715997419480408404e+00
3.640901766773461556e+00
4.804025787315420182e+00
5.051464054218014255e+00
6.901377621865731449e+00
4.169614494717863273e+00
2.798981156674408943e+00
2.760502217356934906e+00
4.500420790332194443e+00
3.826877898775315590e+00
3.494299902493349208e+00
4.490025549856052400e+00
8.438223137964136811e+00
4.562263854185180989e+00
4.080417565568709826e+00
3.081109847283239223e+00
3.538996051572587120e+00
3.698674975161380107e+00
3.645893964555389388e+00
4.065365526970572851e+00
3.913237325487588514e+00
4.553786870011752086e+00
3.227621962058017768e+00
5.559782529571553944e+00
4.589864554938345442e+00
4.834125104616737723e+00
1.218520087339927471e+01
4.354705733640989784e+00
4.951392333748660057e+00
4.851875080366442106e+00
3.734875339623997537e+00
2.801263877399922553e+00
3.806654250706094533e+00
8.271036786938118723e+00
3.336831957875910692e+00
2.223620172662557071e+00
4.348943909847959866e+00
5.091982623635452399e+00
4.076977992100065507e+00
3.524123669078117693e+00
6.366512702215146646e+00
3.062065984554750209e+00
3.283853770338913236e+00
4.626395377211546922e+00
3.466722653480690752e+00
5.729688186095547309e+00
4.058898763949257749e+00
3.962580910609762697e+00
5.891218247984702394e+00
3.457193152630294808e+00
3.484114046497033268e+00
3.925854121293133048e+00
3.912362257649256492e+00
3.540979997558821424e+00
3.496427201522157358e+00
3.370427491665165309e+00
3.057104408316628774e+00
4.654411257462371942e+00
2.667013714719202788e+00
3.430098685499628708e+00
3.871524437551800979e+00
4.572939845398229508e+00
5.098500758684402001e+00
4.119484769558004800e+00
5.634190152276419283e+00
3.829454671778233621e+00
2.728952692087113885e+00
5.483848998779667028e+00
4.686312443242490744e+00
5.424274787397512121e+00
8.396780421934382233e+00
4.142580203262092198e+00
3.178362050446061904e+00
5.536278216147778153e+00
3.252952462103884557e+00
4.896705395844752395e+00
3.750628798752487558e+00
2.981942557249322334e+00
4.484649349584215905e+00
4.380568427579270896e+00
3.391179343162163740e+00
7.417924400902625948e+00
2.820423253644420480e+00
3.602967470352451684e+00
6.706568726878650466e+00
3.708619961087558092e+00
6.039683021117679296e+00
3.004110730635331628e+00
5.925114396162301844e+00
2.538020898259242930e+00
5.016278545586354554e+00
4.255921574672146157e+00
3.495318372328279466e+00
3.648794371217449761e+00
2.964135853273011989e+00
2.997002586906154065e+00
3.809188743506264796e+00
7.248529772426552498e+00
3.134338352872506839e+00
4.154865878942269219e+00
5.045533733002885768e+00
4.576934813338416674e+00
5.340654177078391740e+00
3.025505558589294708e+00
7.211361681225345599e+00
4.892178433649156055e+00
4.630655717314018816e+00
5.445974795845395455e+00
4.361480320954182588e+00
4.616090391277030136e+00
3.738425713062604849e+00
3.248696672486806936e+00
2.918709916450558328e+00
4.112157824933871275e+00
3.561710855938871934e+00
4.548881148541765285e+00
3.342526597328935534e+00
7.603178063850611679e+00
6.139555842812649544e+00
7.046778517926997054e+00
4.401535612886790183e+00
8.991479921908712925e+00
4.568150521417480014e+00
2.982084454592880185e+00
5.271936328696494201e+00
2.814248078496631500e+00
5.119438481609325464e+00
6.899548591424257360e+00
2.657957630004969651e+00
3.901151369309157957e+00
3.812232805220566512e+00
4.704438765772623654e+00
3.595161965198385712e+00
6.534746344155720976e+00
6.040154653509581806e+00
2.928414787779505257e+00
4.609111753265907829e+00
5.715518810776253567e+00
5.999368076437411545e+00
5.577589228934341392e+00
3.369212533185879543e+00
4.940033264594067219e+00
3.155433970807726141e+00
3.771193880141105570e+00
2.983885101160235198e+00
4.527067572401355378e+00
4.054358549947285617e+00
4.288103098551983017e+00
3.562801376205800619e+00
4.816462219454027860e+00
5.073000651023671814e+00
4.235088247493973945e+00
3.403569308397647042e+00
3.760716572939596158e+00
2.567821034885483744e+00
1.036570782176570305e+01
4.030604384148356978e+00
2.896157781222983729e+00
4.366268839428644633e+00
4.520461036514053177e+00
3.618534680039835472e+00
6.097932626511100018e+00
4.061432175007257506e+00
4.172425258093142908e+00
2.860059098481364970e+00
6.311272271494723363e+00
8.088562278675906825e+00
3.008713174066826923e+00
4.817284397085686898e+00
3.648847678239682590e+00
5.872774583238789425e+00
6.709010335386991208e+00
3.808315936207825825e+00
4.061877520246448547e+00
3.049734358677529400e+00
3.561097812616869529e+00
6.571068897029253897e+00
3.791483420092707224e+00
2.520673761894023812e+00
3.823544946780438103e+00
5.694183975570286549e+00
2.891474243954111678e+00
4.836235900766697071e+00
3.361253194915636122e+00
3.226467728058537876e+00
6.796764692317429635e+00
6.559788159606926961e+00
6.202599394469087812e+00
5.984215722078171318e+00
5.075920467950310488e+00
4.511802379672215757e+00
5.858902844438449442e+00
5.870887773643845620e+00
3.989825786079280068e+00
3.743304009991603287e+00
3.941384278426897314e+00
3.165660091029816936e+00
3.201091954492544023e+00
3.860993030872487797e+00
4.077160614115060255e+00
4.653979596125773277e+00
2.959232138925811384e+00
3.396382228013617777e+00
3.747719396826954874e+00
5.356954063162865154e+00
2.764471464557698432e+00
3.705520600485499028e+00
4.543922068835683170e+00
4.473452155722440260e+00
3.344287013054350499e+00
3.774993110350103986e+00
3.923617354450934958e+00
4.246543074300594078e+00
3.996837372975019509e+00
3.373863638497707207e+00
5.003374560739989541e+00
8.249321569849518809e+00
5.187268380909663357e+00
3.684666575184822879e+00
4.133521359668235640e+00
4.282874484013379224e+00
3.135687957608948473e+00
6.026869305615615069e+00
1.039321545420335369e+01
4.835615004011229345e+00
5.953804015835228114e+00
5.142785538844862003e+00
6.154312557932090755e+00
9.912402482173835239e+00
5.463605145037339739e+00
6.210186765638734840e+00
4.150356580043475851e+00
4.810861005376926514e+00
4.234174118020651356e+00
8.224001985721400843e+00
5.644609074662733761e+00
3.366800405125939033e+00
5.951727893419737292e+00
3.558561010821234660e+00
6.463003174021472397e+00
7.508218207168757985e+00
6.055717472949460500e+00
4.862788353119862350e+00
3.314254505432296938e+00
5.530077380623224848e+00
4.297756380868101189e+00
6.178499165176666530e+00
3.904018056514245938e+00
4.255061127017670586e+00
3.358381506922625714e+00
8.360933720149366977e+00
3.183455194386176412e+00
5.550150220776446375e+00
3.688543719847488411e+00
3.315237788221150339e+00
5.665548750437771730e+00
2.452762167201242072e+00
5.134040592185878715e+00
2.973048913323992792e+00
6.721044271282358373e+00
4.002838186765973916e+00
4.753361965830891656e+00
7.307863968654519482e+00
2.937866916315539534e+00
5.982534042644980232e+00
4.225148676216469390e+00
4.038228383633540197e+00
5.374702269747623440e+00
3.118862037399225517e+00
3.669627125622757280e+00
5.401262287287017294e+00
3.025912240000026010e+00
8.587666512668164387e+00
4.882592608049590055e+00
4.038913974007045660e+00
5.864684869396847411e+00
3.550701400062658220e+00
8.076392993531159803e+00
3.203199882771152307e+00
4.438151043583590472e+00
4.724816945652864142e+00
3.129691740262615873e+00
5.082702036123279754e+00
6.427515196536536024e+00
8.351049106897024288e+00
2.385952554436678863e+00
8.131297967289002671e+00
3.403551319893276972e+00
4.199781149576535810e+00
3.198912251143984253e+00
2.999761718725924009e+00
5.631421443454408760e+00
6.232475767967874170e+00
4.050270951139712139e+00
6.824878727194364281e+00
3.052101131965535341e+00
2.743098836898734572e+00
5.934215195443462321e+00
3.293154592883282383e+00
5.416590678219207255e+00
3.919460450314307565e+00
3.665532165346479410e+00
3.765899361337653684e+00
6.159119624280873673e+00
3.623308836336557093e+00
3.071792909310465891e+00
3.200067870526404956e+00
3.965505451554827143e+00
5.225656182655257886e+00
3.526339241704643523e+00
7.475488835185645442e+00
3.940163406715936123e+00
5.556388440838554210e+00
6.341873151058933011e+00
2.785662288232211736e+00
4.267907625573560182e+00
5.314117119119275756e+00
3.511139499255561791e+00
2.854648917027210242e+00
3.672697696802705192e+00
4.761516826304064587e+00
4.542324267317155773e+00
5.553942298377449127e+00
2.886701183617077504e+00
3.964405415665481325e+00
9.273247032286127123e+00
3.042904143347395340e+00
3.754995253635883046e+00
1.084522971803153446e+01
6.409749122676644539e+00
2.670152009396355552e+00
3.954929201521879545e+00
3.492894237950186831e+00
4.717241929833829062e+00
8.087385831911866774e+00
3.988609420067724010e+00
