2.166110000000000000e+07
2.166173200000000000e+07
2.166366800000000000e+07
2.166412800000000000e+07
2.166466400000000000e+07
2.166470400000000000e+07
2.166523200000000000e+07
2.166567200000000000e+07
2.166574800000000000e+07
2.166660000000000000e+07
2.166827600000000000e+07
2.166827600000000000e+07
2.166885200000000000e+07
2.166896800000000000e+07
2.166897200000000000e+07
2.166921600000000000e+07
2.167027200000000000e+07
2.167027600000000000e+07
2.167046800000000000e+07
2.167146000000000000e+07
2.167146000000000000e+07
2.167166400000000000e+07
2.167166400000000000e+07
2.167213200000000000e+07
2.167213200000000000e+07
2.167213200000000000e+07
2.167213200000000000e+07
2.167213200000000000e+07
2.167213200000000000e+07
2.167213200000000000e+07
2.167213200000000000e+07
2.167213200000000000e+07
2.167213200000000000e+07
2.167213200000000000e+07
2.167213200000000000e+07
2.167213200000000000e+07
2.167213200000000000e+07
2.167213200000000000e+07
2.167213200000000000e+07
2.167213200000000000e+07
2.167213200000000000e+07
2.167213200000000000e+07
2.167213200000000000e+07
2.167213200000000000e+07
2.167213200000000000e+07
2.167213200000000000e+07
2.167213200000000000e+07
2.167213200000000000e+07
2.167213200000000000e+07
2.167213200000000000e+07
2.167213200000000000e+07
2.167213200000000000e+07
2.167213200000000000e+07
2.167213200000000000e+07
2.167213200000000000e+07
2.167213200000000000e+07
2.167213200000000000e+07
2.167213200000000000e+07
2.167213200000000000e+07
2.167213200000000000e+07
2.167213200000000000e+07
2.167213200000000000e+07
2.167213200000000000e+07
2.167213200000000000e+07
2.167213200000000000e+07
2.167213200000000000e+07
2.167213200000000000e+07
2.167213200000000000e+07
2.167213200000000000e+07
2.167213200000000000e+07
2.167213200000000000e+07
2.167213200000000000e+07
2.167213200000000000e+07
2.167213200000000000e+07
2.167213200000000000e+07
2.167213200000000000e+07
2.167213200000000000e+07
2.167213200000000000e+07
2.167213200000000000e+07
2.167213200000000000e+07
2.167213200000000000e+07
2.167213200000000000e+07
2.167213200000000000e+07
2.167213200000000000e+07
2.167213200000000000e+07
2.167213200000000000e+07
2.167213200000000000e+07
2.167213200000000000e+07
2.167213200000000000e+07
2.167213200000000000e+07
2.167213200000000000e+07
2.167213200000000000e+07
2.167213200000000000e+07
2.167213200000000000e+07
2.167213200000000000e+07
2.167213200000000000e+07
2.167213200000000000e+07
2.167213200000000000e+07
2.167213200000000000e+07
2.167213200000000000e+07
2.167213200000000000e+07
2.167213200000000000e+07
2.167213200000000000e+07
2.167213200000000000e+07
2.167213200000000000e+07
2.167213200000000000e+07
2.167213200000000000e+07
2.167213200000000000e+07
2.167213200000000000e+07
2.167213200000000000e+07
2.167213200000000000e+07
2.167213200000000000e+07
2.167213200000000000e+07
2.167213200000000000e+07
2.167213200000000000e+07
2.167213200000000000e+07
2.167213200000000000e+07
2.167213200000000000e+07
2.167213200000000000e+07
2.167213200000000000e+07
2.167213200000000000e+07
2.167213200000000000e+07
2.167213200000000000e+07
2.167213200000000000e+07
2.167213200000000000e+07
2.167213200000000000e+07
2.167213200000000000e+07
2.167213200000000000e+07
2.167213200000000000e+07
2.167213200000000000e+07
2.167213200000000000e+07
2.167213200000000000e+07
2.167213200000000000e+07
2.167213200000000000e+07
2.167213200000000000e+07
2.167213200000000000e+07
2.167213200000000000e+07
2.167213200000000000e+07
2.167213200000000000e+07
2.167213200000000000e+07
2.167213200000000000e+07
2.167213200000000000e+07
2.167213200000000000e+07
2.167213200000000000e+07
2.167213200000000000e+07
2.167213200000000000e+07
2.167213200000000000e+07
2.167213200000000000e+07
2.167213200000000000e+07
2.167213200000000000e+07
2.167213200000000000e+07
2.167213200000000000e+07
2.167213200000000000e+07
2.167213200000000000e+07
2.167213200000000000e+07
2.167213200000000000e+07
2.167213200000000000e+07
2.167213200000000000e+07
2.167213200000000000e+07
2.167213200000000000e+07
2.167213200000000000e+07
2.167213200000000000e+07
2.167213200000000000e+07
2.167213200000000000e+07
2.167213200000000000e+07
2.167213200000000000e+07
2.167213200000000000e+07
2.167213200000000000e+07
2.167213200000000000e+07
2.167213200000000000e+07
2.167213200000000000e+07
2.167213200000000000e+07
2.167213200000000000e+07
2.167213200000000000e+07
2.167213200000000000e+07
2.167213200000000000e+07
2.167213200000000000e+07
2.167213200000000000e+07
2.167213200000000000e+07
2.167213200000000000e+07
2.167213200000000000e+07
2.167213200000000000e+07
2.167213200000000000e+07
2.167213200000000000e+07
2.167213200000000000e+07
2.167448400000000000e+07
2.170540800000000000e+07
2.173238400000000000e+07
2.175609200000000000e+07
2.178140800000000000e+07
2.180440000000000000e+07
2.181744400000000000e+07
2.183884800000000000e+07
2.187965600000000000e+07
2.190755200000000000e+07
2.193871600000000000e+07
2.197849200000000000e+07
2.198052400000000000e+07
2.201297600000000000e+07
2.204597600000000000e+07
2.206912400000000000e+07
2.209418400000000000e+07
2.212778000000000000e+07
2.215186000000000000e+07
2.218552800000000000e+07
2.222034000000000000e+07
2.225358400000000000e+07
2.227483600000000000e+07
2.230534400000000000e+07
2.233656000000000000e+07
2.235370000000000000e+07
2.237670000000000000e+07
2.241833200000000000e+07
2.242699200000000000e+07
2.243712800000000000e+07
2.244802400000000000e+07
2.245366000000000000e+07
2.246312000000000000e+07
2.247024000000000000e+07
2.247738000000000000e+07
2.248006000000000000e+07
2.249104800000000000e+07
2.250097200000000000e+07
2.250274400000000000e+07
2.251345200000000000e+07
2.251452000000000000e+07
2.251452000000000000e+07
2.251452000000000000e+07
2.254075600000000000e+07
2.260294000000000000e+07
2.265004400000000000e+07
2.271080400000000000e+07
2.277453200000000000e+07
2.283538800000000000e+07
2.283666400000000000e+07
2.283668400000000000e+07
2.283705200000000000e+07
2.284061200000000000e+07
2.284115600000000000e+07
2.285017600000000000e+07
2.286169200000000000e+07
2.286171200000000000e+07
2.286173200000000000e+07
2.286365600000000000e+07
2.286556800000000000e+07
2.286638800000000000e+07
2.286765200000000000e+07
2.286767200000000000e+07
2.286769200000000000e+07
2.286771200000000000e+07
2.286772800000000000e+07
2.286955200000000000e+07
2.287010000000000000e+07
2.287014000000000000e+07
2.287014000000000000e+07
2.287014000000000000e+07
2.287014000000000000e+07
2.287014000000000000e+07
2.287014000000000000e+07
2.287014000000000000e+07
2.287014000000000000e+07
2.287014000000000000e+07
2.287014000000000000e+07
2.287014000000000000e+07
2.287014000000000000e+07
2.287014000000000000e+07
2.287014000000000000e+07
2.287014000000000000e+07
2.287014000000000000e+07
2.287014000000000000e+07
2.287014000000000000e+07
2.287014000000000000e+07
2.287014000000000000e+07
2.287014000000000000e+07
2.287014000000000000e+07
2.287014000000000000e+07
2.287014000000000000e+07
2.287014000000000000e+07
2.287014000000000000e+07
2.287014000000000000e+07
2.287014000000000000e+07
2.287014000000000000e+07
2.287014000000000000e+07
2.287014000000000000e+07
2.287014000000000000e+07
2.287014000000000000e+07
2.287014000000000000e+07
2.287014000000000000e+07
2.287014000000000000e+07
2.287014000000000000e+07
2.287014000000000000e+07
2.287014000000000000e+07
2.287014000000000000e+07
2.287014000000000000e+07
2.287014000000000000e+07
2.287014000000000000e+07
2.287014000000000000e+07
2.287014000000000000e+07
2.287014000000000000e+07
2.287014000000000000e+07
2.287014000000000000e+07
2.287014000000000000e+07
2.287014000000000000e+07
2.287014000000000000e+07
2.287014000000000000e+07
2.287014000000000000e+07
2.287014000000000000e+07
2.287014000000000000e+07
2.287014000000000000e+07
2.287014000000000000e+07
2.287014000000000000e+07
2.287014000000000000e+07
2.287014000000000000e+07
2.287014000000000000e+07
2.287014000000000000e+07
2.287014000000000000e+07
2.287014000000000000e+07
2.287014000000000000e+07
2.287014000000000000e+07
2.287014000000000000e+07
2.287014000000000000e+07
2.287014000000000000e+07
2.287014000000000000e+07
2.287014000000000000e+07
2.287014000000000000e+07
2.287014000000000000e+07
2.287014000000000000e+07
2.287014000000000000e+07
2.287014000000000000e+07
2.287014000000000000e+07
2.287014000000000000e+07
2.287014000000000000e+07
2.287014000000000000e+07
2.287014000000000000e+07
2.287014000000000000e+07
2.287014000000000000e+07
2.287014000000000000e+07
2.287014000000000000e+07
2.287014000000000000e+07
2.287014000000000000e+07
2.287014000000000000e+07
2.287014000000000000e+07
2.287014000000000000e+07
2.287014000000000000e+07
2.287014000000000000e+07
2.287014000000000000e+07
2.287014000000000000e+07
2.287014000000000000e+07
2.287014000000000000e+07
2.287014000000000000e+07
2.287014000000000000e+07
2.287014000000000000e+07
2.287014000000000000e+07
2.287014000000000000e+07
2.287014000000000000e+07
2.287014000000000000e+07
2.287014000000000000e+07
2.287014000000000000e+07
2.287014000000000000e+07
2.287014000000000000e+07
2.287014000000000000e+07
2.287014000000000000e+07
2.287014000000000000e+07
2.287014000000000000e+07
2.287014000000000000e+07
2.287014000000000000e+07
2.287014000000000000e+07
2.287014000000000000e+07
2.287014000000000000e+07
2.287014000000000000e+07
2.287014000000000000e+07
2.287014000000000000e+07
2.287014000000000000e+07
2.287014000000000000e+07
2.287014000000000000e+07
2.287014000000000000e+07
2.287014000000000000e+07
2.287014000000000000e+07
2.287014000000000000e+07
2.287014000000000000e+07
2.287014000000000000e+07
2.287014000000000000e+07
2.287014000000000000e+07
2.287014000000000000e+07
2.287014000000000000e+07
2.287014000000000000e+07
2.287014000000000000e+07
2.287014000000000000e+07
2.287014000000000000e+07
2.287014000000000000e+07
2.287014000000000000e+07
2.287014000000000000e+07
2.287014000000000000e+07
2.287014000000000000e+07
2.287014000000000000e+07
2.287014000000000000e+07
2.287014000000000000e+07
2.287014000000000000e+07
2.287014000000000000e+07
2.287014000000000000e+07
2.287014000000000000e+07
2.287014000000000000e+07
2.287014000000000000e+07
2.287014000000000000e+07
2.287014000000000000e+07
2.287014000000000000e+07
2.287014000000000000e+07
2.287014000000000000e+07
2.287014000000000000e+07
2.287014000000000000e+07
2.287014000000000000e+07
2.287014000000000000e+07
2.287014000000000000e+07
2.287014000000000000e+07
2.287014000000000000e+07
2.287014000000000000e+07
2.287014000000000000e+07
2.287014000000000000e+07
2.287014000000000000e+07
2.287014000000000000e+07
2.287014000000000000e+07
2.287014000000000000e+07
2.287014000000000000e+07
2.287014000000000000e+07
2.287014000000000000e+07
2.287014000000000000e+07
2.287014000000000000e+07
2.287014000000000000e+07
2.287014000000000000e+07
2.287014000000000000e+07
2.287014000000000000e+07
2.287014000000000000e+07
2.287014000000000000e+07
2.287014000000000000e+07
2.287014000000000000e+07
2.287014000000000000e+07
2.287014000000000000e+07
2.287014000000000000e+07
2.287014000000000000e+07
2.287014000000000000e+07
2.287014000000000000e+07
2.287014000000000000e+07
2.287014000000000000e+07
2.287014000000000000e+07
2.287014000000000000e+07
2.287014000000000000e+07
2.287014000000000000e+07
2.287014000000000000e+07
2.287014000000000000e+07
2.287014000000000000e+07
2.287014000000000000e+07
2.287014000000000000e+07
2.287014000000000000e+07
2.287014000000000000e+07
2.287014000000000000e+07
2.287014000000000000e+07
2.287014000000000000e+07
2.287014000000000000e+07
2.287014000000000000e+07
2.287014000000000000e+07
2.287014000000000000e+07
2.287014000000000000e+07
2.287014000000000000e+07
2.287014000000000000e+07
2.287014000000000000e+07
2.287014000000000000e+07
2.287014000000000000e+07
2.287014000000000000e+07
2.287014000000000000e+07
2.287014000000000000e+07
2.287014000000000000e+07
2.287014000000000000e+07
2.287014000000000000e+07
2.287014000000000000e+07
2.287014000000000000e+07
2.287014000000000000e+07
2.287014000000000000e+07
2.287014000000000000e+07
2.287014000000000000e+07
2.287014000000000000e+07
2.287014000000000000e+07
2.287014000000000000e+07
2.287014000000000000e+07
2.287014000000000000e+07
2.287014000000000000e+07
2.287014000000000000e+07
2.287014000000000000e+07
2.287014000000000000e+07
2.287014000000000000e+07
2.287014000000000000e+07
2.287014000000000000e+07
2.287014000000000000e+07
2.287014000000000000e+07
2.287014000000000000e+07
2.287014000000000000e+07
2.287014000000000000e+07
2.287014000000000000e+07
2.287014000000000000e+07
2.287014000000000000e+07
2.287014000000000000e+07
2.287014000000000000e+07
2.287014000000000000e+07
2.287014000000000000e+07
2.287014000000000000e+07
2.287014000000000000e+07
2.287014000000000000e+07
2.287014000000000000e+07
2.287014000000000000e+07
2.287014000000000000e+07
2.287014000000000000e+07
2.287014000000000000e+07
2.287014000000000000e+07
2.287014000000000000e+07
2.287014000000000000e+07
2.287014000000000000e+07
2.287014000000000000e+07
2.287014000000000000e+07
2.287014000000000000e+07
2.287014000000000000e+07
2.287014000000000000e+07
2.287014000000000000e+07
2.287014000000000000e+07
2.287014000000000000e+07
2.287014000000000000e+07
2.287014000000000000e+07
2.287014000000000000e+07
2.287014000000000000e+07
2.287014000000000000e+07
2.287014000000000000e+07
2.287014000000000000e+07
2.287014000000000000e+07
2.287014000000000000e+07
2.287014000000000000e+07
2.287014000000000000e+07
2.287014000000000000e+07
2.287014000000000000e+07
2.287014000000000000e+07
2.287014000000000000e+07
2.287014000000000000e+07
2.287014000000000000e+07
2.287014000000000000e+07
2.287014000000000000e+07
2.287014000000000000e+07
2.287014000000000000e+07
2.287014000000000000e+07
2.287014000000000000e+07
2.287014000000000000e+07
2.287014000000000000e+07
2.287014000000000000e+07
2.287014000000000000e+07
2.287014000000000000e+07
2.287014000000000000e+07
2.287014000000000000e+07
2.287014000000000000e+07
2.287014000000000000e+07
2.287014000000000000e+07
2.287014000000000000e+07
2.287014000000000000e+07
2.287014000000000000e+07
2.287014000000000000e+07
2.287014000000000000e+07
2.287014000000000000e+07
2.287014000000000000e+07
2.287014000000000000e+07
2.287014000000000000e+07
2.287014000000000000e+07
2.287014000000000000e+07
2.287014000000000000e+07
2.287014000000000000e+07
2.287014000000000000e+07
2.287014000000000000e+07
2.287014000000000000e+07
2.287014000000000000e+07
2.287014000000000000e+07
2.287014000000000000e+07
2.287014000000000000e+07
2.287014000000000000e+07
2.287014000000000000e+07
2.287014000000000000e+07
2.287014000000000000e+07
2.287014000000000000e+07
2.287014000000000000e+07
2.287014000000000000e+07
2.287014000000000000e+07
2.287014000000000000e+07
2.287014000000000000e+07
2.287014000000000000e+07
2.287014000000000000e+07
2.287014000000000000e+07
2.287014000000000000e+07
2.287014000000000000e+07
2.287014000000000000e+07
2.287014000000000000e+07
2.287014000000000000e+07
2.287014000000000000e+07
2.287014000000000000e+07
2.287014000000000000e+07
2.287014000000000000e+07
2.287014000000000000e+07
2.287014000000000000e+07
2.287014000000000000e+07
2.287014000000000000e+07
2.287014000000000000e+07
2.287014000000000000e+07
2.287014000000000000e+07
2.287014000000000000e+07
2.287014000000000000e+07
2.287014000000000000e+07
2.287014000000000000e+07
2.287014000000000000e+07
2.287014000000000000e+07
2.287014000000000000e+07
2.287014000000000000e+07
2.287014000000000000e+07
2.287014000000000000e+07
2.287014000000000000e+07
2.287014000000000000e+07
2.287014000000000000e+07
2.287014000000000000e+07
2.287014000000000000e+07
2.287014000000000000e+07
2.287014000000000000e+07
2.287014000000000000e+07
2.287014000000000000e+07
2.287014000000000000e+07
2.287014000000000000e+07
2.287014000000000000e+07
2.287014000000000000e+07
2.287014000000000000e+07
2.287014000000000000e+07
2.287014000000000000e+07
