2.225172855854034293e-01
3.725801801681518505e-02
3.617060589790344061e-02
3.596168923377991017e-02
3.607571387290954557e-02
3.607360506057739197e-02
3.610113382339477650e-02
3.615605854988097889e-02
3.605311441421509000e-02
3.604254460334777727e-02
3.615933012962341264e-02
3.614518237113952676e-02
3.612398767471313582e-02
3.586418676376342679e-02
3.614049220085144287e-02
3.626744079589843545e-02
3.637699389457702687e-02
3.636863994598388966e-02
3.640026426315307734e-02
3.625571560859679882e-02
3.635278367996215565e-02
3.680612039566039800e-02
3.639237332344055081e-02
3.645189499855041454e-02
3.651595854759216025e-02
3.656799483299255638e-02
3.628588533401489596e-02
3.647203850746155024e-02
3.631053471565246632e-02
3.674536943435668945e-02
3.669386267662048257e-02
3.591525506973266418e-02
3.665509653091430370e-02
3.662374067306518877e-02
3.668770527839660539e-02
3.665444135665893444e-02
3.658318519592285156e-02
3.687949252128601418e-02
3.638896417617797779e-02
3.662573409080505105e-02
3.679073619842529452e-02
3.693005990982055342e-02
3.679015779495239252e-02
3.688048243522643738e-02
3.665637993812560780e-02
3.678009033203125111e-02
3.655388784408569042e-02
3.699606680870055897e-02
3.682801795005798129e-02
3.685786986351013289e-02
3.674079704284667625e-02
3.656745934486389099e-02
3.713581395149231218e-02
3.721304392814635958e-02
3.720651698112487776e-02
3.684958362579345698e-02
3.703050446510314925e-02
3.714346647262573020e-02
3.688596630096435680e-02
3.661470603942871410e-02
3.685090184211731179e-02
3.689542365074157532e-02
3.693302941322326727e-02
3.716390514373778958e-02
3.723263621330261119e-02
3.666497731208800959e-02
3.702950572967528969e-02
3.692963838577270619e-02
3.718898153305053716e-02
3.737006378173828025e-02
3.643532228469848616e-02
3.710641765594482194e-02
3.725447964668274214e-02
3.739283061027526972e-02
3.742053961753845359e-02
3.610022211074829374e-02
3.734916138648986667e-02
3.699713325500487981e-02
3.682099723815918102e-02
3.723514127731323425e-02
3.714023208618164040e-02
3.727829337120056041e-02
3.713318967819213834e-02
3.724050259590148959e-02
3.731289458274841125e-02
3.719603085517883545e-02
3.748855471611022699e-02
3.674810886383056419e-02
3.713775920867919828e-02
3.712988162040710416e-02
3.734918236732483188e-02
3.734646081924438560e-02
3.752560925483703486e-02
3.693612980842590071e-02
3.719081091880798579e-02
3.673999381065368858e-02
3.657258296012878135e-02
3.741242885589599748e-02
3.741763687133788790e-02
3.684487223625183133e-02
3.705028653144836620e-02
3.740535902976989402e-02
3.750587415695190441e-02
3.767902517318725414e-02
3.733544492721557750e-02
3.721563315391540616e-02
3.742930650711059903e-02
3.782240986824035589e-02
3.772717761993408386e-02
3.729680633544921881e-02
3.751782059669494379e-02
3.677941656112670987e-02
3.760656380653381453e-02
3.767632389068603649e-02
3.738470077514648160e-02
3.702900505065918196e-02
3.777194190025329884e-02
3.805269265174865412e-02
3.751260232925415078e-02
3.718825244903564697e-02
3.739198279380798184e-02
3.717313528060912919e-02
3.780451321601868003e-02
3.802849769592284851e-02
3.746119070053100658e-02
3.705208659172058022e-02
3.715864491462707309e-02
3.728209424018859991e-02
3.677487158775329806e-02
3.709354925155639721e-02
3.767448902130127175e-02
3.729023504257202026e-02
3.738641166687011602e-02
3.750603508949279519e-02
3.812266254425048656e-02
3.743244934082030906e-02
3.762759041786194192e-02
3.736875939369201788e-02
3.599891114234924500e-02
3.730360078811645330e-02
3.785659384727477900e-02
3.750968813896179282e-02
3.752401018142700190e-02
3.685998058319091969e-02
3.772455501556396668e-02
3.661845517158508062e-02
3.772333717346191412e-02
3.717705440521239940e-02
3.758401942253113137e-02
3.795127820968628024e-02
3.781176996231078863e-02
3.773994350433349659e-02
3.762937068939208735e-02
3.701878571510314880e-02
3.748484611511230385e-02
3.713019084930419683e-02
3.697898793220519981e-02
3.776742792129516441e-02
3.747411012649536077e-02
3.775128459930419955e-02
3.779539179801941207e-02
3.770679593086243009e-02
3.781310129165649236e-02
3.738200259208679377e-02
3.750927615165710466e-02
3.770596981048583707e-02
3.784189057350158952e-02
3.766048383712768816e-02
3.741260313987732067e-02
3.805409669876098910e-02
3.800534224510192932e-02
3.750812602043152033e-02
3.763453102111816162e-02
3.761281514167785778e-02
3.767293524742126171e-02
3.781919288635254145e-02
3.782492709159850780e-02
3.766880083084106490e-02
3.736424183845520053e-02
3.796288895606994562e-02
3.760749983787536888e-02
3.806484103202820157e-02
3.793024921417236656e-02
3.773799395561218406e-02
3.784426569938659918e-02
3.773048090934753157e-02
3.806168007850647267e-02
3.811706113815307301e-02
3.751340866088867521e-02
3.791774153709411704e-02
3.770865607261657954e-02
3.794818592071533270e-02
3.772235536575317683e-02
3.776517510414123535e-02
3.789713406562805059e-02
3.777265381813049022e-02
3.817938494682311668e-02
3.715799117088317699e-02
3.822426271438598977e-02
3.744454813003540022e-02
3.711507439613342257e-02
3.866578960418701194e-02
3.787444591522216852e-02
3.758721899986267045e-02
3.817007279396057023e-02
3.815216112136840532e-02
3.821202373504638955e-02
3.787718367576599354e-02
3.801947498321533309e-02
3.618103599548339738e-02
3.815376067161559831e-02
3.664892077445983803e-02
3.765984892845154058e-02
3.799584341049194042e-02
3.792018628120422119e-02
3.775174856185913030e-02
3.701481986045837558e-02
3.854225564002990850e-02
3.809285116195678528e-02
3.800787520408630688e-02
3.782399201393127353e-02
3.782323646545410201e-02
3.815793395042419572e-02
3.814066910743713068e-02
3.796947860717773265e-02
3.804452562332153592e-02
3.800673294067382496e-02
3.812224078178405584e-02
3.811243796348572077e-02
3.829154467582702309e-02
3.824046921730041293e-02
3.808396410942077592e-02
3.802077198028564614e-02
3.767490625381469949e-02
3.838337635993957497e-02
3.817016315460205339e-02
3.839530825614929227e-02
3.821092748641968101e-02
3.756071400642395364e-02
3.812465572357177923e-02
3.783581829071044900e-02
3.762910270690918157e-02
3.774926185607910267e-02
3.779260540008545083e-02
3.786262607574462924e-02
3.781742882728576782e-02
3.741455316543579324e-02
3.731382822990417236e-02
3.788308334350586060e-02
3.779907751083373679e-02
3.769780707359313837e-02
3.783939766883850225e-02
3.786172389984130554e-02
3.803933811187744374e-02
3.783185505867004556e-02
3.845985245704650751e-02
3.817167735099792625e-02
3.612136149406432878e-02
3.796464300155639321e-02
3.815605092048644786e-02
3.797499632835388272e-02
3.814385533332824429e-02
3.813604664802551503e-02
3.796085619926452964e-02
3.788147592544555825e-02
3.832931518554687222e-02
3.779746675491332808e-02
3.799225211143493486e-02
3.805235838890076022e-02
3.830661892890930426e-02
3.830236554145813321e-02
3.770385146141052440e-02
3.798195481300353782e-02
3.821399998664855996e-02
3.710773038864136064e-02
3.799017453193664212e-02
3.821451568603515675e-02
3.819776272773742903e-02
3.698113083839416754e-02
3.745636057853699019e-02
3.817004227638244596e-02
3.799943757057189925e-02
3.816188764572143316e-02
3.838285827636718495e-02
3.808848619461059626e-02
3.799420547485351379e-02
3.811019682884216053e-02
3.823408579826354653e-02
3.813841199874878213e-02
3.822619032859802396e-02
3.666630268096923717e-02
3.813937091827392795e-02
3.833938312530517367e-02
3.804677295684814192e-02
3.800499367713928295e-02
3.820618844032287742e-02
3.787673997879028448e-02
3.685991954803467113e-02
3.809599256515502907e-02
3.788516354560852312e-02
3.816669058799743858e-02
3.804964184761047696e-02
3.827128052711487038e-02
3.811033987998962286e-02
3.815522265434265203e-02
3.820125222206115917e-02
3.851533365249634050e-02
3.828053379058837802e-02
3.834939432144165300e-02
3.718197941780090193e-02
3.809359645843506115e-02
3.866427707672118880e-02
3.857210612297058000e-02
3.848819160461425942e-02
3.863323736190795582e-02
3.832558155059814786e-02
3.799051475524902605e-02
3.802495551109313920e-02
3.836805915832519620e-02
3.764360737800598322e-02
3.833133077621459633e-02
3.837526273727417253e-02
3.831700062751770136e-02
3.849893069267273232e-02
3.853684735298156666e-02
3.847022485733032210e-02
3.833302712440490867e-02
3.864097738265991067e-02
3.820916867256164695e-02
3.802281355857849154e-02
3.801737236976623219e-02
3.829093360900878706e-02
3.814411211013794128e-02
3.842934274673461686e-02
3.814092397689819447e-02
3.829730796813964749e-02
3.827418994903564187e-02
3.839602279663086037e-02
3.831337714195251487e-02
3.815491461753844904e-02
3.806746530532836847e-02
3.731684756278991905e-02
3.814836311340331909e-02
3.836980056762695490e-02
3.834848928451538297e-02
3.833419418334960832e-02
3.810506820678710715e-02
3.690269637107849304e-02
3.784350180625915827e-02
3.802833986282348755e-02
3.825160574913025191e-02
3.792123866081237998e-02
3.832401108741760598e-02
3.812481880187987976e-02
3.828268384933471852e-02
3.797960066795349338e-02
3.809078383445739513e-02
3.819039463996887207e-02
3.803623366355896041e-02
3.842089509963989014e-02
3.776290607452392756e-02
3.819023656845092762e-02
3.792469692230224926e-02
3.750085806846618908e-02
3.800554513931274359e-02
3.785339879989624290e-02
3.765725851058959739e-02
3.736365008354187306e-02
3.741930675506591891e-02
3.850439763069152949e-02
3.853239059448242132e-02
3.846943569183349648e-02
3.790445280075073475e-02
3.734208583831787054e-02
3.821032285690307423e-02
3.842175984382629333e-02
3.708777809143066345e-02
3.742201089859008983e-02
3.784356045722961359e-02
3.781987404823303200e-02
3.753365063667297302e-02
3.787904500961303961e-02
3.770579147338867093e-02
3.748764133453369451e-02
3.794327974319457869e-02
3.752873206138610668e-02
3.740698194503783852e-02
3.720806384086609159e-02
3.650232219696045166e-02
3.747906756401062078e-02
3.740963840484619329e-02
3.733207440376281466e-02
3.738409924507141158e-02
3.719031834602355702e-02
3.739008593559264848e-02
3.740308499336243014e-02
3.716682314872741394e-02
3.733659815788269165e-02
3.865541625022888422e-02
3.869325280189514493e-02
3.830580544471740706e-02
3.749103713035583513e-02
3.854588937759399758e-02
3.849815773963928545e-02
3.862130403518676536e-02
3.937872099876403575e-02
3.920050215721130465e-02
3.821821069717407093e-02
3.857324051856994562e-02
3.831656742095947144e-02
3.818017172813415600e-02
3.851061892509460155e-02
3.862014341354370189e-02
3.831491351127624262e-02
3.879075074195861839e-02
3.853631901741028098e-02
3.878324055671691917e-02
3.807993364334106429e-02
3.877893137931823914e-02
3.856024479866027727e-02
3.766036295890808072e-02
3.846233344078064248e-02
3.851390051841736134e-02
3.872115111351013411e-02
3.871879410743713640e-02
3.866082191467284934e-02
3.828971838951111123e-02
3.875667691230774009e-02
3.837205791473388694e-02
3.793815946578979470e-02
3.915551948547363326e-02
3.900942802429199080e-02
3.857838988304138073e-02
3.891481113433838124e-02
3.867041778564453414e-02
3.893126940727233837e-02
3.887037873268127386e-02
3.880841851234435869e-02
3.875161838531494124e-02
3.864914393424987576e-02
3.855067038536071772e-02
3.868600821495055825e-02
3.878063249588012407e-02
3.896886038780212475e-02
3.856058073043823475e-02
3.780333232879638794e-02
3.872880291938781555e-02
3.838144803047180420e-02
3.846515488624573098e-02
3.882641649246215687e-02
3.870498204231262451e-02
3.864077043533325345e-02
3.886142182350158653e-02
3.891496515274047580e-02
3.850258088111877669e-02
3.722423434257507435e-02
3.798139071464538830e-02
3.935715413093567039e-02
3.860962510108947865e-02
3.873661613464355474e-02
3.892950701713562139e-02
3.888462615013122542e-02
3.876273798942565796e-02
3.902939510345458662e-02
3.902902340888977223e-02
3.876704740524292148e-02
3.901529383659362721e-02
3.874857568740844999e-02
3.876538729667663302e-02
3.879843950271606723e-02
3.899504041671753019e-02
3.880787324905395769e-02
3.867709970474243059e-02
3.931069946289062617e-02
3.824064183235168640e-02
3.900658345222473428e-02
3.868019247055053816e-02
3.895979762077331210e-02
3.894180846214294334e-02
3.866014671325683494e-02
3.837769412994384427e-02
3.896308565139770808e-02
3.879348206520080722e-02
3.933447098731994440e-02
3.887594294548034346e-02
3.885255813598632868e-02
3.882542800903319991e-02
3.895836448669433294e-02
3.938800311088561795e-02
3.927586793899535966e-02
3.892737603187561291e-02
3.878323793411254938e-02
3.874850845336914179e-02
3.888522624969482228e-02
3.862160086631774569e-02
3.920600128173828275e-02
3.902750468254089639e-02
3.913378596305847057e-02
3.931213402748107849e-02
3.893350863456725847e-02
3.865346264839172180e-02
3.928574657440185580e-02
3.875523567199706809e-02
3.884735894203186074e-02
3.850260448455810475e-02
3.894516944885254017e-02
3.853395771980285683e-02
3.889126968383788824e-02
3.877124333381652688e-02
3.886092686653137146e-02
3.887644100189208834e-02
3.777401542663574169e-02
3.772051787376403537e-02
3.905634880065918246e-02
3.908002734184265470e-02
3.842428493499756154e-02
3.875777840614318820e-02
3.852224540710449258e-02
3.909396624565124323e-02
3.907210016250610429e-02
3.884625816345214921e-02
3.920871233940124295e-02
3.915547943115234297e-02
3.888018703460693198e-02
3.878574252128601241e-02
3.921652913093567200e-02
3.909531474113464578e-02
3.891847062110900812e-02
3.909336709976195950e-02
3.923269534111022833e-02
3.886538577079772655e-02
3.932030344009399686e-02
3.890961980819702265e-02
3.884979724884032870e-02
3.912174296379089533e-02
3.858425188064575073e-02
3.889543938636779580e-02
3.920309472084045066e-02
3.913091015815734625e-02
3.911174058914184543e-02
3.907814025878906389e-02
3.912265276908874490e-02
3.924842858314513822e-02
3.932659673690795665e-02
3.921514081954956266e-02
3.922075605392456171e-02
3.912991142272949363e-02
3.870073938369750916e-02
3.920771956443786649e-02
3.954942941665649109e-02
3.918238520622253224e-02
3.894586706161499295e-02
3.915693211555480724e-02
3.948553943634033198e-02
3.951164245605468667e-02
3.928425669670104758e-02
3.903165769577026517e-02
3.925204014778137240e-02
3.903921890258789384e-02
3.910048103332519620e-02
3.923403477668762490e-02
3.946697092056274114e-02
3.900675964355469066e-02
3.955521249771118408e-02
3.942641711235046059e-02
3.846087074279785217e-02
3.956004524230957026e-02
3.911297512054443676e-02
3.776711535453796537e-02
3.930462980270385542e-02
3.934276366233825650e-02
3.933550286293029802e-02
3.934210681915283059e-02
3.891522669792175232e-02
3.957596945762634211e-02
3.900840568542480319e-02
3.942352414131164440e-02
3.933016824722290056e-02
3.935708522796630554e-02
3.929793930053710610e-02
3.936152148246765264e-02
3.983356189727783186e-02
3.932089567184448436e-02
3.891412711143493741e-02
3.925881624221801841e-02
3.915135097503662231e-02
3.911580944061279069e-02
3.941269445419311179e-02
3.921441006660461581e-02
3.919739818572998136e-02
3.926165366172790216e-02
3.930395841598510742e-02
3.926899743080139449e-02
3.969317626953124817e-02
3.966073226928711060e-02
3.927809095382690102e-02
3.915196609497070129e-02
3.927680611610412376e-02
3.938124394416809421e-02
3.937799739837646168e-02
3.926750922203064292e-02
3.849565219879150235e-02
3.889047455787658647e-02
3.912978124618530368e-02
3.892448592185974304e-02
3.931773614883422863e-02
3.949875497817992992e-02
3.953567719459533808e-02
3.955426001548766751e-02
3.920662879943847406e-02
3.965529704093933433e-02
3.920313668251037414e-02
3.908320498466491544e-02
3.930092501640319869e-02
3.933635139465332248e-02
3.935450863838195479e-02
3.936651992797851607e-02
3.962263584136963002e-02
3.967785620689392306e-02
3.948377418518066173e-02
3.920364260673522838e-02
3.940966582298278953e-02
3.929214763641357411e-02
3.911549186706542863e-02
3.944605445861816551e-02
3.934411001205444236e-02
3.928569507598876631e-02
3.952840089797973744e-02
3.936678814888000533e-02
3.948575067520141563e-02
3.948825883865356157e-02
3.927444982528686263e-02
3.949891233444213778e-02
3.884458398818969871e-02
3.927454257011413902e-02
3.892143392562866233e-02
3.841369032859802413e-02
3.913058662414550803e-02
3.925411891937256176e-02
3.982771015167236445e-02
3.959382033348083502e-02
3.977699780464172274e-02
3.967035341262817316e-02
3.900811958312988548e-02
3.925792884826660029e-02
3.947079658508300531e-02
3.916318845748901351e-02
3.927706837654113686e-02
3.945835876464844072e-02
3.937130331993102944e-02
3.992267465591430725e-02
3.982518672943115290e-02
3.962461209297180043e-02
3.944485807418823126e-02
3.969878816604614086e-02
3.938768577575683938e-02
3.949631357192993214e-02
3.921205830574035767e-02
3.945286178588867237e-02
3.935361456871032393e-02
3.856956648826598971e-02
3.955771970748901689e-02
3.866731977462768699e-02
3.924064135551452726e-02
3.908749723434448015e-02
3.826562261581421126e-02
3.927518415451049932e-02
3.829151248931884910e-02
3.867057085037231556e-02
3.818361330032348649e-02
3.904373550415039112e-02
3.968865561485290794e-02
3.986435985565185691e-02
3.964469599723816073e-02
3.964660835266113625e-02
3.964457249641418352e-02
3.962122464179992920e-02
3.988431119918823403e-02
3.951457691192626631e-02
3.932077145576477056e-02
3.943261766433715787e-02
3.924249815940857034e-02
3.898836112022399658e-02
3.943090581893921032e-02
3.900898551940917836e-02
3.988137245178222795e-02
3.979589414596557823e-02
3.982098269462585466e-02
3.967082881927490312e-02
3.959308958053588817e-02
3.912490153312683100e-02
3.944454932212829862e-02
3.981220006942749051e-02
3.989617395401000993e-02
3.958573102951049721e-02
3.964472651481628501e-02
4.052638077735901123e-02
3.966940021514892695e-02
3.978506898880004861e-02
4.003907847404480219e-02
3.992574667930603310e-02
4.004959487915039223e-02
3.966863894462585582e-02
3.954355549812316878e-02
3.992218828201293812e-02
3.970928525924682928e-02
4.014243149757384943e-02
3.993955063819885215e-02
4.009787821769714156e-02
4.012539005279541077e-02
3.958845353126525662e-02
3.938635492324828874e-02
3.866705822944641047e-02
3.966427803039550976e-02
3.984471201896667286e-02
4.004409599304199069e-02
3.993867301940917658e-02
4.012756896018981889e-02
4.012127637863158874e-02
3.989101123809814242e-02
3.985392355918884050e-02
4.006482028961181469e-02
3.994849944114685358e-02
3.995425772666931497e-02
3.992988920211792275e-02
3.977215862274170038e-02
3.993542242050170804e-02
4.009477019309997531e-02
4.012568569183349448e-02
3.938110518455505138e-02
4.012321686744690225e-02
3.976780343055725392e-02
4.018222570419311551e-02
3.990366291999816739e-02
4.013479375839233698e-02
4.024266052246093517e-02
4.029259204864502064e-02
4.035284829139709761e-02
4.013303327560424627e-02
3.985293102264404058e-02
4.067071771621703913e-02
4.021889996528625610e-02
4.027347469329833896e-02
3.983216357231140342e-02
3.993759155273437361e-02
4.002734446525573614e-02
4.039717340469360651e-02
4.000188708305359164e-02
4.002418947219848339e-02
4.027234005928039678e-02
4.024540638923645303e-02
4.014472675323486200e-02
4.055311536788940713e-02
3.982274913787841458e-02
4.021504998207092035e-02
3.882613062858581571e-02
3.944875121116638017e-02
4.028847336769104254e-02
3.936000037193298356e-02
3.924117422103881592e-02
4.009478259086608765e-02
4.023869061470031899e-02
4.017625117301940746e-02
4.006709885597228848e-02
4.013848924636841120e-02
3.982055497169494779e-02
3.931596517562865878e-02
3.799660205841064176e-02
4.000432205200195324e-02
4.048803806304931974e-02
4.011163496971130449e-02
4.027182984352111611e-02
4.023747348785400302e-02
4.032921981811523476e-02
3.962788152694702443e-02
4.040559124946594555e-02
4.033746838569641363e-02
4.019068527221679454e-02
4.017421197891235529e-02
4.014993977546692239e-02
4.047353959083557079e-02
4.018022680282593018e-02
4.047961616516113081e-02
4.038288116455077820e-02
3.995509362220764360e-02
4.001253509521484480e-02
3.985193157196045138e-02
3.973782563209533880e-02
4.021561551094054998e-02
4.008694005012512079e-02
4.006266975402832109e-02
4.031007003784179560e-02
3.873843264579773099e-02
4.002981066703796553e-02
4.038093066215515253e-02
4.014981484413147200e-02
4.027502322196960249e-02
4.050484871864318964e-02
4.052992296218872054e-02
4.032207965850830023e-02
4.042459201812743930e-02
4.006502532958984564e-02
4.009248423576355219e-02
4.026921892166137468e-02
4.048596429824829340e-02
4.044178056716919017e-02
4.023811078071594383e-02
4.012983632087707697e-02
4.006771969795226707e-02
4.009940791130065657e-02
3.981384873390197976e-02
4.021077322959899780e-02
4.005218720436096169e-02
4.008413028717040805e-02
3.944690275192260648e-02
4.040059852600097479e-02
4.025186181068420715e-02
4.021931195259094427e-02
3.966732573509216403e-02
3.950896143913269071e-02
4.033324003219604381e-02
4.042069673538208063e-02
4.017609095573425326e-02
4.008332061767578419e-02
4.022771453857421770e-02
4.052452039718627830e-02
4.012364983558654868e-02
3.999552822113037337e-02
4.047889924049377641e-02
4.046316361427307329e-02
4.043574690818786677e-02
4.009687876701355236e-02
4.017159342765808105e-02
3.996698737144470381e-02
3.998296356201171825e-02
4.041061162948608732e-02
4.034538555145263800e-02
4.075203013420104770e-02
4.033980584144592624e-02
4.006223559379577803e-02
4.025871467590332042e-02
4.033074283599853704e-02
4.048548412322998391e-02
4.058096408843994002e-02
4.028280329704284762e-02
4.048763895034789700e-02
4.050849962234497059e-02
4.029372549057006619e-02
4.069256544113158958e-02
4.054211568832397777e-02
4.029099464416503740e-02
4.054302096366882435e-02
4.062221646308898648e-02
4.069224619865417780e-02
4.074330329895019254e-02
3.927541828155517445e-02
3.990467810630798223e-02
4.046395540237426869e-02
4.035568213462829845e-02
4.049828767776489369e-02
4.026724410057067743e-02
4.036668801307678051e-02
4.033993196487426630e-02
4.067422962188720764e-02
4.051761984825134194e-02
4.007825136184692272e-02
4.059937310218811324e-02
4.065154743194580172e-02
4.077828168869018777e-02
4.070079183578491355e-02
4.062907862663268921e-02
4.053664898872375716e-02
4.050377249717712624e-02
4.068247914314269964e-02
4.069751715660094998e-02
4.061358165740967113e-02
4.075581336021423529e-02
3.947817778587341120e-02
4.088908839225768865e-02
4.097905588150024120e-02
4.065879797935485762e-02
4.049332356452942094e-02
4.047956633567809798e-02
4.042272710800171032e-02
4.085464429855346913e-02
3.963680648803710738e-02
4.074428224563598350e-02
3.910057330131530562e-02
3.999728679656982394e-02
4.035196137428283952e-02
3.945835638046264748e-02
4.050252342224121282e-02
4.056496953964233709e-02
4.055230498313903975e-02
4.051934337615966525e-02
4.036613464355468667e-02
4.058239459991454939e-02
4.056490063667297225e-02
4.002418994903564342e-02
4.116758561134338523e-02
4.068580818176269209e-02
4.076452684402465804e-02
4.058206057548523205e-02
4.103890109062195007e-02
4.076876115798950401e-02
4.126697373390197932e-02
4.077491760253906111e-02
4.068906378746033059e-02
4.080584716796874928e-02
4.076558470726013295e-02
4.079845356941223106e-02
4.042473030090332209e-02
4.064701128005981240e-02
3.889163875579833979e-02
4.106480145454406705e-02
4.075398826599121310e-02
4.113305640220642212e-02
4.054269981384277244e-02
4.070331335067749190e-02
4.018165755271911610e-02
4.034909200668335139e-02
4.039742302894592380e-02
4.047805333137512174e-02
4.062366580963134438e-02
4.043663954734802446e-02
4.049534916877746415e-02
4.010245299339294106e-02
4.046081972122192449e-02
4.050152230262756003e-02
4.043598961830139477e-02
4.038855385780334289e-02
4.037681865692138716e-02
4.043166589736938571e-02
4.036267042160034124e-02
4.036592411994933960e-02
4.045105934143066601e-02
4.020148611068725258e-02
4.018593311309814203e-02
4.020373058319091919e-02
4.017716526985168346e-02
4.073439812660217124e-02
4.034440231323242060e-02
4.061689233779907510e-02
4.066819119453430470e-02
4.052760171890258667e-02
4.074693632125854503e-02
4.033824944496154641e-02
4.062345790863037404e-02
4.048703217506408741e-02
4.028583312034606650e-02
4.038305902481079124e-02
4.063211345672607111e-02
4.036693859100341786e-02
4.074788331985473855e-02
4.003131103515625289e-02
4.020721507072448631e-02
4.068353390693664473e-02
4.070141267776489213e-02
4.026802635192871377e-02
4.039410996437072660e-02
4.012222194671630909e-02
4.019997715950011929e-02
4.044823169708251787e-02
3.898038148880005049e-02
3.985407996177673523e-02
4.039656162261962696e-02
3.990843605995178511e-02
3.986057949066162259e-02
3.952922368049621715e-02
4.026170396804809593e-02
4.006914973258972335e-02
4.000116729736328397e-02
4.021556019783020103e-02
4.050449252128601046e-02
4.066218471527099920e-02
4.033286905288696600e-02
4.027158999443054138e-02
4.059070539474487344e-02
3.997345805168151661e-02
4.037744855880737171e-02
4.012287068367004217e-02
4.016158175468444863e-02
4.019185352325439775e-02
3.984717535972594898e-02
3.985493493080138894e-02
3.986170077323913236e-02
4.008299493789672929e-02
3.987628746032714777e-02
3.994239449501037903e-02
3.950470280647278010e-02
3.952353858947754012e-02
3.955138182640075689e-02
3.974768757820129617e-02
3.996264195442199990e-02
3.958057904243469233e-02
3.980160379409790339e-02
3.946703815460204934e-02
3.961100029945373302e-02
3.993695211410522306e-02
