1.484154320934830196e+02
1.437528837166593405e+02
1.535431215962060207e+02
1.639334710561787176e+02
1.433378132002226550e+02
1.429704858100780882e+02
1.344513953750101507e+02
1.258635402810395050e+02
1.195113749917424428e+02
1.190034594853433703e+02
1.223129784825332109e+02
1.212641193690645025e+02
1.254481333732735919e+02
1.187451339401402350e+02
1.292436282295379044e+02
1.083137933230219119e+02
8.622994797175358883e+01
8.652542761624029310e+01
8.364540785822188695e+01
8.414483606720968112e+01
9.505191495033663784e+01
4.987542558741999699e+01
8.041841752006952504e+01
6.330235964517337521e+01
3.864788358633944654e+01
5.541090214392655611e+01
5.437054101457052724e+01
8.167117683672857709e+01
6.951681027008513070e+01
2.591683140071516789e+01
4.501327316998897743e+01
3.443093667816377490e+01
2.369549710271127552e+01
2.104038831625745942e+01
2.170985064756269267e+01
4.687498728759203459e+01
1.749422013047200863e+01
1.554838160499986799e+01
2.505062798876366870e+01
1.617920028148873257e+01
2.080418371678379685e+01
1.626984971575250327e+01
3.460562282458531058e+01
2.077531813115617254e+01
1.301400538481786029e+01
2.400929952912575160e+01
1.102746599645718817e+01
1.406497131814586155e+01
2.038904001099751895e+01
9.816502687527739468e+00
1.748559847267234701e+01
8.700813364930047200e+00
9.163449205848499091e+00
1.751245144224473904e+01
9.427141315873120320e+00
1.792840121296864453e+01
1.292428469692328896e+01
1.136748986952113150e+01
1.837376690645526267e+01
1.066493173508596115e+01
1.095859646868122717e+01
1.014051175162979312e+01
8.380844943914494749e+00
1.318908910430863379e+01
1.917178860533287477e+01
2.108859363298209644e+01
2.415280268888360737e+01
1.101193211197820254e+01
7.663115984569240702e+00
1.050591602612719200e+01
2.220921934717612345e+01
8.824276927989059160e+00
7.936840268981699253e+00
1.245564626439320932e+01
6.738160509135510345e+00
1.264365741839668544e+01
9.383917152930884242e+00
1.913655905124934975e+01
9.915408698836554180e+00
8.141356291392327194e+00
1.232600855505226889e+01
9.153471306744055624e+00
1.282629027133165955e+01
2.491187602676815160e+01
1.144157677057188494e+01
6.414617529617285818e+00
1.671842778715872413e+01
8.689514899096140610e+00
9.012569186764221030e+00
1.424198295365837907e+01
8.799017330600367615e+00
1.274658388762907713e+01
9.584759361013077239e+00
1.081740862709835760e+01
2.100898528255252273e+01
9.509983642483039290e+00
1.923465755404394173e+01
9.367090060171893384e+00
6.618672034458867870e+00
1.162002128697160863e+01
6.257786979756173373e+00
1.266474417934810148e+01
6.915774858568320305e+00
1.259703892887574561e+01
7.653415214240560260e+00
8.629319167544782232e+00
1.023118102157660303e+01
8.535195262030628172e+00
1.158909907080424340e+01
9.357775276960555999e+00
7.332760929512641468e+00
1.251562932823942731e+01
1.305019767234886707e+01
8.105245890296139066e+00
1.048752964850510239e+01
1.424033246411435805e+01
9.531375982766917332e+00
1.586035611520028432e+01
4.629819211820167091e+00
9.846208720700120764e+00
9.113354444707630009e+00
6.942684125717536681e+00
1.195518088400052648e+01
9.576874989967258500e+00
1.274519266224396929e+01
1.183919944990971729e+01
1.866960730527530288e+01
7.242713148954247337e+00
1.413551098762857983e+01
9.410291217294421529e+00
1.262931817316756700e+01
1.065498546144588410e+01
8.391299221641373762e+00
8.604151949405341782e+00
7.666039414146297304e+00
1.061232558350332411e+01
1.459311876566562027e+01
1.074676228130357636e+01
8.854963056751209649e+00
6.277238275874589490e+00
5.354956826832552252e+00
6.753299605021952701e+00
8.192610858793615947e+00
8.803618991932786741e+00
6.517790943838953410e+00
7.322222932596305967e+00
6.925443639900318971e+00
1.077147303996340355e+01
1.164426698723310238e+01
6.643539806191380848e+00
1.237890754446141983e+01
1.296402327359950668e+01
1.504466434379961726e+01
5.013313147266228675e+00
1.195307745546451095e+01
1.088695033899718290e+01
1.221567628739820499e+01
1.066222234757452192e+01
1.184207261265462030e+01
1.642228084338311689e+01
1.280802995655541565e+01
1.747036980574721809e+01
9.749675172089267150e+00
1.396800544772271024e+01
1.247407342464079960e+01
1.262904068026488247e+01
1.040828464448306079e+01
1.080440600257566963e+01
6.620959494441797766e+00
1.338316636972509066e+01
8.458348578242290472e+00
1.543347604791169303e+01
1.067191750024673702e+01
8.730336325867153136e+00
1.294867002695158753e+01
9.548233535716860843e+00
8.745457809849511932e+00
8.428891463754110802e+00
1.392955296473218674e+01
1.317532937108630087e+01
8.457897944888800978e+00
5.244992336653750975e+00
1.064386057579794631e+01
7.707683408573462458e+00
1.985114957803353519e+01
6.421648227474085147e+00
5.390742805796636894e+00
1.345729153414462331e+01
8.559065991898785697e+00
2.307619089142500002e+01
9.644749960243791165e+00
1.134580219190838157e+01
9.845055961566567149e+00
9.070415358047004162e+00
1.137290265403184719e+01
7.451478854822317643e+00
5.967723907157651553e+00
5.904580681172967083e+00
6.943143477710016498e+00
7.281470433979414736e+00
1.123592462422231542e+01
5.163256715746095793e+00
4.840658000160934726e+00
1.195999782081993423e+01
7.461325370322473560e+00
1.158347437604178509e+01
8.710126457262978406e+00
1.180632205677836133e+01
5.944633999631637522e+00
9.005893897015026184e+00
8.203295806074491381e+00
9.404903178126492236e+00
8.153933053367067529e+00
2.165064457081283322e+01
7.201216855664486438e+00
1.398029018034289628e+01
7.598670065183257272e+00
7.506616933607221043e+00
8.091523866828694622e+00
8.480236173885952411e+00
1.194577253699933372e+01
4.664984157632936501e+00
1.255208083827015741e+01
7.376555176051590834e+00
9.190565252897386017e+00
2.830839573339942206e+01
8.485313500291551847e+00
9.113641491377972415e+00
7.196331799068168777e+00
1.385311156124282306e+01
1.457340928003827685e+01
4.544025071604187005e+00
7.472301963348398246e+00
1.420359873416870045e+01
9.000059035490796333e+00
9.254998794356229297e+00
9.297024838467073948e+00
1.005484075979687120e+01
6.769067131808093940e+00
1.087527198155276942e+01
1.058410975225373818e+01
8.648801540851236425e+00
4.001857151878023444e+01
7.239960541563793761e+00
2.289619589244188447e+01
1.564551902822514862e+01
9.627302017554747238e+00
7.510311837541014057e+00
1.905104499174372990e+01
9.289723006865973076e+00
2.173247820249562778e+01
6.538986084496766438e+00
3.762167590413122298e+01
2.803354881883046801e+01
8.010168497524247755e+00
1.936145627416966164e+01
7.753008579500413333e+00
2.500856416068665311e+01
3.752114582532941967e+01
1.014422796985371455e+01
5.470064283436706809e+00
8.016853887519484800e+00
7.162928197489750737e+00
4.672058022423625445e+00
7.994303647205097008e+00
1.831883145737273111e+01
1.443206632020103086e+01
1.159842092728147200e+01
6.674132902032547499e+00
6.075548188193251598e+00
6.384406796595978761e+00
7.275450215414346111e+00
5.778267716531850340e+00
6.343390323023715638e+00
2.052608496110660141e+01
5.339305089822264705e+00
6.036312617714797568e+01
4.689285279551002716e+00
9.135141185776140205e+00
9.450952722002607942e+00
5.389173202467282486e+00
2.401819721296915944e+01
4.489698322382625228e+00
6.743854315625974927e+00
8.945936349900438955e+00
1.525168603772537246e+01
1.346563939583738190e+01
4.842040637312736706e+00
2.122616758593415298e+01
6.849891862454128066e+00
9.743216755996396472e+00
6.599783472232704895e+00
8.217739634000528426e+00
2.454545216675370511e+01
6.655026974899418413e+00
6.789678659019937612e+00
8.948034176517847271e+00
3.614015958346676172e+01
2.100235807423651124e+01
3.356460233080709799e+01
2.544374250142018568e+01
5.343738953584851181e+00
8.631288014118229768e+00
2.287372842071736656e+01
4.106453717007609860e+00
6.314936320000435188e+01
1.055430168586253004e+01
6.152044714548887683e+00
5.737509110406920243e+00
5.285464314063033520e+00
2.366647796987910013e+01
5.499895179137367585e+00
8.585901932617971966e+00
1.307961445495875630e+01
7.960653365268206549e+00
3.812929240464286806e+01
5.691585328543568245e+00
8.644254932900894417e+00
4.593723577545608450e+00
1.697833240587456771e+01
6.289496242840693974e+00
1.363769890221221992e+01
5.742019489042916369e+00
1.245393332174042023e+01
3.933835876759856465e+00
8.481787447537540103e+00
5.990124609367825315e+00
4.657638040933815837e+00
8.342938390291223527e+00
5.234054416917722996e+00
7.159355124512964963e+00
2.263214926446245556e+01
8.517508490236362917e+00
2.280084480322355844e+01
3.844332861422660130e+01
8.540114408673414204e+00
4.716198264967525589e+00
5.946131081771169669e+00
1.715108067374654510e+01
5.750126830840478043e+00
8.095800098211510942e+01
2.229058623609774514e+01
6.474171612194055569e+00
1.168657357112030226e+01
1.883466831106248307e+01
9.092528138591156051e+00
2.710588886575992262e+01
5.735544602521296831e+00
7.315502029036201392e+00
6.539534845699320087e+00
5.482148483787433690e+00
8.383797527700082242e+00
5.533892123433035160e+00
4.608291694077266243e+00
6.223572998621177632e+00
7.070872672494269651e+00
1.344482630194369221e+01
7.595735848885679431e+00
1.529184092529215455e+01
5.520987519996752191e+00
2.618966921139281112e+01
5.568374354674927140e+00
1.288177511833581690e+01
8.293723980689399866e+00
3.578516929988276729e+01
2.625187040132252392e+01
5.783188633696052960e+00
1.766680361970611202e+01
1.278996565341591207e+01
2.149802168478832698e+01
8.122512165280173946e+00
7.079242237021783346e+00
4.387903772162517413e+01
9.929750038096615938e+00
7.317547268788860748e+00
7.106126367032204350e+00
1.712007576166044842e+01
7.575172022892089352e+00
2.358132167429626236e+01
6.650084351781915259e+00
3.348991933618226824e+01
4.113723422733783330e+00
4.306841601986494794e+00
9.527700346331130277e+00
1.386160142000965045e+01
1.197258685652144194e+01
4.805380286042209903e+00
1.708645903122928900e+01
4.540777746680854321e+00
2.367496381394783711e+01
1.050222199742349183e+01
5.307412377155988459e+00
6.022694566653282067e+01
1.813881292566493642e+01
6.548088404480967739e+00
8.579686497735595552e+00
3.420226739193867616e+01
2.319382322374006833e+01
1.366140196100554149e+01
4.087139843463199362e+00
1.259802784591570379e+01
8.680861932130982339e+00
3.953510416630288660e+01
3.037061687374947283e+01
6.029491935261858337e+00
6.241635313326230339e+00
2.550774282996012587e+01
3.236214327314664985e+01
2.296173351212503633e+01
1.837960916221816987e+01
2.206143486346694971e+01
3.868813149658432593e+01
1.105464970796955804e+01
6.252585773385285428e+00
3.302103250932440659e+01
1.262206794660351150e+01
1.160245245715191587e+01
2.495486834962774125e+01
6.203019932491780075e+00
1.978149823861357959e+01
1.724457689483286416e+01
1.503524695739290351e+01
7.674406961681857986e+00
1.540442246594242981e+01
1.493808742725202166e+01
4.266672429574062342e+00
1.935234577996747518e+01
4.309926219013614279e+00
1.203964159464664263e+01
5.325791445516001588e+00
2.876005531080668476e+01
1.892550864623538232e+01
2.191078768179207259e+01
1.060811011404778448e+01
8.466828323895963848e+00
2.191059274263357537e+01
4.975500969602216550e+00
1.062187885058143344e+01
7.156325746242335306e+00
2.769584237736029664e+01
1.506172204786401103e+01
3.696334982947082892e+01
2.701547871819913382e+01
4.209662003674115915e+00
6.484999757694990485e+00
1.459129782031918943e+01
1.452054280710667378e+01
5.148268723155744908e+00
9.438572576330596320e+00
6.377654308422530782e+00
2.073770166895435807e+01
1.399255562665514496e+01
2.161612560054649279e+01
5.697092602022807206e+00
2.275682703560694620e+01
6.840166664079450065e+00
1.015207418399995376e+01
7.012441521369369823e+00
1.587067588508505622e+01
2.057469123063884098e+01
9.974147063011837844e+00
8.391773389066845112e+00
6.919442041981398894e+00
5.454634562310237023e+00
1.475690044923137734e+01
1.179772459879748325e+01
2.017293761916802808e+01
5.654709329610807522e+00
2.677840338780630347e+01
3.032342119903871591e+01
1.902421017993399488e+01
1.855355377186463528e+01
1.645103145530603683e+01
8.243832080894721415e+00
5.214168619453846354e+00
1.621344113326925296e+01
2.436844306403063598e+01
5.430108168818716052e+00
7.698058080064313025e+00
1.252844214477449825e+01
4.831881779431700608e+00
1.241241177480738500e+01
2.551045207913596258e+01
1.624318900377082642e+01
4.878845300685256348e+00
1.070959767204178803e+01
1.778670788292492233e+01
6.741476098868129263e+00
2.898357357684821523e+01
2.619985086631922044e+01
1.683226399015314811e+01
5.341589985605867952e+01
1.633019998070874479e+01
2.081039993927753784e+01
3.521526904168505467e+01
2.123978762980772927e+01
1.132231628770406928e+01
4.007333241915940647e+00
1.355797073977181277e+01
1.993358008053026253e+01
9.167760238033148212e+00
1.239478110375714337e+01
9.789918716464242721e+00
1.943073164153663512e+01
4.768805773783412860e+00
3.997629086882476646e+00
1.991832203671449975e+01
3.291472719941061342e+01
2.639922697532347939e+01
5.371021464973786408e+00
2.326794240239458489e+01
1.005063101982329421e+01
1.642008587377671347e+01
3.133595206461883365e+01
5.572900914473462919e+00
9.491240185756016245e+00
2.614795952639671128e+01
4.605896562765232716e+01
1.204563458703782075e+01
4.364182938475961748e+01
2.687846582818950480e+01
7.375597389462745568e+00
5.010494163773904219e+00
1.445028382823835500e+01
9.012655058183842272e+00
1.729530821026905940e+01
1.457500502827748790e+01
4.974627996930521157e+00
9.563800557196739049e+00
1.323373866856591974e+01
3.331604969060040666e+00
3.401109236930692958e+01
7.178692057944825677e+00
1.085773114774833559e+01
4.394445146720938666e+00
1.420282969797892392e+01
1.858199382536404798e+01
1.356507834546789226e+01
2.802619680464687590e+01
9.154673050016304714e+00
4.275267608614171166e+01
8.220183845266317846e+00
7.636540407240121731e+00
2.054138932338369017e+01
7.120128680141810662e+00
1.099215504419264100e+01
1.383107257002977519e+01
4.675658840827494345e+01
2.170930364496306808e+01
1.101572819966064998e+01
5.795200161732379840e+00
6.938054124671439560e+00
6.463967241121151730e+00
4.285804138655068485e+00
1.411005107314917417e+01
7.263664304953491246e+00
7.069968619295120327e+00
7.109495347264833676e+00
2.218123080754015675e+01
3.190482080901106698e+01
3.067423978465141943e+01
1.598622287572832157e+01
8.393590610151631992e+00
1.030485131685670019e+01
3.536575455312170213e+00
5.151507375532053956e+00
2.625638862352593250e+01
3.673495645170487478e+01
3.135470067940519456e+01
8.880102951093677532e+00
1.761162704319721328e+01
1.499908790622120414e+01
1.217284246757517430e+01
9.618218234760551155e+00
6.126219664975787182e+00
9.797590135628269081e+00
3.147901783509062668e+01
5.791990748353125440e+00
4.508397743195074803e+00
1.037391719723802730e+01
8.757193089979489642e+00
3.371880516546578832e+01
3.092271398060221799e+01
4.893490125771933208e+01
1.674877460369600612e+01
6.194463351760214564e+00
1.751183057061291848e+01
2.208877601051424477e+01
1.557940730836038234e+01
1.077864580304414588e+01
2.449141536348848547e+01
1.628175951787139297e+01
4.291038168028767785e+01
3.065012674346379473e+00
1.620011174997506842e+01
2.245944101313834906e+01
2.371734900146154601e+01
5.549412278585533898e+01
7.024519690089363166e+01
3.139164996994857049e+01
5.417276444363739785e+00
3.009942857054311460e+01
2.978061155300344254e+01
1.927039257861579458e+01
3.366730342397521003e+00
3.649010229282616979e+00
2.121907904722477767e+01
1.710651064850321035e+01
1.297306624444254730e+01
3.562228751708482122e+01
2.308769919971593509e+01
7.081271008080672225e+00
2.427600288463695577e+01
1.311986745729153725e+01
3.008308990986709475e+01
7.175320095269666076e+00
9.659267731311704352e+00
9.618043289283415120e+00
4.557269709041176498e+01
4.158409962664740078e+01
4.529283692006828943e+01
2.801006604830211799e+01
1.125670496017305489e+01
3.941346253120678256e+01
2.877689524115344000e+01
1.817034256077419840e+01
5.806146171852410731e+01
7.257866417895456834e+00
4.033426932265214759e+01
8.319201950207354201e+00
5.137325968429824030e+01
1.093213969226686011e+01
2.888962230145512322e+01
5.892767853208090045e+00
8.315874026977745359e+00
3.079767382597702152e+01
1.029747348534813156e+01
1.331908388839908852e+01
2.538675883765476726e+01
3.422375224411712935e+01
4.183523908619497078e+00
1.425239045089229784e+01
1.979165352838214886e+01
2.456455227569115252e+01
1.506023059634014238e+01
7.204928931157270178e+00
2.545468939999529923e+01
5.263866360900815167e+00
1.508407326891288314e+01
9.415978538821100585e+00
1.028419375228971155e+01
1.798643458879410062e+01
1.090689333688321661e+01
1.441962382681917987e+01
3.143050149342341726e+01
5.099608368043307749e+00
1.121045571446558142e+01
3.204767132822575348e+01
5.536045246655965713e+01
4.788383681311820084e+01
6.137011518978401803e+00
9.339749444256367994e+00
3.218643219439690029e+01
2.934095300605298462e+01
2.657604400544038370e+01
5.034610772468436579e+00
1.542031633521317779e+01
2.611697187422968014e+01
8.840662808309321719e+00
1.740409773916000091e+01
1.523116780432829742e+01
4.390641187635495157e+00
7.537654379948006245e+00
1.368172651449676991e+01
3.427687213892663287e+00
1.231959216058918649e+01
1.663531112998545325e+01
3.909698913754878902e+01
2.303137496788944105e+01
3.031018088360989182e+01
3.627834468228748221e+00
4.432382682867896939e+00
1.730507092561504834e+01
3.228439278942161650e+01
2.507759211769337071e+01
4.525998481990548328e+01
1.658531708434287921e+01
9.686244351731071234e+00
3.096561377921134284e+00
5.055501511280517946e+01
1.790522080388547010e+01
2.363570183824973370e+01
5.581836206489664498e+00
2.573090906379227150e+01
2.950217659904708611e+01
1.311180814233934910e+01
1.519520759112185715e+01
3.670332159506485947e+00
1.842167517956656653e+01
2.863338527950584833e+01
7.335785954116721186e+00
1.179160832370259016e+01
1.315786323588247164e+01
8.452125223742726234e+00
7.376335360641827599e+00
4.568970621011818878e+01
5.532360313106010352e+01
1.854417146175105202e+01
5.472569920828607337e+01
1.238002909458216116e+01
1.029004985913439718e+01
2.572498148242521054e+01
1.265964350421062257e+01
2.285480252953286140e+01
2.114215695752532653e+01
2.864322396471765941e+01
1.828370979953256992e+01
1.167452225171093616e+01
1.042076482087135325e+01
2.040955972106752725e+01
8.462396692267395437e+00
1.942661618432335757e+01
1.837720488544025699e+01
6.200538831688722219e+00
3.652317573783710358e+00
1.219937749642548575e+01
7.167974100760384104e+00
1.698769010981944305e+01
1.739104228597089019e+01
5.073663742592112946e+00
9.662591361143931579e+00
