2.044523600000000000e+07
2.061674400000000000e+07
2.061674400000000000e+07
2.061674400000000000e+07
2.066677600000000000e+07
2.066677600000000000e+07
2.066677600000000000e+07
2.066677600000000000e+07
2.066677600000000000e+07
2.066677600000000000e+07
2.066677600000000000e+07
2.068357600000000000e+07
2.068829600000000000e+07
2.068934800000000000e+07
2.068935600000000000e+07
2.068936800000000000e+07
2.068972400000000000e+07
2.068976800000000000e+07
2.072525600000000000e+07
2.072589600000000000e+07
2.072670000000000000e+07
2.072858000000000000e+07
2.072873200000000000e+07
2.072968400000000000e+07
2.073087600000000000e+07
2.073087600000000000e+07
2.073087600000000000e+07
2.073087600000000000e+07
2.073087600000000000e+07
2.073087600000000000e+07
2.073087600000000000e+07
2.073087600000000000e+07
2.073087600000000000e+07
2.073087600000000000e+07
2.073087600000000000e+07
2.073087600000000000e+07
2.073087600000000000e+07
2.073087600000000000e+07
2.073087600000000000e+07
2.073087600000000000e+07
2.073087600000000000e+07
2.073087600000000000e+07
2.073087600000000000e+07
2.073087600000000000e+07
2.073087600000000000e+07
2.073087600000000000e+07
2.073087600000000000e+07
2.073087600000000000e+07
2.073087600000000000e+07
2.073087600000000000e+07
2.073087600000000000e+07
2.073087600000000000e+07
2.073087600000000000e+07
2.073087600000000000e+07
2.073087600000000000e+07
2.073087600000000000e+07
2.073087600000000000e+07
2.073087600000000000e+07
2.073087600000000000e+07
2.073087600000000000e+07
2.073087600000000000e+07
2.073087600000000000e+07
2.073087600000000000e+07
2.073087600000000000e+07
2.073087600000000000e+07
2.073087600000000000e+07
2.073087600000000000e+07
2.073087600000000000e+07
2.073087600000000000e+07
2.073087600000000000e+07
2.073087600000000000e+07
2.073087600000000000e+07
2.073087600000000000e+07
2.073087600000000000e+07
2.073087600000000000e+07
2.073087600000000000e+07
2.073087600000000000e+07
2.073087600000000000e+07
2.073087600000000000e+07
2.073087600000000000e+07
2.073087600000000000e+07
2.073087600000000000e+07
2.073087600000000000e+07
2.073087600000000000e+07
2.073087600000000000e+07
2.073087600000000000e+07
2.073087600000000000e+07
2.073087600000000000e+07
2.073087600000000000e+07
2.073087600000000000e+07
2.073087600000000000e+07
2.073087600000000000e+07
2.073087600000000000e+07
2.073087600000000000e+07
2.073087600000000000e+07
2.073087600000000000e+07
2.073087600000000000e+07
2.073087600000000000e+07
2.073087600000000000e+07
2.073087600000000000e+07
2.073087600000000000e+07
2.073087600000000000e+07
2.073087600000000000e+07
2.073087600000000000e+07
2.073087600000000000e+07
2.073087600000000000e+07
2.073087600000000000e+07
2.073087600000000000e+07
2.073087600000000000e+07
2.073087600000000000e+07
2.073087600000000000e+07
2.073087600000000000e+07
2.073087600000000000e+07
2.073087600000000000e+07
2.073087600000000000e+07
2.073087600000000000e+07
2.073087600000000000e+07
2.073087600000000000e+07
2.073087600000000000e+07
2.073087600000000000e+07
2.073087600000000000e+07
2.073087600000000000e+07
2.073087600000000000e+07
2.073087600000000000e+07
2.073087600000000000e+07
2.073087600000000000e+07
2.073087600000000000e+07
2.073087600000000000e+07
2.073087600000000000e+07
2.073087600000000000e+07
2.073087600000000000e+07
2.073087600000000000e+07
2.073087600000000000e+07
2.073087600000000000e+07
2.073087600000000000e+07
2.073087600000000000e+07
2.073087600000000000e+07
2.073087600000000000e+07
2.073087600000000000e+07
2.073087600000000000e+07
2.073087600000000000e+07
2.073087600000000000e+07
2.073087600000000000e+07
2.073087600000000000e+07
2.073087600000000000e+07
2.073087600000000000e+07
2.073087600000000000e+07
2.073087600000000000e+07
2.073087600000000000e+07
2.073087600000000000e+07
2.073087600000000000e+07
2.073087600000000000e+07
2.073087600000000000e+07
2.073087600000000000e+07
2.073087600000000000e+07
2.073087600000000000e+07
2.073087600000000000e+07
2.073087600000000000e+07
2.073087600000000000e+07
2.073087600000000000e+07
2.073087600000000000e+07
2.073087600000000000e+07
2.073087600000000000e+07
2.073087600000000000e+07
2.073087600000000000e+07
2.073087600000000000e+07
2.073087600000000000e+07
2.073087600000000000e+07
2.073087600000000000e+07
2.073087600000000000e+07
2.073087600000000000e+07
2.073087600000000000e+07
2.073087600000000000e+07
2.073087600000000000e+07
2.073087600000000000e+07
2.073087600000000000e+07
2.073087600000000000e+07
2.073087600000000000e+07
2.073087600000000000e+07
2.073087600000000000e+07
2.073087600000000000e+07
2.073087600000000000e+07
2.073087600000000000e+07
2.073087600000000000e+07
2.073087600000000000e+07
2.073087600000000000e+07
2.073087600000000000e+07
2.073087600000000000e+07
2.073087600000000000e+07
2.073087600000000000e+07
2.073087600000000000e+07
2.073087600000000000e+07
2.073087600000000000e+07
2.073087600000000000e+07
2.073087600000000000e+07
2.073087600000000000e+07
2.073087600000000000e+07
2.073087600000000000e+07
2.073087600000000000e+07
2.073087600000000000e+07
2.073087600000000000e+07
2.073087600000000000e+07
2.073087600000000000e+07
2.073087600000000000e+07
2.073087600000000000e+07
2.073087600000000000e+07
2.073087600000000000e+07
2.073087600000000000e+07
2.073087600000000000e+07
2.073087600000000000e+07
2.073087600000000000e+07
2.073087600000000000e+07
2.073087600000000000e+07
2.073087600000000000e+07
2.073087600000000000e+07
2.073087600000000000e+07
2.073087600000000000e+07
2.073087600000000000e+07
2.073087600000000000e+07
2.073087600000000000e+07
2.073087600000000000e+07
2.073087600000000000e+07
2.073087600000000000e+07
2.073087600000000000e+07
2.073087600000000000e+07
2.073087600000000000e+07
2.073087600000000000e+07
2.073087600000000000e+07
2.073087600000000000e+07
2.073087600000000000e+07
2.073087600000000000e+07
2.073087600000000000e+07
2.073087600000000000e+07
2.073087600000000000e+07
2.073087600000000000e+07
2.073087600000000000e+07
2.073087600000000000e+07
2.073087600000000000e+07
2.073087600000000000e+07
2.073087600000000000e+07
2.073087600000000000e+07
2.073087600000000000e+07
2.073087600000000000e+07
2.073087600000000000e+07
2.073087600000000000e+07
2.073087600000000000e+07
2.073087600000000000e+07
2.073087600000000000e+07
2.073087600000000000e+07
2.073087600000000000e+07
2.073087600000000000e+07
2.073087600000000000e+07
2.073087600000000000e+07
2.073087600000000000e+07
2.073087600000000000e+07
2.073087600000000000e+07
2.073087600000000000e+07
2.073087600000000000e+07
2.073087600000000000e+07
2.073087600000000000e+07
2.073087600000000000e+07
2.073087600000000000e+07
2.073087600000000000e+07
2.073087600000000000e+07
2.073087600000000000e+07
2.073087600000000000e+07
2.073087600000000000e+07
2.073087600000000000e+07
2.073087600000000000e+07
2.073087600000000000e+07
2.073087600000000000e+07
2.073087600000000000e+07
2.073087600000000000e+07
2.073087600000000000e+07
2.073087600000000000e+07
2.073087600000000000e+07
2.073087600000000000e+07
2.073087600000000000e+07
2.073087600000000000e+07
2.073087600000000000e+07
2.073087600000000000e+07
2.073087600000000000e+07
2.073087600000000000e+07
2.073087600000000000e+07
2.073087600000000000e+07
2.073087600000000000e+07
2.073087600000000000e+07
2.073087600000000000e+07
2.073087600000000000e+07
2.073087600000000000e+07
2.073087600000000000e+07
2.073087600000000000e+07
2.073087600000000000e+07
2.073087600000000000e+07
2.073087600000000000e+07
2.073087600000000000e+07
2.073087600000000000e+07
2.073087600000000000e+07
2.073087600000000000e+07
2.073087600000000000e+07
2.073087600000000000e+07
2.073087600000000000e+07
2.073087600000000000e+07
2.073087600000000000e+07
2.073087600000000000e+07
2.073087600000000000e+07
2.073087600000000000e+07
2.073087600000000000e+07
2.073087600000000000e+07
2.073087600000000000e+07
2.073087600000000000e+07
2.073087600000000000e+07
2.073087600000000000e+07
2.073087600000000000e+07
2.073087600000000000e+07
2.073087600000000000e+07
2.073087600000000000e+07
2.073087600000000000e+07
2.073087600000000000e+07
2.073087600000000000e+07
2.073087600000000000e+07
2.073087600000000000e+07
2.073087600000000000e+07
2.073087600000000000e+07
2.073087600000000000e+07
2.073087600000000000e+07
2.073087600000000000e+07
2.073087600000000000e+07
2.073087600000000000e+07
2.073087600000000000e+07
2.073087600000000000e+07
2.073087600000000000e+07
2.073087600000000000e+07
2.073087600000000000e+07
2.073087600000000000e+07
2.073087600000000000e+07
2.073087600000000000e+07
2.073087600000000000e+07
2.073087600000000000e+07
2.073087600000000000e+07
2.073087600000000000e+07
2.073087600000000000e+07
2.073087600000000000e+07
2.073087600000000000e+07
2.073087600000000000e+07
2.073087600000000000e+07
2.073087600000000000e+07
2.073087600000000000e+07
2.073087600000000000e+07
2.073087600000000000e+07
2.073087600000000000e+07
2.073087600000000000e+07
2.073087600000000000e+07
2.073087600000000000e+07
2.073087600000000000e+07
2.073087600000000000e+07
2.073087600000000000e+07
2.073087600000000000e+07
2.073087600000000000e+07
2.073087600000000000e+07
2.073087600000000000e+07
2.073087600000000000e+07
2.073087600000000000e+07
2.073087600000000000e+07
2.073087600000000000e+07
2.073087600000000000e+07
2.073087600000000000e+07
2.073087600000000000e+07
2.073087600000000000e+07
2.073087600000000000e+07
2.073087600000000000e+07
2.073087600000000000e+07
2.073087600000000000e+07
2.073087600000000000e+07
2.073087600000000000e+07
2.073087600000000000e+07
2.073087600000000000e+07
2.073087600000000000e+07
2.073087600000000000e+07
2.073087600000000000e+07
2.073087600000000000e+07
2.073087600000000000e+07
2.073087600000000000e+07
2.073087600000000000e+07
2.073087600000000000e+07
2.073087600000000000e+07
2.073087600000000000e+07
2.073087600000000000e+07
2.073087600000000000e+07
2.073087600000000000e+07
2.073087600000000000e+07
2.073087600000000000e+07
2.073087600000000000e+07
2.073087600000000000e+07
2.073087600000000000e+07
2.073087600000000000e+07
2.073087600000000000e+07
2.073087600000000000e+07
2.073087600000000000e+07
2.073087600000000000e+07
2.073087600000000000e+07
2.073087600000000000e+07
2.073087600000000000e+07
2.073087600000000000e+07
2.073087600000000000e+07
2.073087600000000000e+07
2.073087600000000000e+07
2.073087600000000000e+07
2.073087600000000000e+07
2.073087600000000000e+07
2.073087600000000000e+07
2.073087600000000000e+07
2.073087600000000000e+07
2.073087600000000000e+07
2.073087600000000000e+07
2.073087600000000000e+07
2.073087600000000000e+07
2.073087600000000000e+07
2.073087600000000000e+07
2.073087600000000000e+07
2.073087600000000000e+07
2.073087600000000000e+07
2.073087600000000000e+07
2.073087600000000000e+07
2.073087600000000000e+07
2.073087600000000000e+07
2.073087600000000000e+07
2.073087600000000000e+07
2.073087600000000000e+07
2.073087600000000000e+07
2.073087600000000000e+07
2.073087600000000000e+07
2.073087600000000000e+07
2.073087600000000000e+07
2.073087600000000000e+07
2.073087600000000000e+07
2.073087600000000000e+07
2.073087600000000000e+07
2.073087600000000000e+07
2.073087600000000000e+07
2.073087600000000000e+07
2.073087600000000000e+07
2.073087600000000000e+07
2.073087600000000000e+07
2.073087600000000000e+07
2.073087600000000000e+07
2.073087600000000000e+07
2.073087600000000000e+07
2.073087600000000000e+07
2.073087600000000000e+07
2.073087600000000000e+07
2.073087600000000000e+07
2.073087600000000000e+07
2.073087600000000000e+07
2.073087600000000000e+07
2.073087600000000000e+07
2.073087600000000000e+07
2.073087600000000000e+07
2.073087600000000000e+07
2.073087600000000000e+07
2.073087600000000000e+07
2.073087600000000000e+07
2.073087600000000000e+07
2.073087600000000000e+07
2.073087600000000000e+07
2.073087600000000000e+07
2.073087600000000000e+07
2.073087600000000000e+07
2.073087600000000000e+07
2.073087600000000000e+07
2.073087600000000000e+07
2.073087600000000000e+07
2.073087600000000000e+07
2.073087600000000000e+07
2.073087600000000000e+07
2.073087600000000000e+07
2.073087600000000000e+07
2.073087600000000000e+07
2.073087600000000000e+07
2.073087600000000000e+07
2.073087600000000000e+07
2.073087600000000000e+07
2.073087600000000000e+07
2.073087600000000000e+07
2.073087600000000000e+07
2.073087600000000000e+07
2.073087600000000000e+07
2.073087600000000000e+07
2.073087600000000000e+07
2.073087600000000000e+07
2.073087600000000000e+07
2.073087600000000000e+07
2.073087600000000000e+07
2.073087600000000000e+07
2.073087600000000000e+07
2.073087600000000000e+07
2.073087600000000000e+07
2.073087600000000000e+07
2.073087600000000000e+07
2.073087600000000000e+07
2.073087600000000000e+07
2.073087600000000000e+07
2.073087600000000000e+07
2.073087600000000000e+07
2.073087600000000000e+07
2.073087600000000000e+07
2.073087600000000000e+07
2.073087600000000000e+07
2.073087600000000000e+07
2.073087600000000000e+07
2.073087600000000000e+07
2.073087600000000000e+07
2.073087600000000000e+07
2.073087600000000000e+07
2.073087600000000000e+07
2.073087600000000000e+07
2.073087600000000000e+07
2.073087600000000000e+07
2.073087600000000000e+07
2.073087600000000000e+07
2.073087600000000000e+07
2.073087600000000000e+07
2.073087600000000000e+07
2.073087600000000000e+07
2.073087600000000000e+07
2.073087600000000000e+07
2.073087600000000000e+07
2.073087600000000000e+07
2.073087600000000000e+07
2.073087600000000000e+07
2.073087600000000000e+07
2.073087600000000000e+07
2.073087600000000000e+07
2.073087600000000000e+07
2.073087600000000000e+07
2.073087600000000000e+07
2.073087600000000000e+07
2.073087600000000000e+07
2.073087600000000000e+07
2.073087600000000000e+07
2.073087600000000000e+07
2.073087600000000000e+07
2.073087600000000000e+07
2.073087600000000000e+07
2.073087600000000000e+07
2.073087600000000000e+07
2.073087600000000000e+07
2.073087600000000000e+07
2.073087600000000000e+07
2.073087600000000000e+07
2.073087600000000000e+07
2.073087600000000000e+07
2.073087600000000000e+07
2.073087600000000000e+07
2.073087600000000000e+07
2.073087600000000000e+07
2.073087600000000000e+07
2.073087600000000000e+07
2.073087600000000000e+07
2.073087600000000000e+07
2.073087600000000000e+07
2.073087600000000000e+07
2.073087600000000000e+07
2.073087600000000000e+07
2.073087600000000000e+07
2.073087600000000000e+07
2.073087600000000000e+07
2.073087600000000000e+07
2.073087600000000000e+07
2.073087600000000000e+07
2.073087600000000000e+07
2.073087600000000000e+07
2.073087600000000000e+07
2.073087600000000000e+07
2.073087600000000000e+07
2.073087600000000000e+07
2.073087600000000000e+07
2.073087600000000000e+07
2.073087600000000000e+07
2.073087600000000000e+07
2.073087600000000000e+07
2.073087600000000000e+07
2.073087600000000000e+07
2.073087600000000000e+07
2.073087600000000000e+07
2.073087600000000000e+07
2.073087600000000000e+07
2.073087600000000000e+07
2.073087600000000000e+07
2.073087600000000000e+07
2.073087600000000000e+07
2.073087600000000000e+07
2.073087600000000000e+07
2.073087600000000000e+07
2.073087600000000000e+07
2.073087600000000000e+07
2.073087600000000000e+07
2.073087600000000000e+07
2.073087600000000000e+07
2.073087600000000000e+07
2.073087600000000000e+07
2.073087600000000000e+07
2.073087600000000000e+07
2.073087600000000000e+07
2.073087600000000000e+07
2.073087600000000000e+07
2.073087600000000000e+07
2.073087600000000000e+07
2.073087600000000000e+07
2.073087600000000000e+07
2.073087600000000000e+07
2.073087600000000000e+07
2.073087600000000000e+07
2.073087600000000000e+07
2.073087600000000000e+07
2.073087600000000000e+07
2.073087600000000000e+07
2.073087600000000000e+07
2.073087600000000000e+07
2.073087600000000000e+07
2.073087600000000000e+07
2.073087600000000000e+07
2.073087600000000000e+07
2.073087600000000000e+07
2.073087600000000000e+07
2.073087600000000000e+07
2.073087600000000000e+07
2.073087600000000000e+07
2.073087600000000000e+07
2.073087600000000000e+07
2.073087600000000000e+07
2.073087600000000000e+07
2.073087600000000000e+07
2.073087600000000000e+07
2.073087600000000000e+07
2.073087600000000000e+07
2.073087600000000000e+07
2.073087600000000000e+07
2.073087600000000000e+07
2.073087600000000000e+07
2.073087600000000000e+07
2.073087600000000000e+07
2.073087600000000000e+07
2.073087600000000000e+07
2.073087600000000000e+07
2.073087600000000000e+07
2.073087600000000000e+07
2.073087600000000000e+07
2.073087600000000000e+07
2.073087600000000000e+07
2.073087600000000000e+07
2.073087600000000000e+07
2.073087600000000000e+07
2.073087600000000000e+07
2.073087600000000000e+07
2.073087600000000000e+07
2.073087600000000000e+07
2.073087600000000000e+07
2.073087600000000000e+07
2.073087600000000000e+07
2.073087600000000000e+07
2.073087600000000000e+07
2.073087600000000000e+07
2.073087600000000000e+07
2.073087600000000000e+07
2.073087600000000000e+07
2.073087600000000000e+07
2.073087600000000000e+07
2.073087600000000000e+07
2.073087600000000000e+07
2.073087600000000000e+07
2.073087600000000000e+07
2.073087600000000000e+07
2.073087600000000000e+07
2.073087600000000000e+07
2.073087600000000000e+07
2.073087600000000000e+07
2.073087600000000000e+07
2.073087600000000000e+07
2.073087600000000000e+07
2.073087600000000000e+07
2.073087600000000000e+07
2.073087600000000000e+07
2.073087600000000000e+07
2.073087600000000000e+07
2.073087600000000000e+07
2.073087600000000000e+07
2.073087600000000000e+07
2.073087600000000000e+07
2.073087600000000000e+07
2.073087600000000000e+07
2.073087600000000000e+07
2.073087600000000000e+07
2.073087600000000000e+07
2.073087600000000000e+07
2.073087600000000000e+07
2.073087600000000000e+07
2.073087600000000000e+07
2.073087600000000000e+07
2.073087600000000000e+07
2.073087600000000000e+07
2.073087600000000000e+07
2.073087600000000000e+07
2.073087600000000000e+07
2.073087600000000000e+07
2.073087600000000000e+07
2.073087600000000000e+07
2.073087600000000000e+07
2.073087600000000000e+07
2.073087600000000000e+07
2.073087600000000000e+07
2.073087600000000000e+07
2.073087600000000000e+07
2.073087600000000000e+07
2.073087600000000000e+07
2.073087600000000000e+07
2.073087600000000000e+07
2.073087600000000000e+07
2.073087600000000000e+07
2.073087600000000000e+07
2.073087600000000000e+07
2.073087600000000000e+07
2.073087600000000000e+07
2.073087600000000000e+07
2.073087600000000000e+07
2.073087600000000000e+07
2.073087600000000000e+07
2.073087600000000000e+07
2.073087600000000000e+07
2.073087600000000000e+07
2.073087600000000000e+07
