3.497883946895599117e-01
9.697746348381042214e-02
9.661176204681395929e-02
9.646088123321533425e-02
9.645368576049805076e-02
9.637374401092529963e-02
9.622325968742370672e-02
9.625674986839294345e-02
9.635282158851624090e-02
9.632795095443726086e-02
9.621571874618529974e-02
9.629935622215271551e-02
9.627376914024353416e-02
9.636916208267211348e-02
9.631695580482482755e-02
9.626309180259703946e-02
9.620999741554260576e-02
9.630031466484069436e-02
9.626802062988280839e-02
9.642005443572998491e-02
9.631982588768005227e-02
9.628180098533629938e-02
9.640983915328979470e-02
9.648121833801269476e-02
9.615489983558654641e-02
9.661892580986022883e-02
9.649634385108947499e-02
9.653561258316040172e-02
9.647602748870849620e-02
9.663687586784362737e-02
9.660463833808899392e-02
9.663834023475646740e-02
9.656398177146911788e-02
9.662907624244690408e-02
9.654257631301879639e-02
9.662415242195129816e-02
9.652694821357726829e-02
9.661928987503051736e-02
9.677001500129699119e-02
9.677526974678039851e-02
9.669949245452881537e-02
9.676818394660949285e-02
9.676664209365844205e-02
9.670141053199768355e-02
9.669251394271850819e-02
9.677883529663086626e-02
9.673360800743102672e-02
9.676780676841735540e-02
9.692313218116760387e-02
9.676159739494323564e-02
9.660958957672119429e-02
9.665112423896789207e-02
9.671442341804505072e-02
9.671722626686096724e-02
9.712127733230591087e-02
9.684410834312438821e-02
9.674249076843262352e-02
9.692639040946959827e-02
9.671727371215819991e-02
9.658314228057861273e-02
9.681267952919006547e-02
9.683981823921203325e-02
9.673612141609191917e-02
9.685604500770568503e-02
9.693922829627990567e-02
9.683430767059325595e-02
9.692887258529662986e-02
9.695145153999328025e-02
9.661292028427123646e-02
9.611222672462463312e-02
9.593432784080505038e-02
9.571877717971802313e-02
9.562652444839477017e-02
9.548403525352477939e-02
9.552496957778930375e-02
9.561363196372986428e-02
9.565641093254088900e-02
9.562071013450622325e-02
9.566742300987243763e-02
9.562153434753417613e-02
9.556170439720153287e-02
9.570637464523315541e-02
9.673225045204163208e-02
9.666590666770935592e-02
9.655824780464172807e-02
9.662370204925536943e-02
9.673596096038818148e-02
9.671823954582214888e-02
9.664267349243163552e-02
9.666692900657654353e-02
9.645024633407592307e-02
9.670561575889587147e-02
9.663182616233825795e-02
9.657787370681762684e-02
9.645406985282897749e-02
9.658881950378417347e-02
9.654537606239319003e-02
9.667473602294922308e-02
9.682757091522216364e-02
9.677589273452759377e-02
9.671978521347045221e-02
9.670192408561706365e-02
9.679968571662903032e-02
9.679553055763244485e-02
9.678072357177734675e-02
9.683415079116820812e-02
9.681466412544249833e-02
9.696295452117920100e-02
9.687964200973510354e-02
9.668157434463500732e-02
9.665140962600707319e-02
9.688710045814513672e-02
9.689912223815917713e-02
9.689402222633361483e-02
9.681272983551025835e-02
9.687870526313781261e-02
9.677965164184570979e-02
9.677996540069580544e-02
9.693918919563293546e-02
9.690925717353821023e-02
9.694391679763793290e-02
9.686581873893737593e-02
9.686938786506653354e-02
9.687459945678711382e-02
9.691398382186890148e-02
9.681259989738463800e-02
9.672914934158324818e-02
9.677449250221252519e-02
9.689706516265869651e-02
9.682426762580871593e-02
9.676993942260742054e-02
9.683200383186339744e-02
9.683015394210815752e-02
9.686240601539611306e-02
9.685625529289246249e-02
9.688415360450744473e-02
9.687829732894898127e-02
9.688302040100098267e-02
9.692279601097106290e-02
9.716648030281066495e-02
9.734582042694091275e-02
9.711455917358398360e-02
9.701622891426085749e-02
9.700935864448546886e-02
9.712381386756896440e-02
9.706192255020142101e-02
9.706054162979126099e-02
9.718004298210143610e-02
9.700471830368041781e-02
9.691667604446410622e-02
9.703845810890197876e-02
9.722532320022582442e-02
9.749479532241821234e-02
9.719121861457824529e-02
9.725276660919189575e-02
9.734977817535400701e-02
9.714180564880371682e-02
9.700503373146057706e-02
9.736452674865722634e-02
9.717870545387267966e-02
9.703302597999573231e-02
9.702300763130188022e-02
9.751712298393248879e-02
9.744834303855895441e-02
9.746001553535461881e-02
9.725440740585326871e-02
9.721602749824523326e-02
9.736496043205261630e-02
9.725719475746154308e-02
9.711927294731140248e-02
9.723718142509460427e-02
9.741565680503845581e-02
9.734869313240050726e-02
9.718057751655578835e-02
9.722266006469726385e-02
9.722995924949645596e-02
9.699429631233215388e-02
9.747678422927856523e-02
9.701146507263183616e-02
9.698839950561523315e-02
9.710748124122620117e-02
9.728884196281432917e-02
9.700690221786499590e-02
9.691809058189392034e-02
9.693261981010437012e-02
9.718169975280761819e-02
9.677582669258118220e-02
9.722746515274047208e-02
9.684182810783385775e-02
9.687211179733276611e-02
9.672361445426941318e-02
9.719033622741699019e-02
9.700950312614441129e-02
9.679964590072631658e-02
9.669881296157836759e-02
9.677787470817565685e-02
9.681552410125732200e-02
9.708185124397278321e-02
9.688652992248535101e-02
9.716894698143005438e-02
9.701524162292481102e-02
9.720356822013855036e-02
9.689052534103394232e-02
9.704015707969665394e-02
9.713873982429505061e-02
9.712013077735900946e-02
9.705465245246887307e-02
9.701067256927489724e-02
9.713379192352294966e-02
9.772341656684875588e-02
9.702500247955322954e-02
9.739160418510436901e-02
9.702438116073608398e-02
9.700822615623473644e-02
9.706047511100769631e-02
9.742392587661742598e-02
9.734572076797484708e-02
9.715176582336425282e-02
9.740745258331298673e-02
9.707232856750488970e-02
9.710257863998413008e-02
9.727400946617126287e-02
9.718392014503479670e-02
9.709980845451354758e-02
9.739358162879943603e-02
9.728577470779418979e-02
9.752201652526855391e-02
9.792800498008727428e-02
9.733536934852600464e-02
9.736124277114868719e-02
9.744453811645507890e-02
9.727018737792968162e-02
9.731508803367615312e-02
9.724334168434142778e-02
9.742263245582580278e-02
9.738321590423583418e-02
9.729887413978575983e-02
9.719828104972839944e-02
9.718050241470337081e-02
9.728767752647399236e-02
9.752408123016356734e-02
9.737689113616943004e-02
9.720887231826781660e-02
9.728242492675781561e-02
9.719324541091918512e-02
9.733959388732910112e-02
9.745045304298401156e-02
9.729061770439148549e-02
9.732946801185607399e-02
9.716167759895324996e-02
9.740507745742797707e-02
9.763383507728576327e-02
9.734092998504638439e-02
9.721458172798157216e-02
9.781379771232605325e-02
9.758024597167969105e-02
9.754606246948242798e-02
9.771969652175903354e-02
9.760817694664002120e-02
9.755328679084777910e-02
9.778200483322144199e-02
9.770651650428771595e-02
9.778105449676513516e-02
9.752080965042114746e-02
9.757430410385131703e-02
9.750863265991210893e-02
9.753896450996399348e-02
9.753767490386962280e-02
9.758821702003478427e-02
9.748412442207336770e-02
9.760318875312805342e-02
9.761608839035033902e-02
9.747643375396727872e-02
9.746592283248901867e-02
9.738560938835144620e-02
9.741431307792663974e-02
9.735872697830200151e-02
9.741659069061278653e-02
9.741099262237548628e-02
9.737823557853698964e-02
9.746026325225830289e-02
9.738219118118286721e-02
9.746071696281433105e-02
9.770075798034667802e-02
9.754840111732482333e-02
9.749287152290343761e-02
9.766856479644775435e-02
9.747045278549194836e-02
9.760665559768676169e-02
9.773314499855041693e-02
9.779932475090026556e-02
9.763196349143982156e-02
9.781218385696410778e-02
9.755519318580627153e-02
9.753275513648987372e-02
9.767112517356872636e-02
9.771945166587829579e-02
9.762489461898803123e-02
9.767037463188171786e-02
9.771519565582274802e-02
9.759829998016357477e-02
9.773989439010620506e-02
9.773644590377807140e-02
9.772243499755858820e-02
9.760299682617187833e-02
9.765803408622741877e-02
9.773782825469970459e-02
9.781932210922240911e-02
9.780652546882628862e-02
9.767231130599975109e-02
9.775954914093017145e-02
9.778661394119263217e-02
9.792168688774108287e-02
9.779726219177245494e-02
9.773636174201964788e-02
9.781663155555725409e-02
9.777470636367797951e-02
9.785648345947266236e-02
9.778912949562072743e-02
9.770633268356322676e-02
9.775351428985595836e-02
9.761659741401672308e-02
9.772077274322510387e-02
9.766714382171630404e-02
9.759046888351440019e-02
9.754029369354247359e-02
9.755470705032348588e-02
9.768662858009338756e-02
9.761064624786376653e-02
9.749129319190978638e-02
9.743780446052550948e-02
9.744806861877441939e-02
9.745834660530090787e-02
9.741997551918030185e-02
9.735783290863037065e-02
9.765326476097106745e-02
9.744063854217528686e-02
9.751736807823181696e-02
9.742167973518371660e-02
9.749105477333068481e-02
9.806773042678833263e-02
9.796766304969788119e-02
9.794181442260742332e-02
9.800102114677429477e-02
9.802973055839538097e-02
9.800039553642272971e-02
9.794849514961243009e-02
9.792305874824523693e-02
9.791256618499756537e-02
9.789349460601806663e-02
9.792333745956420532e-02
9.794920158386230535e-02
9.796009683609008256e-02
9.786995792388916704e-02
9.790826392173766768e-02
9.791140675544739158e-02
9.791772460937500644e-02
9.791785812377930276e-02
9.810940980911254938e-02
9.808907961845397816e-02
9.813288998603821034e-02
9.807497525215148892e-02
9.782759094238281661e-02
9.791283059120178822e-02
9.796657896041870150e-02
9.797328162193298662e-02
9.792636609077454146e-02
9.794795560836791481e-02
9.819543194770813388e-02
9.835591697692870616e-02
9.799167537689208729e-02
9.810213041305541892e-02
9.817158102989197166e-02
9.807713937759399148e-02
9.804586696624756348e-02
9.805868530273437189e-02
9.810382342338562489e-02
9.809134316444396984e-02
9.814823055267334062e-02
9.815603542327880349e-02
9.831887745857238736e-02
9.811644506454467174e-02
9.815972757339477828e-02
9.810184836387633722e-02
9.810917568206786732e-02
9.814268207550048972e-02
9.808974885940552335e-02
9.819785141944885332e-02
9.819017720222472656e-02
9.811641597747802757e-02
9.810332393646239990e-02
9.819741559028626054e-02
9.821997451782225885e-02
9.816982579231262052e-02
9.819826865196228105e-02
9.817956709861755393e-02
9.828211832046508667e-02
9.828061008453368996e-02
9.832641720771789773e-02
9.822722196578979881e-02
9.815592217445373580e-02
9.825341653823851940e-02
9.823651289939880349e-02
9.814348053932189786e-02
9.820335960388183738e-02
9.830169391632080644e-02
9.836625289916992032e-02
9.825145292282104481e-02
9.820577454566956077e-02
9.831448483467102040e-02
9.827564549446106412e-02
9.812266421318054099e-02
9.833441829681396906e-02
9.834316563606261552e-02
9.837737345695495017e-02
9.833704757690429898e-02
9.825649356842040827e-02
9.796476578712463856e-02
9.754426956176757979e-02
9.733672475814819647e-02
9.725827741622924960e-02
9.743066859245300138e-02
9.740351200103759821e-02
9.733430242538451682e-02
9.750783038139343439e-02
9.734557151794433205e-02
9.840746927261352639e-02
9.823444437980652366e-02
9.827270865440368430e-02
9.835176706314087414e-02
9.847857832908629705e-02
9.834176564216613736e-02
9.847655177116393377e-02
9.841033697128295787e-02
9.836048245429993009e-02
9.846733951568603649e-02
9.840819859504700007e-02
9.904169559478759322e-02
9.840235519409179510e-02
9.841276168823241688e-02
9.856511831283569502e-02
9.869765973091125522e-02
9.882284522056579423e-02
9.857476186752318903e-02
9.854026222229003706e-02
9.847126865386962580e-02
9.855390930175780828e-02
9.858741259574890781e-02
9.846641254425049505e-02
9.867052316665649025e-02
9.850102615356445823e-02
9.847862052917480402e-02
9.834132766723632790e-02
9.844936180114746693e-02
9.847870779037475042e-02
9.856019568443298573e-02
9.842043900489806652e-02
9.847029399871826127e-02
9.855006146430969616e-02
9.844543719291687367e-02
9.852692604064941517e-02
9.841294932365417247e-02
9.847698736190796387e-02
9.855060696601868064e-02
9.856626105308533004e-02
9.851792740821838090e-02
9.857527709007263272e-02
9.857976698875427213e-02
9.857207775115967019e-02
9.866095185279846747e-02
9.873716330528259366e-02
9.867822670936585161e-02
9.844875907897948641e-02
9.848955464363097489e-02
9.853845000267029419e-02
9.852065396308898326e-02
9.867627072334289595e-02
9.857980084419250277e-02
9.855361342430114802e-02
9.853545665740966186e-02
9.855659747123718395e-02
9.860969042778014448e-02
9.852702021598816473e-02
9.867546558380127508e-02
9.920186400413513739e-02
9.906347918510437223e-02
9.924835324287414884e-02
9.917999935150147162e-02
9.914463782310485584e-02
9.870716285705566362e-02
9.872539925575256337e-02
9.869485259056091919e-02
9.880916976928710849e-02
9.868928050994872636e-02
9.876467108726501298e-02
9.880975866317749656e-02
9.871887683868407759e-02
9.865104007720947032e-02
9.874745988845824718e-02
9.868306350708007380e-02
9.873730397224425581e-02
9.881016564369202171e-02
9.879989123344420920e-02
9.889351034164428622e-02
9.885077142715453791e-02
9.881454110145568293e-02
9.884275269508362161e-02
9.882056427001953414e-02
9.865396714210510065e-02
9.878711056709289784e-02
9.882403469085693226e-02
9.875691699981689609e-02
9.900329899787903287e-02
9.884529376029968506e-02
9.920302915573120384e-02
9.894935655593871393e-02
9.975948739051819503e-02
9.951229953765869385e-02
9.928726196289063000e-02
9.913547444343566439e-02
9.934769248962402322e-02
9.892336249351502131e-02
9.890935540199280451e-02
9.885837054252624712e-02
9.877599525451660756e-02
9.890141725540160800e-02
9.877922987937927390e-02
9.879312038421630970e-02
9.874528312683104880e-02
9.869366908073425038e-02
9.867416644096374534e-02
9.856688022613525890e-02
9.864834260940551214e-02
9.868271350860595426e-02
9.899883651733398793e-02
9.854124379158020475e-02
9.863007426261902189e-02
9.854821085929871272e-02
9.853055858612060069e-02
9.852759265899657670e-02
9.852399563789367154e-02
9.891311144828796031e-02
9.887794828414916970e-02
9.888703799247741677e-02
9.875724029541015081e-02
9.867067432403564542e-02
9.867300677299499501e-02
9.876610255241394243e-02
9.890428423881530984e-02
9.879709601402282548e-02
9.874531793594359952e-02
9.873365712165832475e-02
9.876502394676207885e-02
9.882661223411559615e-02
9.881723904609680809e-02
9.878893017768859697e-02
9.887910079956054032e-02
9.883372712135314597e-02
9.887640380859374911e-02
9.887267494201659734e-02
9.886821651458740923e-02
9.884097194671630227e-02
9.878502893447875521e-02
9.900975608825683671e-02
9.883287048339843561e-02
9.876110434532164861e-02
9.878218650817871538e-02
9.896242785453795987e-02
9.884766387939453169e-02
9.910151576995850087e-02
9.901902222633361672e-02
9.915494847297667835e-02
9.914994859695434870e-02
9.907252407073974254e-02
9.902962064743041359e-02
9.916484570503235341e-02
9.913926935195922774e-02
9.907817101478576249e-02
9.909226226806640281e-02
9.903166532516478882e-02
9.919921040534973589e-02
9.914626550674437988e-02
9.920039796829223377e-02
9.915072011947631547e-02
9.917397046089172774e-02
9.907498621940612205e-02
9.921031379699707387e-02
9.919675183296203236e-02
9.929120612144470837e-02
9.925215601921082154e-02
9.929818248748779885e-02
9.919155859947204057e-02
9.962740445137023559e-02
9.938756990432738581e-02
9.916866731643676769e-02
9.930162429809570590e-02
9.926073884963988736e-02
9.927594208717346880e-02
9.936517786979674749e-02
9.939288711547851485e-02
9.927717089653015359e-02
9.950227928161621549e-02
9.923494672775268199e-02
9.925559401512146218e-02
9.921316456794739003e-02
9.998349022865295199e-02
9.954133605957031505e-02
9.938529109954834240e-02
9.918436670303344693e-02
9.986245942115783147e-02
9.941180992126465166e-02
9.954838180541991655e-02
9.957027912139893022e-02
9.941464614868164573e-02
9.944013738632202781e-02
9.992428374290465709e-02
9.997245454788207530e-02
9.936432981491089000e-02
9.924698138236999478e-02
9.923724651336669755e-02
9.901471662521361961e-02
9.865600872039795299e-02
9.844823527336120372e-02
9.847473382949828435e-02
9.848446464538573863e-02
9.836559891700744074e-02
9.849124121665954468e-02
9.940446090698241977e-02
9.928598666191100486e-02
9.931871676445007402e-02
9.930619668960571911e-02
9.942246365547180442e-02
9.934173607826232710e-02
9.927714681625365856e-02
9.935104942321777710e-02
9.927249574661255183e-02
9.924988389015197698e-02
9.930930757522582475e-02
9.944049096107482333e-02
9.938348650932311845e-02
9.937884521484374734e-02
9.927184271812439231e-02
9.943408560752868552e-02
9.936469888687134155e-02
9.928409337997436135e-02
9.933208489418030029e-02
9.932834267616272306e-02
9.940658640861511908e-02
9.955777406692505049e-02
9.939121699333190729e-02
9.941097164154052979e-02
9.939989233016967296e-02
9.939034438133240168e-02
9.942522716522217419e-02
9.942114758491515936e-02
9.941361165046691539e-02
9.956144332885742687e-02
9.945675587654113914e-02
9.937815737724303711e-02
9.945239424705505649e-02
9.948297977447509433e-02
9.935613298416137718e-02
9.946972823143004905e-02
9.935691642761231013e-02
9.943178868293761630e-02
9.947760796546936679e-02
9.949010109901428034e-02
9.940105199813842329e-02
9.942564034461974509e-02
9.942120957374572798e-02
9.956354236602783792e-02
9.954704427719116011e-02
9.955353093147277510e-02
9.940863847732543668e-02
9.947331929206848500e-02
9.957006907463074319e-02
9.956687831878661965e-02
9.953213405609130648e-02
9.953796076774597268e-02
9.958294606208800692e-02
9.944087958335875999e-02
9.950541925430297918e-02
9.963524699211120939e-02
9.945564627647400513e-02
9.966175246238707930e-02
9.962717461585998691e-02
9.964628696441650557e-02
9.962568449974060214e-02
9.968538928031921154e-02
9.973294758796691362e-02
9.960488414764404053e-02
9.968411517143249689e-02
9.975754880905150779e-02
9.968231582641601252e-02
9.957588434219361018e-02
9.954461455345153809e-02
9.963280296325684182e-02
9.975480771064758334e-02
9.953377628326416648e-02
9.971323943138123147e-02
9.943472909927368597e-02
9.950952363014221869e-02
9.950832056999206476e-02
9.951580166816711981e-02
9.964174580574035323e-02
9.961143565177917047e-02
9.956019449234009000e-02
9.956437587738037331e-02
9.971335363388061923e-02
9.952288508415221835e-02
9.964183068275452027e-02
9.972580933570861228e-02
9.980529594421386208e-02
9.976968169212341309e-02
9.967646050453185524e-02
9.963553786277770663e-02
9.966561174392700451e-02
9.978552079200744829e-02
9.970454859733580977e-02
9.963578104972839466e-02
9.986138868331909113e-02
9.967361998558044167e-02
9.968943738937377508e-02
9.977087378501892090e-02
9.973029685020447233e-02
9.963528513908385953e-02
9.972284913063049483e-02
9.977818393707275912e-02
9.979190111160278487e-02
9.967139124870300071e-02
9.977688407897948586e-02
