1.515402713093277782e+02
1.342685690622821255e+02
1.431539694732815065e+02
1.522693782361472756e+02
1.607871570693576757e+02
1.462169638814439452e+02
1.355131222211111321e+02
1.254933740354733800e+02
1.204271644785734594e+02
1.263250287813762469e+02
1.282696350569486583e+02
1.151333946830410042e+02
1.218443383182849260e+02
1.060600132231656119e+02
8.937306610671851104e+01
9.935760992706285322e+01
6.073093602025641502e+01
8.055174742094314411e+01
5.396570676515645459e+01
7.612582239382959415e+01
4.165043105463706752e+01
4.677870488752104450e+01
9.059650545145187550e+01
5.215084911012518631e+01
3.014213302507262782e+01
7.861670263147205162e+01
3.387878589426679810e+01
3.166824622239129283e+01
4.917290990051136390e+01
4.718384153246142176e+01
2.572347581795533955e+01
2.399579712188052483e+01
2.277465857611208833e+01
4.917203844296897586e+01
3.219309286909977885e+01
4.004568409136737728e+01
2.470785368734802034e+01
3.436040793282062111e+01
3.987046500514784952e+01
1.744236051225538731e+01
4.037708348262708569e+01
2.474308309928644789e+01
2.105826085409230686e+01
1.266147977883513853e+01
3.463278026710004553e+01
4.076199173454307356e+01
3.724149268095762011e+01
2.975059894684184769e+01
2.370169290290121111e+01
2.356990037188369058e+01
1.866045879100960647e+01
1.664505476971278242e+01
1.298907760489461083e+01
3.315505399960677835e+01
2.175643219748767621e+01
2.374156806265155240e+01
3.077398339012976791e+01
2.306595768034600269e+01
2.881217963575932117e+01
1.860915684860928110e+01
2.435205770570064132e+01
2.593582453775672292e+01
2.351366723472167664e+01
1.560265219082209676e+01
2.244509113131084277e+01
2.431049018281793295e+01
2.038749161267496035e+01
4.393454675473034143e+01
1.058750711034563707e+01
2.343048902424982316e+01
1.361000829180572858e+01
2.750535633198490615e+01
1.118107123196999453e+01
1.880785670576833013e+01
1.413764072222641488e+01
1.046172078542991812e+01
1.298228218213063911e+01
1.460861003794120627e+01
8.440968270916751948e+00
1.567855013462629366e+01
1.902335002204982928e+01
2.082075679306498728e+01
2.325124211485078973e+01
1.078971984091265135e+01
2.605593521029753035e+01
1.624197418581137242e+01
2.209569214020085326e+01
3.402699448582065855e+01
3.103188194306332193e+01
1.933178890370223257e+01
2.977514790661186339e+01
1.467752007024208538e+01
1.034264354327047286e+01
1.829750107898155065e+01
1.023095989103829595e+01
1.344147333924923338e+01
1.640436698095253121e+01
1.359739512653448656e+01
2.156287997334134232e+01
1.096282259807282777e+01
2.207225684115021380e+01
9.490379043230646516e+00
1.972196070632886844e+01
2.264629108913806022e+01
1.398877353343880081e+01
4.000168848233971630e+01
1.849901659681871990e+01
3.647352405844614509e+01
1.236266757754530587e+01
9.828601570388402209e+00
1.406482394857329332e+01
1.353441223411145700e+01
1.254445679987536444e+01
2.002190959184754959e+01
1.751398558547577622e+01
1.502536331821309190e+01
2.090304120654299425e+01
9.744539023204998429e+00
1.831865812703465934e+01
2.502667485463319608e+01
1.576224364649064213e+01
1.736837499458193435e+01
2.477578222637125194e+01
1.935490477923450925e+01
1.607591118392785745e+01
1.403363974584124385e+01
1.175169055753814007e+01
1.063601439528426873e+01
2.196587850412981169e+01
4.786641836772599845e+01
1.510412466368091522e+01
2.041294151984439509e+01
2.038983523320856861e+01
1.053337280164255496e+01
4.107353879261464868e+01
1.695220555360438297e+01
1.192304695053404551e+01
1.078792043127690548e+01
2.560739681464563944e+01
1.971400147204231246e+01
9.520788681634559936e+00
4.110272676918076940e+01
1.123003883549091064e+01
1.586139697366971468e+01
2.000446863331087499e+01
7.734435005972838617e+00
1.376413475926747054e+01
1.848413416182923896e+01
2.309497867996462261e+01
9.769846077763364889e+00
2.624109006048071890e+01
8.160942819425061501e+00
1.489131585623567311e+01
2.121361177595074921e+01
8.864885661521807236e+00
4.024266364282992470e+01
9.576117995064157284e+00
2.525285721721563448e+01
1.856931961398091957e+01
1.846458005930120549e+01
3.459149722399153859e+01
2.350563665389894652e+01
5.938242599321637449e+00
9.113458090378108167e+00
1.893318431033274862e+01
1.282778404705883979e+01
9.063212240301742995e+00
9.622395686149053162e+00
2.425048011392353331e+01
9.022430997331065683e+00
1.649614491379869818e+01
1.072732666319818051e+01
9.886847655636318066e+00
1.919806825106437387e+01
2.636717057599249259e+01
1.605844557847659360e+01
1.788757089989163873e+01
1.746511754033558717e+01
1.414221670846878709e+01
1.700590108134664646e+01
2.861090102967256854e+01
1.537817338853056626e+01
1.258571634905057302e+01
8.062688667805019804e+00
1.069690194298325459e+01
1.086042697857506489e+01
1.725768886762159227e+01
9.512460825245650398e+00
1.267461019007092027e+01
6.073456498691620631e+00
1.149374853006797004e+01
1.239662690341792484e+01
1.443833056399069825e+01
2.607109485120337666e+01
2.591896755376357220e+01
9.082063712080422846e+00
1.683351685285006027e+01
1.309004708483496415e+01
5.912450260719319672e+00
1.877224542809113572e+01
2.984433564097913560e+01
2.154179321284336623e+01
1.256691356732985909e+01
6.351819281559449415e+00
1.594160044329456660e+01
7.222190498519490021e+00
1.580035883597333424e+01
9.509680833787971466e+00
2.044917227446861929e+01
1.508157511848486365e+01
7.887276895790359177e+00
3.410380458166820006e+01
1.767434384871664577e+01
2.500208957517085295e+01
6.317375008413309345e+00
2.026017478337654154e+01
1.261354926853745084e+01
3.618596735732922554e+01
1.079938493081203177e+01
3.157828616066098348e+01
1.139918957578845493e+01
2.768284963271018029e+01
2.307442517989093389e+01
1.483048258230745908e+01
1.622481624531104316e+01
9.980624281823061494e+00
2.871178657128490030e+01
1.344885010109417145e+01
1.395789887476149538e+01
6.546835188892694113e+00
7.151587936696003567e+00
1.988536947317598091e+01
7.536269404937653960e+00
2.021572051696186634e+01
7.376684047929348509e+00
1.040017432059573466e+01
4.177713348851530384e+01
1.249175026082242113e+01
2.920312125494552546e+01
1.179447015224127604e+01
2.873641248300646822e+01
9.386525420536452557e+00
1.157448672547758761e+01
1.373082436812508789e+01
1.161318946666033369e+01
9.011907060409795278e+00
2.389749987920349739e+01
1.370921644408242024e+01
3.271293397179154994e+01
1.296813503411917345e+01
1.552595525359423156e+01
1.531132487757487404e+01
2.066585487568219648e+01
1.887611347041432808e+01
1.501395568091992061e+01
1.749051138326994348e+01
2.170117515083830995e+01
1.211811420451987331e+01
1.131044445104710050e+01
1.293297619872637050e+01
9.543971645298951145e+00
8.726602376773939795e+00
2.602875523234839150e+01
1.197151168401282817e+01
3.354434998315498717e+01
1.099942598942291916e+01
1.445167728732418055e+01
7.421016470085616490e+00
2.732257870481486250e+01
1.086212651953587205e+01
3.039933989440435269e+01
2.729962953062169007e+01
1.124558367863726183e+01
2.954197346471378793e+01
1.950602833715890583e+01
5.831315643893932332e+01
3.521429171132137270e+01
1.337334288379052971e+01
1.563107082065862130e+01
3.767491242531419715e+01
1.885957936670968849e+01
1.737672857388206893e+01
2.807708547710954505e+01
7.220536325431034186e+00
8.007188886018457907e+00
9.882854815632542866e+00
9.108924618382484795e+00
2.085893463000139292e+01
8.279997126786435402e+00
3.923078860230148024e+01
4.512612854422479103e+01
1.673742764476078548e+01
1.097380536484724445e+01
1.215054706066707091e+01
7.718163411488321302e+00
1.574233259741652624e+01
1.038024260765048190e+01
1.069422218421859760e+01
8.358726007125799384e+00
1.326807923911260190e+01
1.428518026115921735e+01
1.367454411774589040e+01
1.009193449715659874e+01
2.744469464429624850e+01
2.016080041693149028e+01
1.509316769687350401e+01
1.950063690945798811e+01
1.322998489930232147e+01
1.973639540284533567e+01
1.357868490465479461e+01
1.660632559101405192e+01
1.386423964316680824e+01
6.729535182815357075e+01
4.902020945947706565e+01
1.550482394290114918e+01
3.887426065356545024e+01
1.134019547480808221e+01
5.408501934375757259e+01
1.310647728349508867e+01
3.804948616472822209e+01
2.480906109851922636e+01
4.237847343692830293e+01
1.074941707391989887e+01
1.325845607704477302e+01
2.425972032337443451e+01
1.456884441543050990e+01
2.821768132775826388e+01
1.379422310137716323e+01
2.842889535502268572e+01
3.092620678794794031e+01
3.915653004693169237e+01
1.942643750177380468e+01
1.859112971666669267e+01
8.894134629154914151e+00
1.684232593848992465e+01
1.591182987734875631e+01
1.147992445028975617e+01
1.874264176052916753e+01
1.638403015937971219e+01
1.619236842425881662e+01
1.159548147878646596e+01
1.316034319523482843e+01
8.957029991388219514e+01
1.801536766955231883e+01
2.099080709984233550e+01
1.389243489331861170e+01
2.155768461143744119e+01
1.697611481588904780e+01
4.901168110219333585e+01
3.863612883409523135e+01
4.013640375819047534e+01
2.221313208680348694e+01
2.047886092101942879e+01
2.793732728801333920e+01
1.201917830545921895e+01
4.453716936247678149e+01
4.525756621246134870e+01
1.188560119081584610e+01
1.954433862762017071e+01
1.264568549202738623e+01
6.078320004339956029e+01
2.674732146365483132e+01
3.110887379151951038e+01
2.887626930884692911e+01
5.195779638538757439e+01
2.497680561447975123e+01
1.238457248744400729e+01
1.833103347143683948e+01
4.433301911288584307e+00
3.397261113954907330e+01
7.097831250477193521e+01
1.011729588220389253e+01
2.090292816977659740e+01
1.626033891676156173e+01
2.757364762965028149e+01
4.004717798483346769e+01
1.957195256328388311e+01
1.579449456449058253e+01
1.415529875227567480e+01
1.867970641342955673e+01
1.784644160144183189e+01
8.926259089567594174e+00
1.911810383337226682e+01
5.543615000713023733e+01
2.865876592539628120e+01
9.826647376966812786e+00
1.102862584440735105e+01
1.001056361923433258e+01
2.375668524433975648e+01
2.506410933392530183e+01
2.806540689294768143e+01
1.830209018368268659e+01
2.887023689552847472e+01
8.695680145590813481e+00
3.796598356960444676e+01
1.176576389594394101e+01
1.842654538836398004e+01
2.078937808657933672e+01
1.520837039215074071e+01
3.657708272910809200e+01
1.620309739203254651e+01
3.913387209874866102e+01
1.869192551751863718e+01
5.054864194079873840e+01
1.659647834627915941e+01
2.295341266411469761e+01
1.517595627298122452e+01
2.257094848595080805e+01
1.401341280696702363e+01
2.259868992549810329e+01
2.072484393948230874e+01
2.909090094804211901e+01
3.305307624108128550e+01
2.388040383110112330e+01
3.259148608308057504e+01
3.655160045540404212e+01
1.575892680783281996e+01
1.817109610113848461e+01
1.407062729840282955e+01
2.292261987758953978e+01
2.245243836143914962e+01
2.826893912521704877e+01
5.495075101525642935e+01
1.578707923589299789e+01
1.401132728912240921e+01
2.037833842489305880e+01
1.543891901255756061e+01
9.687661978900273141e+00
1.770103311485010167e+01
3.387968108660347610e+01
2.510974686776790321e+01
1.758406426272150114e+01
1.285173503103566794e+01
1.288043875903231772e+01
1.291440043982246166e+01
6.356419023437306492e+01
1.478772633886413068e+01
1.017021440873316607e+01
2.883385757615990386e+01
1.289813964423780313e+01
3.415775002508792824e+01
2.317249139094198540e+01
2.032079617747538336e+01
4.412368725370584599e+01
2.202281889752045174e+01
1.509124354917521060e+01
2.459793494364883415e+01
3.031334083600452090e+01
1.089930923658294404e+01
7.023205134429060692e+00
2.450681639639976694e+01
1.170825463967359426e+01
2.616909830296969375e+01
1.470354057613452703e+01
1.316066532652677878e+01
2.847595701011294622e+01
2.353530298534978371e+01
3.548288713227599800e+01
1.134191042385998749e+01
7.133611832135259512e+00
3.208245659724872922e+01
6.379597041766590593e+01
5.181286167657908948e+01
2.309430393384051783e+01
9.517784532630329863e+00
1.947922957753301532e+01
5.038757228189761150e+01
2.846051753237748372e+01
1.969599725609612406e+01
2.779562778931994771e+01
1.987503991077273824e+01
4.018224093269749631e+01
3.325645463671520474e+01
1.395528536546477127e+01
2.841694157647697594e+01
8.981692564285891578e+00
2.670567476409569352e+01
3.614810639783745216e+01
9.769716287302566471e+00
5.919383720549528505e+01
2.056945318086664187e+01
1.468869067092767899e+01
3.179475097350134405e+01
1.217085988408306285e+01
1.838069486702378796e+01
1.064072665675779028e+01
1.919292055185948698e+01
2.179451503780892452e+01
1.952933538451194195e+01
2.160703745943110121e+01
7.886778093196051387e+00
1.340981960362775638e+01
2.268889311828861466e+01
4.225105362661350483e+01
1.420321640060434376e+01
5.978207809527220640e+00
1.357477888198993909e+01
3.816259046437168934e+01
2.220776503248384515e+01
7.525150698424868168e+00
1.335993930562061394e+01
1.149084523631710475e+01
1.655726288514837918e+01
1.683474490147868252e+01
1.340233738897425120e+01
3.774267683486832681e+01
3.289663205141296487e+01
9.430261422110639558e+00
1.546518118922128693e+01
2.149185191717084464e+01
4.243485948585907153e+01
1.445004894466004153e+01
1.847189630416499639e+01
3.840885490358785859e+01
1.976610405959394257e+01
4.525931970927582171e+01
1.140120564797180691e+01
3.131779833248931411e+01
1.102518853139130428e+01
2.216806569815962646e+01
2.374465375749059959e+01
8.278648661477042481e+00
3.276497203835202754e+01
1.756345586889527155e+01
2.992861599421467034e+01
2.691934061066860551e+01
2.801643890125023972e+01
1.433749929770966958e+01
6.145606415262592748e+01
4.598087485358449555e+01
2.031591925377852093e+01
1.642547183912342490e+01
2.367846952207277766e+01
4.119267014870045784e+01
1.744189148438022130e+01
1.575838953287017397e+01
2.350639957031185290e+01
1.209178832817424265e+01
1.281400843810493839e+01
3.547639552803353524e+01
2.601642973391779279e+01
4.332916164702986350e+01
1.466121541465832578e+01
1.960999196135205125e+01
1.712504308893704774e+01
6.511523971550687406e+01
1.934173184150912306e+01
4.798911949464704918e+01
2.002455026302982333e+01
2.427086613495687217e+01
1.355620070361108986e+01
2.459169209033221293e+01
4.885691946278683417e+01
2.176805788408491082e+01
4.407971340208465705e+01
1.513048140652738205e+01
4.269815659619835202e+01
1.643728223119546072e+01
1.395461790407902214e+01
3.587438137608414479e+01
1.315954668719293785e+01
1.024609095277640947e+01
9.966130505114357163e+00
3.544106637064525245e+01
2.624634641091384779e+01
1.445782853407535740e+01
2.003842109202555122e+01
1.433995232635269623e+01
3.045850834663824003e+01
1.545582103750474801e+01
1.468094167700272124e+01
1.174337950927224661e+01
1.864654805858345554e+01
1.455958164382645847e+01
2.840914736170594423e+01
2.801762299952703827e+01
1.709963006211977543e+01
1.317171395751503660e+01
2.120313334682347062e+01
1.571932115001964370e+01
1.461198559244708406e+01
2.366157555666467616e+01
3.760994240147629597e+01
2.514254750182328735e+01
3.247447501257929048e+01
9.008438226327266207e+00
1.288581916336507227e+01
6.037724018894907374e+01
1.381659495696236917e+01
3.796903358359143965e+01
4.423177347175861485e+01
2.243878132072689979e+01
2.281829460239745444e+01
1.043482877000171705e+01
4.829301682852240418e+01
1.937047902474833805e+01
1.266062906422203049e+01
2.411172866522035818e+01
3.094873782458855516e+01
7.480516833586835901e+01
2.772904647553844981e+01
9.164734226222631008e+00
1.249487380210004517e+01
4.708817899151370057e+01
2.276477718357869762e+01
3.481858593048585959e+01
1.193519148057358237e+01
2.122892051999211915e+01
1.449795202000928285e+01
1.587290603836257219e+01
2.383589166503966794e+01
1.349283394922287194e+01
1.909665556717802204e+01
4.450476902133842572e+01
2.512772790381028187e+01
1.241491419026852228e+01
2.393294661661416356e+01
1.199887977480583245e+01
2.639574778003388644e+01
1.021310693344055309e+01
4.174642273274111659e+01
2.225051221994719342e+01
1.407535135232064505e+01
8.974465210255289094e+00
2.668984160052916010e+01
2.090613238570280075e+01
7.843147420135228032e+00
1.468417413171748898e+01
3.661854195269889090e+01
2.505202457215633416e+01
1.901632820087462861e+01
1.266405337516246021e+01
1.966187823790832212e+01
1.908099959321573991e+01
1.767119864290892650e+01
1.983765699621820744e+01
1.913662934485267186e+01
2.093529632199018664e+01
2.935877486888573173e+01
3.925079640978139395e+01
1.501965023233628038e+01
3.021784951776026418e+01
5.742306156423077113e+01
1.950783896585641486e+01
1.219005728611026207e+01
3.653697194429911832e+01
1.678109943090640144e+01
4.370001820182370267e+01
1.439127133001925074e+01
6.943737737862601023e+01
2.301806971801456214e+01
1.090305922253775961e+01
2.730797773697688768e+01
1.881426860632394948e+01
2.034079508939976577e+01
3.624888018676920609e+01
2.304351182566551159e+01
1.260006695186694259e+01
1.870544640169824291e+01
2.473725761153254155e+01
1.595436643844244351e+01
3.309389983835615112e+01
1.109312031275535126e+01
2.338186190053427538e+01
1.978463282360866060e+01
3.725099652966911634e+01
1.353847553483572597e+01
3.600312452384971351e+01
2.389547784677949593e+01
1.231184973792298010e+01
3.181988733737672703e+01
2.728269825716796859e+01
5.346350193980325827e+01
3.468544252063082212e+01
3.417647019044375156e+01
2.883621052483137603e+01
2.822537538201368434e+01
4.311247672425250954e+01
2.960516156433668300e+01
4.370365647613274263e+01
1.504126062463143398e+01
2.747481445113247744e+01
2.145785953141103874e+01
3.297220471677841402e+01
3.048185764090668926e+01
2.914250358732047985e+01
2.132449813167043473e+01
2.320299060728176599e+01
1.292362244479467570e+01
2.207928884915549261e+01
1.332135573079136215e+01
1.763441303027397211e+01
1.431553004843624421e+01
4.901244717220466640e+01
2.538905401166219278e+01
4.244436860967444858e+01
2.194874351588349271e+01
2.096665303714486228e+01
1.497634937929291787e+01
1.828425119041461855e+01
1.726907239262433791e+01
1.270648810913608351e+01
3.153329119179193185e+01
1.593670573871910356e+01
1.648014441294165522e+01
1.912615713281913443e+01
5.792051794843008850e+01
5.502276153051666086e+01
1.756256661368650995e+01
5.821501262580861891e+01
2.746364718690571394e+01
1.547051907256812164e+01
1.937279322879616572e+01
2.361805986758252729e+01
3.386326520323446232e+01
5.885611513021829921e+01
1.690129172894175014e+01
2.068971853040720887e+01
1.628189611958575611e+01
1.260226023227912151e+01
1.942993115102570911e+01
1.720757964167508902e+01
1.722427590739318148e+01
1.243044462443161891e+01
3.583463713910852988e+01
1.169231827393710610e+01
2.669712235093655650e+01
2.339515865225144964e+01
4.091813532114195340e+01
2.918518076407704598e+01
3.297902779514955540e+01
1.784606029150026174e+01
1.691384365409513535e+01
2.303660659396419774e+01
2.003456423034519318e+01
3.193642952857950590e+01
1.731509597711078285e+01
2.864331528546250283e+01
3.275817996927167286e+01
8.020884668486696967e+01
2.416801935241426591e+01
3.148123806996430218e+01
2.930611860760306087e+01
1.388931977448285515e+01
4.442333640466592470e+01
2.027593458427261197e+01
1.187980090014336731e+01
9.545707201435206457e+01
2.138794735782501988e+01
2.974539250047322980e+01
4.275991161813767150e+01
1.615392296239062375e+01
1.294799323134327196e+01
4.240311218176033492e+01
3.892920066521657674e+01
1.485701685418506202e+01
1.938596417206507283e+01
1.737133929398443044e+01
2.325859459773297999e+01
2.873653704961972366e+01
3.933618155471523892e+01
2.746049917102662263e+01
1.318122146050167132e+01
2.479947461742925441e+01
3.088514957835452890e+01
2.673412879129301345e+01
3.406670023909945400e+01
2.412273273948935071e+01
9.004311664917216262e+01
4.206701615269997063e+01
1.354436487255781074e+01
2.291595610954330553e+01
1.765878708988467594e+01
4.725453477368074573e+01
2.423819558589991274e+01
2.225195296792740862e+01
1.103695991125086096e+01
2.692125138371510218e+01
1.175269228800623367e+01
1.821834454557044225e+01
1.311219133907322210e+01
3.730672634808625787e+01
2.337209133295908714e+01
2.216726486473642055e+01
1.884089556222701134e+01
1.626909819025420489e+01
1.943977831685954882e+01
2.047990963548758003e+01
2.597385703443019622e+01
3.512595045789831971e+01
2.552951849323236289e+01
2.882148095191694992e+01
2.411946584590885934e+01
1.052623258458756652e+02
1.717600958643147280e+01
2.413092731711451933e+01
3.929553702103873292e+01
2.728291298536989018e+01
3.007385897500538974e+01
3.464812272088255440e+01
4.069444256224309697e+01
2.613258260813248768e+01
3.882470209637985192e+01
3.170699331014482070e+01
2.997600501498040515e+01
5.033437475089802859e+01
1.887471449688538527e+01
5.366407220787225185e+01
2.106494608521399670e+01
2.430212932015891525e+01
5.278004294907815819e+01
2.388233694556523901e+01
1.875167095520109584e+01
1.701394786160712869e+01
1.606220173733397516e+01
3.110173100299599369e+01
1.789546821728716708e+01
1.320638806675592569e+01
3.811503373856631072e+01
3.552888226175637953e+01
3.381049326437604208e+01
2.331845743265309068e+01
2.544715583419860039e+01
5.495633331511877628e+01
3.606948570328565040e+01
5.225027653801962657e+01
2.645905916730228213e+01
3.069348111848717409e+01
1.973574961248062110e+01
4.220670451958579150e+01
2.931447453841214923e+01
1.670476588855889943e+01
4.372054025091107121e+01
3.176510735923761075e+01
2.350628823416947810e+01
2.182470749738961047e+01
1.972932916724974817e+01
3.506812280756356159e+01
2.678551138953150357e+01
1.972054706696683013e+01
3.782197593491799381e+01
2.059432173479635608e+01
2.607512716457889468e+01
4.692358571413689816e+01
2.378544981895359456e+01
3.638052177159900680e+01
1.848142261962474464e+01
2.621020866195552301e+01
1.490519986324716584e+01
3.608994215549131468e+01
7.207667155591948926e+01
1.746634617767576714e+01
5.575636886269461456e+01
1.588355549192006322e+01
1.712728965646567403e+01
2.064544623248974275e+01
1.951471856871892996e+01
4.525398739231361134e+01
3.136188514820106832e+01
2.180533269963867227e+01
5.957602880707426607e+01
5.236978813924732634e+01
7.613304367280838392e+01
5.566770898840315596e+01
6.408338553818224170e+01
1.682289026418036570e+01
3.950226628971558540e+01
4.630750090697384991e+01
2.319026630942122225e+01
4.380953567894552947e+01
4.729895365804547680e+01
3.331807125003938808e+01
2.697104499147857837e+01
2.262018847442194769e+01
5.407771219648033423e+01
3.235174998108739430e+01
4.498005696901965678e+01
5.093988748719676352e+01
3.344517942914458075e+01
2.726480370592313918e+01
2.805123379209802792e+01
4.227788758218547827e+01
3.121058969644253622e+01
6.277904370634700371e+01
2.483132685391495187e+01
7.535890085621673506e+01
3.355975295182357598e+01
1.320579140273697938e+01
5.538323903012353355e+01
2.609231462364294174e+01
1.906221220500881230e+01
5.809514304650795680e+01
3.029814672370111595e+01
2.519673878948017531e+01
2.941260459901305424e+01
1.046968169788266607e+02
3.397200063072614995e+01
2.526108997265296097e+01
1.437275585907448416e+01
1.512111125460258165e+01
2.728048142016836408e+01
2.249446415613890693e+01
3.603213979125243327e+01
3.225091015309068609e+01
3.740543922793894893e+01
1.108123738403184149e+02
1.005237150425461294e+02
3.815633709741142354e+01
3.982135341680014307e+01
1.945029967185995545e+01
3.225561416035648676e+01
4.099501214778311464e+01
3.512045717148922108e+01
5.140177641837485822e+01
7.012845686844241300e+01
2.676051830029545897e+01
4.700230059064852384e+01
1.861163879005296096e+01
5.768732365309355714e+01
3.419250350542252903e+01
2.166678754175194044e+01
3.679173985427628679e+01
6.860431457888574869e+01
4.463606228082199578e+01
4.514304141585007102e+01
3.054995916215743534e+01
3.072811682705991032e+01
4.266435554692635179e+01
2.719247339630113203e+01
7.686878054306754393e+01
4.902265250183663170e+01
2.423820941897786696e+01
1.349750130604472353e+01
5.376991790515420888e+01
2.600605532758141436e+01
5.195059332437516275e+01
3.223192154208498295e+01
3.278556606879077862e+01
5.384946036377058931e+01
6.190854029653018387e+01
8.957037744077186403e+01
2.999426890541479551e+01
6.830870783147280179e+01
7.459281106305941478e+01
3.626543130677253401e+01
9.372393073379818418e+01
2.275643933017020615e+01
4.839525722901633031e+01
2.220496901694236769e+01
4.852685750795074426e+01
1.689147932344396708e+01
2.239962814543629577e+01
8.755503714531012349e+01
3.174111435061626807e+01
4.388336683250822290e+01
2.095494826691876966e+01
1.816549180901480298e+01
6.758240682094577778e+01
2.774490311019620492e+01
4.850774768756772914e+01
2.582726887365231860e+01
3.956167171042562813e+01
4.128079765570902282e+01
2.341104114865729002e+01
9.175558754660382021e+01
6.459391300529321711e+01
2.900856208026773686e+01
2.944753339771387957e+01
7.129469423876867040e+01
2.753846469908104666e+01
2.097038099991005211e+01
2.809851310192547302e+01
3.632167989420781851e+01
5.612087317097232386e+01
4.490294544673464827e+01
4.689988448780011510e+01
2.375111893814498032e+01
6.791391897753173623e+01
3.260017479498339554e+01
1.647810927136297821e+01
6.700393907432800233e+01
2.529891131064239929e+01
1.337440533196797503e+02
4.607380014713938010e+01
3.405977230489703089e+01
3.610360458820156992e+01
2.456117469500914297e+01
3.986027610569765756e+01
3.444289247340270776e+01
2.933082380563910263e+01
2.730471725575964470e+01
6.007937342279299742e+01
3.341859988187736974e+01
3.503589008540722460e+01
4.089108921718166556e+01
4.319485165803770599e+01
2.601290446560081904e+01
2.764754092277114239e+01
5.783940020225397660e+01
