1.478683781955930101e+02
1.362531001080010924e+02
1.544669476796156573e+02
1.619396670269305787e+02
1.534547902938882658e+02
1.461026846808630353e+02
1.344560129230093537e+02
1.218689289025241465e+02
1.164775061742436861e+02
1.222879129867593804e+02
1.197118696179203852e+02
1.231970955638940239e+02
1.066396065396462518e+02
1.137141350917090676e+02
1.427423696539349578e+02
6.274704726498519136e+01
8.105645746626986181e+01
7.280567684601228962e+01
6.480225483119701835e+01
4.756549567991077510e+01
5.831622376342748737e+01
4.932565075027163459e+01
3.756775773822538866e+01
3.768759225269821656e+01
4.026467178586907636e+01
3.209727162775303810e+01
3.668248781919525925e+01
3.541098660392257358e+01
3.772092296906519238e+01
5.634868416795981005e+01
2.228485658841291794e+01
2.846903843526702005e+01
1.823432480416174428e+01
2.455825595373050163e+01
3.024031408429383205e+01
1.773495394359838784e+01
1.839457429783392683e+01
2.154687466297438903e+01
1.302206017769320567e+01
2.945279179680622050e+01
1.136417103253854677e+01
1.879931339272347302e+01
1.790188644674886120e+01
2.912225067924657651e+01
2.249004482909355573e+01
2.532316335777384353e+01
1.675913849680479473e+01
4.801868679991298450e+01
2.010283600855245467e+01
2.398235781401812261e+01
1.827630961502335083e+01
1.710404882400931115e+01
2.581426205876084978e+01
1.608973382415644338e+01
1.845991785325650625e+01
2.378988868700207249e+01
2.489485369911991341e+01
1.920439560294287418e+01
2.921214892231150273e+01
2.344400141614073263e+01
1.282791791656127245e+01
2.551770212960724749e+01
1.566632797280086287e+01
1.447613274122061178e+01
2.414943389081373937e+01
1.225846810251980479e+01
1.007247930902344635e+01
7.203131191555638857e+00
2.228222923715767223e+01
1.134639692626594254e+01
1.975460692634671389e+01
2.339016792800206090e+01
1.203902228519210382e+01
1.250016550118749414e+01
1.648764239038252200e+01
1.693609315639137236e+01
1.307876102903310667e+01
1.139227107123372029e+01
1.495207508193275281e+01
1.338267536572738514e+01
1.364637439064324020e+01
1.754345059953689656e+01
1.187175992770595023e+01
1.370262799547216304e+01
7.907799427024556849e+00
1.793083350906325535e+01
1.551361140119317561e+01
2.509105995939642852e+01
1.246909932434359192e+01
1.072312004974509669e+01
7.797271335110544932e+00
1.012927642455903410e+01
1.354335167344820157e+01
1.253093287763761232e+01
1.414024748549108068e+01
1.189037001971316876e+01
1.883998944983030555e+01
1.441015251723858270e+01
1.865818350861194475e+01
9.148947273648508016e+00
1.767413023350619383e+01
1.547810907395385982e+01
1.789580593472667047e+01
1.586030225860457854e+01
1.302805602806727059e+01
1.218015619224703450e+01
1.779790625872131926e+01
1.129500560324562919e+01
1.882048922150901049e+01
1.293134730270864985e+01
1.835959471494571815e+01
1.367307387118874473e+01
9.576058427302273302e+00
1.503985903355935072e+01
1.121219386930869888e+01
1.214863885499285345e+01
1.531679483185613044e+01
6.846151117733875857e+00
7.236401934298724470e+00
8.349877230760755609e+00
1.082235848679327006e+01
1.625116202611431149e+01
1.074407062001482593e+01
1.117816481794104000e+01
6.980841140010256574e+00
8.094190128960041974e+00
1.167329885369918685e+01
1.340203647404387155e+01
8.243388584311555078e+00
9.855907357815528513e+00
1.072617461305600095e+01
9.626235809120936793e+00
1.004975964182275128e+01
5.691937235539850093e+00
1.317053822630967730e+01
1.245835225928792411e+01
7.050417386440832601e+00
1.006413673212742488e+01
1.236611161897756972e+01
8.931518588375542578e+00
5.378846195456101320e+00
1.053258442024734798e+01
6.440464507844957609e+00
1.110859685223122462e+01
8.780359653321490043e+00
1.075784855886808344e+01
1.265445221205325765e+01
7.269346882490906658e+00
9.878272168772765482e+00
9.276585838054288047e+00
1.013733067765583939e+01
1.138838014059859383e+01
8.707510112057267548e+00
1.041728422034959500e+01
7.594773966425055534e+00
8.656547843253996177e+00
1.402484961612163161e+01
7.156250928012176438e+00
1.084963063143715090e+01
9.148180004150272993e+00
1.292910863354521389e+01
1.298497029824847004e+01
1.022608518666445576e+01
1.135638278279168389e+01
4.356216668634998790e+00
1.109061647991289590e+01
5.708640139675325464e+00
1.448679445203438299e+01
8.890443402934510075e+00
8.954266268562749431e+00
1.686469354142261423e+01
7.322315795851851661e+00
7.383515766289925786e+00
9.691919543605715504e+00
8.629611706028361695e+00
1.082018432543149800e+01
6.640462903223620650e+00
7.684619276967883827e+00
8.044815574250817392e+00
6.675227942301154904e+00
8.909086907013447743e+00
1.241956282279267221e+01
7.331914085261501235e+00
7.496081190367872793e+00
4.883698779464999973e+00
1.726746924599030919e+01
4.042051084879665801e+00
8.784338359373894178e+00
6.873694029333027977e+00
8.465322338142440728e+00
4.315095492534382515e+00
6.731849595455445368e+00
5.171029434050322671e+00
6.917385979791306205e+00
5.439034581751908348e+00
1.207801910212781316e+01
1.142989642789537719e+01
4.385798768627055644e+00
5.739587942907262708e+00
1.023541083296378851e+01
7.662655300386481017e+00
1.348252667141465189e+01
1.015650235461582973e+01
1.208101622358493188e+01
8.953268279343111757e+00
1.218199032365186696e+01
6.980292582924431777e+00
3.639455452354795728e+00
6.953288768396700625e+00
5.817503263121451162e+00
8.943312435575021979e+00
7.788850010001095114e+00
9.505882779200170773e+00
9.127990468761129961e+00
7.403903610655969914e+00
9.137793692654193833e+00
1.390380857648716528e+01
6.403567327721792601e+00
3.823932420013577360e+00
5.332604655117210157e+00
1.196152140387184204e+01
5.730626231036159091e+00
7.778938801197042174e+00
4.890635345380882626e+00
8.881365079179651900e+00
1.049164171981272098e+01
8.150312151655427328e+00
8.129646067501036910e+00
6.272741340132299115e+00
6.149783423218462275e+00
7.941260853790788943e+00
8.788470380272219273e+00
1.126738816165143930e+01
4.449948249573808745e+00
6.457497052004133486e+00
5.053973877944173410e+00
5.510062433712708874e+00
7.787078039527626672e+00
3.962782654337534183e+00
6.112628792975231207e+00
1.052445417681601469e+01
1.305462576320779711e+01
4.102971123149900201e+00
4.906847960474343573e+00
9.707090976159729934e+00
1.394140252075042419e+01
1.785772632862881082e+01
1.075553277015931108e+01
5.597051040192578597e+00
9.671474576550073365e+00
5.971865117141827994e+00
1.066488082419579442e+01
3.945763608465493899e+00
7.224279234941000105e+00
1.165216960654701062e+01
3.526345997580299763e+00
5.104150258346137115e+00
9.734707217068457652e+00
5.526303382005072429e+00
1.836444602951484839e+01
7.911538605743514196e+00
5.121165710397307613e+00
8.372191495377959924e+00
4.603929807454608891e+00
3.870428536731673752e+00
8.129852047969238882e+00
4.808985147521623205e+00
5.325305623459464677e+00
6.926179613258127254e+00
5.131485070200999310e+00
8.899432315011926775e+00
8.365653509974405821e+00
9.753499363479290807e+00
5.188764357586618914e+00
5.872954802671916497e+00
5.210185489663022196e+00
7.259405818855262815e+00
6.767454704262297227e+00
5.824895084956874136e+00
1.393638016677934033e+01
1.159267365617332679e+01
3.469329389448781775e+00
1.372875876205640111e+01
7.324472340800874726e+00
6.584965696595539875e+00
8.728309046780850622e+00
6.394455516666311290e+00
9.830334735194391271e+00
6.433798007947921782e+00
6.045999983371683761e+00
7.311944007931286293e+00
6.087756358302067738e+00
4.701467408047943053e+00
4.584839643991776903e+00
7.301230175211589568e+00
1.310803495234344673e+01
6.354151058388726625e+00
6.246295754568474301e+00
9.169519236277798413e+00
5.629138415007265195e+00
1.947810743325286609e+01
6.254091138131770755e+00
6.762418256403980976e+00
4.163246357840781897e+00
5.838010066934557152e+00
8.730926637307272031e+00
5.480855176579327193e+00
7.767871822461582809e+00
7.608720201688292661e+00
3.748810680944161700e+00
3.851378434373127657e+00
7.145521356656563405e+00
6.300438084194565747e+00
9.527044091769893086e+00
2.313154759943367011e+01
9.823524771368511210e+00
8.037092682987148962e+00
4.588224122446687758e+00
7.412569346563036454e+00
5.266100091733607158e+00
1.241971862857915454e+01
5.573750577575250276e+00
5.974576931229228727e+00
3.702620489772582513e+00
7.851376748399024663e+00
3.897749259886169604e+00
8.712793289769736660e+00
6.419201740563145187e+00
1.132879984867557432e+01
6.040511522856808924e+00
5.262435024579819043e+00
5.808870786546846077e+00
4.450841664859974678e+00
1.270411094942658536e+01
8.534920682928296642e+00
8.663770311881522801e+00
5.473191637971321022e+00
4.342009573008543732e+00
6.623978854085167178e+00
5.321427623102226612e+00
6.543538936504445402e+00
4.249563418998293152e+00
1.141375080207769699e+01
1.078943299508000742e+01
8.754088105161377698e+00
5.115484058867195039e+00
8.228980813330288413e+00
1.244214297714232842e+01
4.996284072152658240e+00
3.551691795307732047e+00
1.018144306898552287e+01
8.702986240925426387e+00
2.075030263307652234e+01
1.169790948981181167e+01
9.189953713609677166e+00
1.460005005463066396e+01
5.579675153414388689e+00
5.436444728598752718e+00
1.062153630416355021e+01
8.323089126744479316e+00
1.036196895142724195e+01
3.841468932554168436e+00
4.109354147966398862e+00
3.790053880385136686e+00
1.584996465813715361e+01
6.311055502957762187e+00
4.643074077992445758e+00
1.953782567994945296e+01
8.490526752748134953e+00
5.270245908516688615e+00
8.562773476902746594e+00
8.548132210929194841e+00
6.772017531208141428e+00
6.908042445210440086e+00
9.494287517139737176e+00
1.977701785111673516e+01
5.102244234266854583e+00
6.412433294672229778e+00
5.066357645099563989e+00
5.079253888911804182e+00
7.561327165497637282e+00
4.161944514818229912e+00
2.802814242424959446e+01
3.396560200829941145e+00
1.948063811117291877e+01
5.281493082126744731e+00
7.321013956773100517e+00
8.772293348235914223e+00
5.033508450906835741e+00
3.899710796951215475e+00
8.404663932867558529e+00
4.890610243657795841e+00
1.660518093244036208e+01
1.103140488608667802e+01
4.365349345541348569e+00
4.118103309009883972e+00
4.541570903193566267e+00
3.501386846578504297e+00
1.648814811732824381e+01
2.111124383910973634e+01
6.213119501409767764e+00
2.652068651353568640e+01
6.278951022937933502e+00
2.901243986300567812e+01
1.132032856831856904e+01
7.036183201995778624e+00
4.932464804444733453e+00
6.236653045574408694e+00
1.105544084978542685e+01
6.418023279833326100e+00
1.592937888213750597e+01
4.719472653429228615e+00
4.565764217361810928e+00
1.007446126544040155e+01
5.163191663240787044e+00
8.094951027795779908e+00
5.755645008629512560e+00
2.809933112989411086e+01
2.584503698722210530e+01
8.985602811378511134e+00
4.706626101471355739e+00
3.816410593945523289e+00
3.889707888517446754e+00
1.854649598570943425e+01
1.987058027610453337e+01
1.082600891419442846e+01
1.336744344860610489e+01
6.121893652726957846e+00
1.971936617728649210e+01
1.241347827953091354e+01
4.699170456486334579e+00
8.740004329436661834e+00
4.507535731139181934e+00
6.876664828845785671e+00
3.001660009599250145e+01
5.133305731514542281e+00
3.884279873204927735e+00
4.067413194993896752e+00
2.217114555563358635e+01
2.639656531087508640e+01
4.187485043798327311e+00
4.293798033556982574e+01
7.658278433163791199e+00
4.149329234019299761e+00
4.102740531597162743e+01
5.547375862966983817e+00
3.960079902077690672e+00
1.097298564368086282e+01
2.615784175656823862e+01
1.072712528859890213e+01
1.191825051466620344e+01
2.933743412786425697e+00
1.849275993955135533e+01
2.490290404049328643e+01
7.547535749368793567e+00
4.190442162104977442e+00
1.996640010452407665e+01
3.342362960926725801e+00
4.254309648712773395e+00
5.073451194890785665e+00
4.092554610163617212e+00
3.687893735820210139e+01
1.071201317672514719e+01
1.607268933962365409e+01
5.601941892261674383e+00
3.513776926531862443e+01
2.748727372020334681e+00
1.914857051795407727e+01
