2.825923557281493914e-01
7.933345532417297730e-02
7.835064530372619351e-02
7.794429516792297785e-02
7.822137379646301736e-02
7.800361776351928678e-02
7.826838040351867531e-02
7.819042992591858365e-02
7.832820796966552535e-02
7.845986104011536122e-02
7.853915214538574607e-02
7.857302761077880615e-02
7.850025558471679377e-02
7.865791344642639182e-02
7.855234766006469194e-02
7.843840885162353671e-02
7.862672805786133368e-02
7.855116677284240678e-02
7.889163994789123724e-02
7.878581881523132047e-02
7.884472560882568870e-02
7.918339467048644831e-02
7.930555009841919190e-02
7.899022698402405340e-02
7.911809515953063809e-02
7.918560886383056718e-02
7.881401181221008023e-02
7.902039551734924006e-02
7.907796597480773459e-02
7.931170797348022217e-02
7.919749784469604093e-02
7.881342196464538596e-02
7.903594446182250766e-02
7.905131506919860218e-02
7.926606249809264870e-02
7.965361523628235185e-02
7.933473968505859453e-02
7.941857528686523116e-02
7.970766663551330511e-02
7.939265513420104559e-02
7.954492211341858410e-02
7.943621420860290383e-02
7.942180538177490146e-02
7.951629495620728127e-02
7.921933174133301281e-02
7.927378034591674172e-02
7.893251419067383312e-02
7.971019840240478604e-02
7.910095834732056019e-02
7.956144809722900946e-02
7.972256946563720248e-02
8.009552407264709795e-02
8.008438801765441206e-02
7.941102457046508856e-02
7.971394920349121616e-02
7.960463809967041615e-02
7.992023038864136397e-02
7.966220235824585105e-02
7.915637826919555420e-02
7.946013283729552734e-02
7.966875028610229115e-02
7.945126461982726651e-02
7.999140691757201937e-02
7.978056049346923806e-02
7.952937054634094671e-02
8.007533335685730613e-02
7.997478079795837524e-02
7.928962755203247670e-02
7.969619822502135853e-02
8.028563332557678289e-02
7.983913826942444503e-02
7.955836033821106490e-02
7.970233058929443448e-02
8.029268264770507424e-02
8.018949317932129450e-02
8.145460891723632635e-02
7.930913972854614080e-02
7.998124527931213534e-02
8.014519000053406395e-02
7.924495148658752819e-02
7.952065539360046731e-02
8.028548073768615456e-02
7.997931480407714788e-02
7.983516764640807839e-02
7.981602692604064520e-02
7.924073576927184726e-02
8.013392353057861850e-02
8.000974893569946789e-02
8.006585645675659557e-02
8.027482533454895208e-02
8.010533857345580877e-02
8.025825262069702370e-02
8.047556948661804821e-02
8.023323011398315885e-02
8.037051486968993519e-02
8.037843680381774603e-02
8.021094346046447887e-02
8.070599794387817161e-02
7.997033071517944958e-02
8.025720381736754783e-02
7.971721887588500977e-02
7.988055300712584850e-02
8.003261685371398926e-02
8.110744142532348711e-02
8.084609317779541116e-02
8.025992035865783802e-02
8.065086340904235873e-02
8.053640842437743974e-02
8.011456513404846547e-02
8.036238622665405062e-02
8.023110389709472989e-02
8.053049445152282715e-02
8.023567938804626598e-02
8.115035986900329124e-02
8.070746517181395796e-02
8.075527000427246138e-02
7.994076204299926935e-02
8.020779109001159590e-02
7.971053719520568293e-02
8.012622570991516369e-02
7.983361697196959816e-02
7.984497165679931008e-02
8.070136427879333330e-02
7.993338823318481279e-02
8.051439523696898859e-02
8.044705104827880315e-02
8.062611770629882213e-02
8.017074728012084373e-02
8.026279807090759555e-02
7.982956123352050182e-02
8.039918684959411477e-02
7.991623282432555597e-02
8.006747364997864047e-02
8.050883126258849554e-02
8.051414060592651523e-02
8.085898137092589755e-02
8.022555518150330245e-02
8.062401819229125799e-02
8.061342883110046709e-02
8.025150918960571866e-02
8.084471988677978394e-02
8.089239501953124356e-02
8.076564669609069547e-02
8.088778138160705733e-02
8.103246355056763217e-02
8.075772643089294822e-02
8.052326965332030906e-02
8.106011819839477328e-02
8.077317857742309648e-02
8.009188199043273948e-02
7.966035699844360718e-02
8.092498064041137029e-02
8.139803433418274503e-02
8.083309555053710960e-02
8.061669707298278753e-02
8.104585933685302945e-02
8.092818427085876620e-02
8.047460889816283880e-02
8.040535736083984086e-02
8.041087651252747104e-02
8.008369421958923262e-02
8.019424557685851662e-02
7.997910284996032071e-02
8.001069045066833141e-02
7.984527325630187689e-02
7.963904690742493186e-02
7.880659413337708086e-02
7.863988614082335904e-02
7.924175429344176846e-02
7.910520887374877796e-02
7.888898205757141624e-02
7.877193903923034035e-02
7.864909887313842329e-02
7.869271230697631736e-02
7.885783696174621105e-02
7.857553577423095903e-02
7.869097948074341153e-02
7.868874526023864058e-02
7.840680837631225364e-02
7.849160933494567227e-02
7.859792733192444425e-02
7.852201223373413141e-02
7.872177433967590676e-02
7.864952063560486095e-02
7.869529056549072477e-02
7.850841689109802624e-02
7.841334009170532193e-02
7.843447160720824762e-02
7.870126175880431951e-02
7.866572833061218073e-02
7.845963716506958174e-02
7.840682196617126953e-02
7.873094463348388750e-02
7.880615901947021773e-02
7.865293979644776001e-02
7.894800662994384821e-02
7.856575608253478504e-02
7.832170414924621848e-02
7.827646660804749024e-02
7.822299313545226507e-02
7.787363171577453558e-02
7.817278623580932451e-02
7.843626546859741588e-02
7.843928098678588923e-02
7.839985775947570790e-02
7.855406546592712258e-02
7.856965065002441406e-02
7.868910884857177601e-02
7.847105193138122214e-02
7.851918387413024669e-02
7.870841503143310991e-02
7.854451417922973799e-02
7.860132288932800138e-02
7.852817320823669844e-02
7.851895523071289462e-02
7.841060543060303367e-02
7.861305427551269764e-02
7.831296539306641102e-02
7.849852943420410067e-02
7.841468620300293124e-02
7.852990174293518477e-02
7.794755911827087880e-02
7.841618108749390248e-02
7.841689682006836026e-02
7.848804020881652854e-02
7.843197631835938100e-02
7.828181576728820978e-02
7.878766059875488836e-02
7.821046328544616066e-02
7.848955321311951172e-02
7.853417205810546420e-02
7.839125823974608942e-02
7.845426416397094371e-02
7.890393900871277288e-02
7.845537185668945146e-02
7.853580307960510154e-02
7.832418680191040317e-02
7.829385423660278898e-02
7.834743237495422896e-02
7.871115446090698464e-02
7.858983349800109652e-02
7.839398837089538163e-02
7.839246726036071256e-02
7.833732438087463723e-02
7.821736860275269043e-02
7.856579232215880892e-02
7.849982738494873380e-02
7.783457231521606623e-02
7.805943465232849376e-02
7.847866296768188366e-02
7.856331086158752086e-02
7.858778190612793202e-02
7.863614320755005216e-02
7.864845919609070313e-02
7.852976155281067572e-02
7.842467832565307162e-02
7.845758533477782681e-02
7.869706034660339800e-02
7.848431658744811634e-02
7.822591400146484963e-02
7.855153417587280862e-02
7.848229622840881270e-02
7.845244073867797818e-02
7.839956641197204368e-02
7.868336367607116355e-02
7.864630198478698986e-02
7.847360491752625178e-02
7.842170095443726230e-02
7.807024216651917148e-02
7.850462508201598577e-02
7.844187903404235829e-02
7.877023482322692560e-02
7.835333681106566861e-02
7.858614468574523504e-02
7.881998920440673462e-02
7.878423523902892966e-02
7.881391859054565074e-02
7.887814903259277033e-02
7.856518101692200329e-02
7.874134612083434626e-02
7.862788295745849754e-02
7.850052690505981978e-02
7.816094303131103371e-02
7.833580231666564808e-02
7.809669089317321233e-02
7.789160490036010909e-02
7.775520563125609685e-02
7.748626613616943493e-02
7.790695476531982189e-02
7.776228094100952337e-02
7.782519817352294422e-02
7.777424001693725164e-02
7.770978522300719948e-02
7.774866414070129295e-02
7.782522535324096213e-02
7.779952740669250633e-02
7.799734401702880515e-02
7.812165188789367554e-02
7.798785233497619596e-02
7.821251821517943847e-02
7.783829116821289196e-02
7.777358174324035256e-02
7.796460151672363059e-02
7.796205639839172419e-02
7.797849249839783337e-02
7.775893783569336193e-02
7.770162200927734075e-02
7.774852943420410001e-02
7.797409319877623979e-02
7.805444669723510254e-02
7.791298842430115223e-02
7.796681141853332997e-02
7.807555937767028664e-02
7.785308361053466797e-02
7.770837116241455234e-02
7.746663689613342285e-02
7.771957802772522239e-02
7.796040368080138505e-02
7.778490614891052368e-02
7.753531718254089156e-02
7.768358397483825228e-02
7.797668290138244640e-02
7.807144832611083440e-02
7.810949492454528909e-02
7.790313434600830422e-02
7.808644151687621493e-02
7.802618861198425126e-02
7.786288928985596325e-02
7.800507998466491011e-02
7.788229417800902887e-02
7.766409921646118264e-02
7.696236777305602572e-02
7.761012697219848988e-02
7.764412760734558383e-02
7.768124175071716708e-02
7.766116619110106922e-02
7.774004650115966253e-02
7.779058933258056752e-02
7.782852077484131437e-02
7.779198265075683294e-02
7.767494773864745683e-02
7.775548839569092208e-02
7.746211862564086892e-02
7.804287099838257136e-02
7.780901098251342962e-02
7.770712971687317172e-02
7.766048717498778842e-02
7.768229722976684182e-02
7.740964150428772395e-02
7.758187580108642789e-02
7.754733705520630571e-02
7.761888027191161943e-02
7.769627285003662120e-02
7.768479037284850564e-02
7.781291460990905073e-02
7.784291195869445790e-02
7.773154735565185325e-02
7.794025135040283381e-02
7.751563334465026711e-02
7.782490801811217662e-02
7.790373587608337425e-02
7.792411422729492165e-02
7.805468344688415439e-02
7.804060029983519997e-02
7.793300366401671730e-02
7.787504553794860618e-02
7.780893325805664229e-02
7.717657566070557085e-02
7.782206463813781672e-02
7.779651594161987593e-02
7.780099081993102628e-02
7.772462797164916837e-02
7.795096826553345182e-02
7.772613191604614558e-02
7.793710279464721724e-02
7.779719853401184659e-02
7.774280238151549949e-02
7.711300635337829668e-02
7.770570325851440530e-02
7.785565924644470559e-02
7.799738025665282903e-02
7.802562117576598844e-02
7.797616887092589932e-02
7.761000895500183572e-02
7.811926865577697998e-02
7.818521189689636719e-02
7.806227803230285367e-02
7.793343520164489058e-02
7.768748450279236439e-02
7.794277811050415172e-02
7.842886471748351795e-02
7.819780731201171620e-02
7.783685564994811956e-02
7.804126119613646884e-02
7.786785387992858909e-02
7.801781511306762895e-02
7.810357832908630671e-02
7.815124487876892734e-02
7.809986877441406350e-02
7.808735156059265492e-02
7.771352815628052024e-02
7.773792386054992343e-02
7.811721563339232843e-02
7.815135240554810236e-02
7.838517856597899958e-02
7.789901113510132313e-02
7.798644781112670787e-02
7.808311748504638550e-02
7.802756786346436157e-02
7.834672927856445312e-02
7.817553663253784535e-02
7.803009128570556618e-02
7.828459811210632113e-02
7.806092333793640536e-02
7.820784187316894009e-02
7.801189088821411377e-02
7.786796927452087347e-02
7.812125635147094960e-02
7.827397704124450240e-02
7.821105742454528831e-02
7.782554221153259455e-02
7.794689226150512684e-02
7.802689933776855991e-02
7.810806083679198986e-02
7.799816060066222523e-02
7.833366036415100042e-02
7.820827817916869984e-02
7.815658354759216775e-02
7.818970417976379983e-02
7.846891713142395419e-02
7.809728550910949307e-02
7.843424367904662520e-02
7.819122838973999179e-02
7.816493058204651567e-02
7.820077085494994695e-02
7.825162291526793767e-02
7.776047062873840676e-02
7.822574162483215965e-02
7.833989167213439853e-02
7.839966487884521273e-02
7.833554339408874134e-02
7.827664422988891979e-02
7.795486378669738703e-02
7.816469573974609009e-02
7.831499862670898704e-02
7.855043864250182972e-02
7.844536280632019576e-02
7.829378652572631381e-02
7.822148299217224210e-02
7.837159657478331987e-02
7.846872639656067572e-02
7.853083467483520930e-02
7.849709534645080145e-02
7.839723443984984719e-02
7.841759157180785977e-02
7.829792690277100065e-02
7.824870109558106079e-02
7.858961129188538064e-02
7.849727940559386719e-02
7.838003969192504361e-02
7.816838216781615833e-02
7.856455469131469471e-02
7.840647101402282992e-02
7.845920395851135876e-02
7.862821292877197887e-02
7.853072214126587125e-02
7.912269043922424971e-02
7.865030527114867664e-02
7.863745117187499745e-02
