1.510155024845031448e+02
1.394234006569438407e+02
1.398459863349272041e+02
1.559575184608055736e+02
1.668143296136389893e+02
1.557899227403412397e+02
1.308058211317657822e+02
1.308605841669527194e+02
1.202090010251230581e+02
1.007449295517532306e+02
9.946688948764797544e+01
8.540208512179543732e+01
9.067264752482752499e+01
6.251528293324386709e+01
6.630921695862203080e+01
6.002370209856736238e+01
6.064046033026662030e+01
5.983805623550967567e+01
4.032654347709527087e+01
3.791971274549955240e+01
3.969789827360056478e+01
3.235231116437426380e+01
4.890693360603265916e+01
4.281665611034833319e+01
3.178712382518815716e+01
2.909951275566617568e+01
2.469252403372425064e+01
2.610998756870135296e+01
2.717739370268142807e+01
2.868854722369616894e+01
3.243796399974546318e+01
2.889273895995211916e+01
2.959528215416168351e+01
4.043765362183327738e+01
2.830224375350850252e+01
3.921938687186522543e+01
3.392055572396078844e+01
2.559872492929513754e+01
3.937708205112105020e+01
3.112657467455730043e+01
3.625559277928588386e+01
3.218873590110635519e+01
2.430562149167466046e+01
6.213498314228751696e+01
3.211438039972562564e+01
5.738750339637883258e+01
6.218136242315250684e+01
2.374880919353612541e+01
6.645216844519991639e+01
4.450440047002408761e+01
6.672011322573126790e+01
3.261502836448116227e+01
4.919599033086974060e+01
2.646405035531010697e+01
4.852974788828654340e+01
8.026251162953954577e+01
8.758856033964661947e+01
3.720278657724885818e+01
6.085701359644644270e+01
4.658597760931266407e+01
1.014678569976135378e+02
3.770764723339427604e+01
8.501788465350460910e+01
8.616502581906338776e+01
5.425938477040450181e+01
7.343124559249778827e+01
4.293123839105296469e+01
3.438717907627064108e+01
5.968994444072608729e+01
4.606262082978563654e+01
4.966287879800635352e+01
7.985352998874363095e+01
6.085339792018348959e+01
4.590738625942797313e+01
3.962750340440933172e+01
7.808500469381358755e+01
2.526947605861991519e+01
9.492399062969343504e+01
4.603503016762593347e+01
3.932497807594427996e+01
8.574840844201835921e+01
2.964322689276740164e+01
4.217770377548093563e+01
5.209694052613756554e+01
1.001365257052080295e+02
6.565862927778611891e+01
4.582491394038252963e+01
8.033179253548175325e+01
4.749786540331722051e+01
1.337665859234392656e+02
2.144789401739967616e+01
8.759624526464811822e+01
8.595473974046910826e+01
4.940417236023657210e+01
4.019138932162239541e+01
2.998662416136483699e+01
4.424485557596030105e+01
3.001058743566980525e+01
1.288323239316601700e+02
6.718193195382208671e+01
7.670598332535904262e+01
3.411373640302586097e+01
5.946890723179395621e+01
7.377444260045167823e+01
3.907303132049394634e+01
4.669377394670271286e+01
3.707600706439936289e+01
6.049060110703683080e+01
1.021212372473470253e+02
5.149107159375760290e+01
5.280098344112110453e+01
5.398614682376479124e+01
2.353841085182512316e+01
6.840335180437702434e+01
6.101312783271543339e+01
8.824247867534707268e+01
5.934702804861592540e+01
4.264177304507349220e+01
2.976264572568466704e+01
3.539152308531047453e+01
5.896073305524466690e+01
3.759809820068547026e+01
8.191664795481867145e+01
4.775353520115272943e+01
7.362213490340215571e+01
6.941940658756452365e+01
1.040656153137648516e+02
6.559490809752637119e+01
2.383995672291233348e+01
6.666433931432491988e+01
2.655481809974616070e+01
6.131222413930036197e+01
4.481649863157876723e+01
5.783344881351133893e+01
3.053682074678902936e+01
3.861577883592576654e+01
4.772547966132081854e+01
5.717007047976598955e+01
6.750674608688947842e+01
2.761791211921871891e+01
5.613226440279658647e+01
4.259758562420159933e+01
3.060717173243850198e+01
4.448156037815452635e+01
6.097404233050006184e+01
5.257733101389457175e+01
5.439322813217199126e+01
2.926388635309461606e+01
5.123774074238433940e+01
4.412234844333156047e+01
3.477166589098452221e+01
3.736462776257017282e+01
6.611729882891357590e+01
7.151418519615937441e+01
4.402530313640396287e+01
6.263004146469481981e+01
5.340443701457709835e+01
5.939012263446024775e+01
3.326120228726165351e+01
3.549691504952878063e+01
5.185966265832529842e+01
2.951879149298838456e+01
1.375765410159385915e+01
6.197928684966003487e+01
2.146370214331063764e+01
4.390724008448772508e+01
4.160777387530830396e+01
1.121458839898958075e+02
4.598857966660288099e+01
7.151885045286873321e+01
5.476722134429779487e+01
2.892497494385141721e+01
4.043979122917752278e+01
6.301438652280496200e+01
3.663757957565585599e+01
4.476540130802651163e+01
2.585252319632019535e+01
6.790347544511799072e+01
5.409999092614882699e+01
7.347668397161413623e+01
2.913484892095639012e+01
3.332261004922769132e+01
4.123100341467778662e+01
5.034136290373736955e+01
5.022965232804502733e+01
6.472512235340984432e+01
6.524599129955957721e+01
6.777740613018923455e+01
3.151895603416799929e+01
5.510116118857364853e+01
9.897442044111639348e+01
5.170114557732861016e+01
2.553248194142148364e+01
4.187769356361391715e+01
4.961208458181480552e+01
9.351599202744193917e+01
5.808413460421859043e+01
6.560708338350691804e+01
4.964545254852077250e+01
2.644602010805597914e+01
5.155683831245881521e+01
5.920558350712950357e+01
6.600265711603087482e+01
7.437490316939221202e+01
8.516401201518624475e+01
6.805262192319557357e+01
2.827633324728649811e+01
2.685424184535841619e+01
9.023913068685972405e+01
8.642301688219411915e+01
4.781642848712724003e+01
5.821069514499341579e+01
6.688635414000418677e+01
4.141158789136511587e+01
3.269520353600513118e+01
5.160204404840417425e+01
3.176721608702441557e+01
4.766518662229302805e+01
5.469913419851304326e+01
2.734837418355950334e+01
4.256484270048939322e+01
5.372679659430028209e+01
4.619807062327533487e+01
7.814293194055645131e+01
5.000200304276727792e+01
6.784577889814609364e+01
4.181779143378306429e+01
2.660757491388192264e+01
3.330437744991073856e+01
3.195158066063001812e+01
4.044306100327560927e+01
4.378755346494484257e+01
5.883903243951559858e+01
5.951641073488079314e+01
2.686418422446118726e+01
2.512312637475313437e+01
4.224266921497519434e+01
4.573505434550811088e+01
4.830393146226276713e+01
7.851677667391859927e+01
2.766538916497888323e+01
7.924732949197260723e+01
3.786959391430483635e+01
5.752724536753043338e+01
5.801768986283649809e+01
3.183163341408105751e+01
5.349142274606133896e+01
4.676086243594631497e+01
4.164187161490880129e+01
3.492116362540891572e+01
8.371891540485556504e+01
5.849739816071222975e+01
4.243508889269453732e+01
8.540721393854134647e+01
4.024862186899909489e+01
6.936487799609592741e+01
5.554697624992401472e+01
4.843758116120623924e+01
4.781604948768811880e+01
4.324227826348537462e+01
4.085448031794533819e+01
7.343540250211512443e+01
3.362829928874524654e+01
4.626286071322919469e+01
4.495638322769171680e+01
6.297553172889481488e+01
4.497364200470928353e+01
4.287299970058234777e+01
3.772553872800188657e+01
4.354157702215896819e+01
3.818481483720582759e+01
4.006033553812265779e+01
3.831047430733713810e+01
5.003662591721082009e+01
3.772688268818509272e+01
4.530215655950313902e+01
4.039222590107775090e+01
5.625644823632086400e+01
3.728043250350095406e+01
3.232185601470627034e+01
8.468365082584651304e+01
2.910536425407794781e+01
2.935884363728525059e+01
3.791016494593422692e+01
5.414939858976552500e+01
1.593506958912474936e+01
5.748654522392808985e+01
1.959071046952515260e+01
4.819538717402480188e+01
2.673246386035931366e+01
3.874032442481014726e+01
5.308729313153821039e+01
5.378546966971146048e+01
5.752218746171878649e+01
2.387627200637056291e+01
1.980207967005869918e+01
3.943989984381856573e+01
4.089093541388835717e+01
8.749940653434046567e+01
8.003778127967925116e+01
5.080851567445087369e+01
8.345680195417565983e+01
4.400062545629222654e+01
5.827529470015068824e+01
1.860658537958084224e+01
6.935255646102760352e+01
2.992843510799806594e+01
5.128079477581531620e+01
8.953280645867737064e+01
3.524125637685943246e+01
1.672287131707994234e+01
2.223573633753122181e+01
2.354385738531254191e+01
2.887397960875031799e+01
3.908070019887167490e+01
2.466155233018112014e+01
6.133615031557661013e+01
1.183218203544041387e+02
2.386116625924542944e+01
3.898422283036282465e+01
1.182077367271355115e+02
3.048780649111554553e+01
8.217881351844268067e+01
2.037955333964287163e+01
7.236269973752270346e+01
2.524473501067809522e+01
4.303802418231904170e+01
1.739056183688954960e+01
3.716923118330191755e+01
8.644864509841313804e+01
3.098913036447531510e+01
3.609848476968408448e+01
5.126256541432267966e+01
1.811864414077045993e+01
2.796339973536762002e+01
5.262069832285313709e+01
1.879013412813134920e+01
4.130988573040536238e+01
4.358980344269854612e+01
2.613001382738945111e+01
2.635907164771059996e+01
3.062468075398718170e+01
5.188121078054471269e+01
3.925995134022769406e+01
5.409219217576694660e+01
2.307262903000042442e+01
1.921216722536781418e+01
6.641059501993781566e+01
3.596490490018094022e+01
2.743831467654751322e+01
4.797429194790844775e+01
9.386469218502260503e+01
3.522254315627281329e+01
3.108389624349689484e+01
2.134179233772936257e+01
3.023995445892549583e+01
8.199865865341830329e+01
4.382373193985965543e+01
3.478398427247016400e+01
5.566662035455118485e+01
4.820266414782538789e+01
5.108344293116602586e+01
2.937989058879141524e+01
2.040216799293023087e+01
7.757562077476711693e+01
4.074897312181908404e+01
5.751276755843066724e+01
4.257032871546436326e+01
2.748259439289558870e+01
2.544548312551972913e+01
3.575131283105945101e+01
1.772222272692939882e+01
2.714125285269565069e+01
9.813331412034473544e+01
5.015428839436275865e+01
6.374778347648466337e+01
2.586155228726208577e+01
2.402457588732388416e+01
5.050417952463330096e+01
1.226625388221822988e+02
1.811200001764493450e+01
4.604928416564629856e+01
4.842122740257387647e+01
4.047026789466458752e+01
4.535096137785163961e+01
4.717225847158918128e+01
1.766285303870510859e+01
4.487408965490221391e+01
3.409359656852237208e+01
5.177427028598750525e+01
3.294288402560919593e+01
5.087618430209463583e+01
9.119842602723092284e+01
3.893136996219840995e+01
4.107733048608483273e+01
2.755103248169401198e+01
4.994228949915881799e+01
5.235788796447886284e+01
1.082046310385575936e+02
6.134369140562679235e+01
2.788023851786435614e+01
3.821520357616789454e+01
6.263187789960292662e+01
4.282651508998436185e+01
6.789708651150377250e+01
4.978486017048857804e+01
3.695126126714615822e+01
4.052681007747761299e+01
1.032122560324088454e+02
8.281991192206403696e+01
5.770742038239322369e+01
3.746380277386634106e+01
1.044485785282586079e+02
3.153142505574142618e+01
3.527143023937710353e+01
5.429684695343585332e+01
3.197034451129669108e+01
8.329926136868301967e+01
7.451919769303479768e+01
3.238501743859903570e+01
2.944787679791116020e+01
5.882168723016881984e+01
3.769432053792410642e+01
2.265652488077832416e+01
3.617263821582866967e+01
2.899574429098745298e+01
8.507236917280725663e+01
3.888042142707471527e+01
3.957472786565923428e+01
2.124082862505402858e+01
1.137524585237015060e+02
8.898237874700983241e+01
7.737607568574561867e+01
4.101192509481844439e+01
1.090217490118294847e+02
2.976402739638428585e+01
7.919465325625114360e+01
5.201842276463158043e+01
5.717904605111971961e+01
1.023665298099966634e+02
3.047322102835645907e+01
6.824798373950304153e+01
4.284305977769638218e+01
1.271427664170135330e+02
3.948807693081823800e+01
6.490680320106915246e+01
1.300112309683841261e+02
8.338926822570424235e+01
4.651132502099572719e+01
1.053724448159272100e+02
3.000258459919143661e+01
8.645073898679953572e+01
2.712387268667758278e+01
6.387474977296803758e+01
3.563590192228078024e+01
4.935037723566995993e+01
4.053901250798607236e+01
6.320784879838696213e+01
5.439730122228372267e+01
3.978750057361263259e+01
5.159558103846385535e+01
6.807608876703727674e+01
3.711729348385203764e+01
7.055609702487564050e+01
7.350342563999841161e+01
4.235311061938801203e+01
4.413495974981420744e+01
4.387349244717759689e+01
5.609524084431816959e+01
3.712539044788546505e+01
3.810698654433729615e+01
5.110530980336901052e+01
3.758001280112917897e+01
6.976061617046882191e+01
4.775685975141603024e+01
4.479167427539128710e+01
6.603147109609936649e+01
4.372770469292444062e+01
4.827997042872519984e+01
4.283072991318400824e+01
3.123782824118623225e+01
4.375266917749775786e+01
2.738878442639008526e+01
4.403265242909573374e+01
1.056594626261862544e+02
5.048401611270184475e+01
4.833980672933000733e+01
6.093539825887087602e+01
6.475354722423314513e+01
1.056231919000340724e+02
8.283690030195921850e+01
4.699854329202489112e+01
3.875876840634632003e+01
8.881238582716015628e+01
4.665249730338884859e+01
9.669775683738815530e+01
4.007974524465395660e+01
6.125537415635049143e+01
4.702618080810666612e+01
9.612600371552004219e+01
4.856391624411177332e+01
5.762409237775854365e+01
6.596203023872995175e+01
3.960921867853325296e+01
5.722848054994594236e+01
4.890911663867429127e+01
7.604696582357426848e+01
4.133899081366072181e+01
4.736783780423770196e+01
9.125722179992347094e+01
4.397964962226964047e+01
5.889903605599870673e+01
4.380873499100941615e+01
7.605880159996696932e+01
7.526887524224001424e+01
2.491386483840258492e+01
8.823318597717104694e+01
4.094863164571290071e+01
1.129656506771012516e+02
6.214823181280556241e+01
4.329943439641435532e+01
4.665353843879006490e+01
1.500103785236841247e+02
3.902744734266374138e+01
3.920996109693778209e+01
8.375455572703954488e+01
4.312381558491335198e+01
4.117431390163714156e+01
5.931085492538181114e+01
5.948508175813310572e+01
5.929217311714727856e+01
1.459390409708672962e+02
8.533688019505056843e+01
4.498346735968950583e+01
4.776598081733051515e+01
4.890959578875489200e+01
9.999876038236993736e+01
3.317345678408629794e+01
2.789235620429366946e+01
6.742444797275308588e+01
5.313947972399481046e+01
1.049029976274280216e+02
7.749390337642728355e+01
9.127208876956663630e+01
3.669484742161107960e+01
5.364717082183087626e+01
9.065347344876121838e+01
7.340518263102548246e+01
7.334266347337110403e+01
4.086035552122407211e+01
5.269388514706318460e+01
3.994983035066959332e+01
9.877618511426908299e+01
7.014480205798498957e+01
1.212057447085317818e+02
6.951115490483419990e+01
8.703788190011161419e+01
7.501076741713627882e+01
5.538281676619575222e+01
6.874721183355445930e+01
4.977135525952513717e+01
8.967590015186691232e+01
7.608853410640911363e+01
7.119810766638296684e+01
4.637870175405164730e+01
7.121163052513216485e+01
6.733759491785815499e+01
5.823307307487262108e+01
1.095061872371384766e+02
9.073777738459222064e+01
1.615539597516957144e+02
3.225195283819538616e+01
3.555790556111099932e+01
8.207240501655176956e+01
7.275634093879017428e+01
3.821944040786014796e+01
1.035362158690564058e+02
9.891380711667025594e+01
9.469351957281897114e+01
6.581339190254657012e+01
1.248679400265014721e+02
1.064893779583412652e+02
9.560335417337127240e+01
6.394845959179986750e+01
8.149498059250429094e+01
7.699016919624756383e+01
6.108696087283578890e+01
9.820908360063567955e+01
8.616638424578407296e+01
5.355934753978367269e+01
7.448094716112632341e+01
5.800674983404944385e+01
5.125597501911080656e+01
3.088260198256515565e+01
9.343946091432709977e+01
3.523030365279382892e+01
1.217284314213715817e+02
6.958439662888120836e+01
5.927956641794299486e+01
4.420882770734898770e+01
8.592307962894510354e+01
1.104374220995503890e+02
5.638342471243941390e+01
5.199018549072651751e+01
3.806382253744656907e+01
9.089985824912194801e+01
8.947498715170485184e+01
5.783711602691878539e+01
3.777590287127136293e+01
5.794307956512962221e+01
5.534368902873605833e+01
7.784240886709575591e+01
7.363081279185736605e+01
6.273590819466334523e+01
9.698733372409547826e+01
1.152431260979343932e+02
6.424670409974540064e+01
1.110617059583633051e+02
7.660655277855998690e+01
4.431908008420337808e+01
7.342545753475920378e+01
8.920283300852392472e+01
4.128350999315421177e+01
6.650004203149784132e+01
3.513953413763415767e+01
4.315083362601327366e+01
6.921629507890024513e+01
4.538245832260574275e+01
1.043526001306525473e+02
1.068639709107050777e+02
1.015341533502824802e+02
9.996840452573917446e+01
7.754000255287674293e+01
7.644334181547063167e+01
8.338991485497201950e+01
1.003938394072402787e+02
7.206170458630404596e+01
6.270032286012725109e+01
1.433637818365657779e+02
8.845987391789026333e+01
8.747913124314551681e+01
1.054537599871987652e+02
4.933089069817516048e+01
1.494700066547709127e+02
1.097260705088472434e+02
1.466877482270859332e+02
1.216255706113068555e+02
1.540106631857435957e+02
6.960222704919647185e+01
9.863316623923537918e+01
7.272622246661705958e+01
8.098095771596763370e+01
1.311571370009483530e+02
1.079190465036266460e+02
1.051012667409328429e+02
5.423980202708392540e+01
1.278429496654524655e+02
7.405389319381146151e+01
8.011903781311779937e+01
6.579876932696153347e+01
1.288867030636971549e+02
7.811608648638978991e+01
4.400957201453865508e+01
5.741866806248579991e+01
1.632114056416936876e+02
1.313138274171189721e+02
1.124251791851903590e+02
1.238161612595511940e+02
6.955621288214382503e+01
8.309710904023638989e+01
9.375382939084012435e+01
7.640044290290326501e+01
1.548370997331550996e+02
6.613048284981636016e+01
6.235110081875907895e+01
1.416597118029571050e+02
9.534494644019332554e+01
8.886179548707548292e+01
6.173389517901136969e+01
1.307817760828893654e+02
1.419783546540572559e+02
9.958059911594251901e+01
4.984002167885059720e+01
7.738571498184067821e+01
1.180413091755558668e+02
1.134780200084779551e+02
7.249024637090511192e+01
1.055109012186336628e+02
2.464780587244687027e+01
8.349626374846890542e+01
8.477949407839508922e+01
1.706426576476050343e+02
9.565029479794003464e+01
1.697408360344934977e+02
8.782637346575370429e+01
4.101392386366561738e+01
9.339812280851471371e+01
4.741739485051949288e+01
7.494883816198169768e+01
1.367192436651169487e+02
1.496488070274571953e+02
8.142322641245061732e+01
1.693142613016847804e+02
9.495510761115434661e+01
1.142167339278830696e+02
1.144022030895892783e+02
1.187743728250919446e+02
8.028307204543297360e+01
1.271283241350147364e+02
1.280244003999090125e+02
7.788219780726858232e+01
1.085957452404250887e+02
4.636855980115356601e+01
9.685106537373665958e+01
9.939846189754571526e+01
5.285804287035700355e+01
8.140928035351331005e+01
7.831285745853666924e+01
1.058080062711717915e+02
7.093609886040378854e+01
9.262693259396650092e+01
1.343233852594253790e+02
1.477574789250195124e+02
6.469222024871740473e+01
1.336091612154534118e+02
1.255588785686132525e+02
8.202179527458075370e+01
8.980245475894290053e+01
1.671343138482922654e+02
1.051333705649900736e+02
1.639706548613062580e+02
9.187955520034557821e+01
9.831552053554678139e+01
1.816350870820810144e+02
4.268273248559077615e+01
8.435833715065353999e+01
1.158830212731254932e+02
1.416218320342375137e+02
1.423084515565642221e+02
1.152045362981792067e+02
1.183847338450608646e+02
1.062807771639089651e+02
1.049247936992671555e+02
1.514807083969338066e+02
8.507040514784756624e+01
1.525985684820274173e+02
6.987021579372294866e+01
1.968071147267887966e+02
4.505285603912885506e+01
1.135510891070620403e+02
1.008818135932010023e+02
1.232376667040002474e+02
4.128798305481776509e+01
1.073168636998955634e+02
1.143850050644835648e+02
1.045159474288062000e+02
5.742950105512388603e+01
1.375592540638482717e+02
1.038841935121540132e+02
1.368558742613365382e+02
4.192261642221590989e+01
5.984423585478845098e+01
8.725097644243632544e+01
6.496839912298837305e+01
6.050146339790359207e+01
1.348542923830511882e+02
1.004545291620968328e+02
8.704402834617066276e+01
7.265495537167511486e+01
1.106539079608735534e+02
1.676178667129886719e+02
4.873884896202815753e+01
1.011305430753024410e+02
4.288009913576277654e+01
7.101885592877009401e+01
1.035453820149970880e+02
8.324267916921237997e+01
1.205720570463618913e+02
4.818962794452210829e+01
9.432035796995756982e+01
5.825770667809157999e+01
4.048772058367989501e+01
6.355483307960808048e+01
1.130738708903990926e+02
9.671331084662614330e+01
1.545665657595947096e+02
5.553374408139008267e+01
3.641143024867751876e+01
4.558170274808208688e+01
7.220067018006167814e+01
7.294789572804052113e+01
8.508541531535041713e+01
9.522161810613074806e+01
5.924605729375695518e+01
6.088798313695308906e+01
5.897062932851182637e+01
1.368183235017039010e+02
1.276872815809990129e+02
8.390984176631341995e+01
7.240083085614999447e+01
8.331517457425279360e+01
1.072731661733351842e+02
7.032055100626358524e+01
9.718024562366674957e+01
1.305801226933037356e+02
8.647102903786294803e+01
1.408602958717149534e+02
1.228439563974911977e+02
7.584804369013284031e+01
1.976819033904326659e+02
4.036976487369413746e+01
7.590707330181324153e+01
5.672313682148818970e+01
6.570270336058366922e+01
3.968989482962433613e+01
1.296624492207872947e+02
7.482371944155211452e+01
1.267742896305929889e+02
2.267430227843910302e+02
1.763634318182732272e+02
1.092265724705481489e+02
1.468090528575511655e+02
1.321037004488424316e+02
4.828374695714997245e+01
6.325268012735148915e+01
1.656339915179353284e+02
1.256413217410540284e+02
7.803075526949520224e+01
8.233245870070373940e+01
8.685309160429615360e+01
1.233669784749895939e+02
1.030752747034999572e+02
5.885567037058999063e+01
4.260157449793604201e+01
1.259297932535788789e+02
7.419529483221083410e+01
1.246024402118532635e+02
4.765354646102677805e+01
1.104378178057367563e+02
1.073826290364989404e+02
6.725791899090283721e+01
5.193660390735058030e+01
8.704583456759876015e+01
1.564878985116924355e+02
8.743162539792288612e+01
1.406417127536470559e+02
5.687606110181223329e+01
8.985399944508107239e+01
5.853996934987985412e+01
6.129246272390633976e+01
8.485085648869254271e+01
5.654082847087593677e+01
1.055314891173930505e+02
8.444932670301371047e+01
1.102059010048622412e+02
1.483559820598788690e+02
6.468729261883687798e+01
1.250509518989630351e+02
6.570384137410033532e+01
9.405976433415861493e+01
8.195355228187169416e+01
8.330065533069905825e+01
1.333687233678505208e+02
5.824095509715642294e+01
3.753600303003663896e+01
1.001181897299963737e+02
6.057024231092382394e+01
8.306964909522464779e+01
5.855388109931765683e+01
1.761685182864214596e+02
6.063100136787966221e+01
9.302949681368966139e+01
7.960782741693647324e+01
1.188129178393306944e+02
6.758218678356374198e+01
1.746558556404416152e+02
1.614369634877344311e+02
6.921286513904868798e+01
8.227129861468880279e+01
3.554515649674824118e+01
9.062487509540916619e+01
5.584234836413375547e+01
1.280265589501504451e+02
1.379393725633446195e+02
9.405261836367752437e+01
1.408617031618825024e+02
9.082368057681321716e+01
3.245676596356391741e+01
8.595816435085382068e+01
8.965519262389858568e+01
5.468645625691748791e+01
1.223996127007670367e+02
4.485724839416194953e+01
9.247503994301759178e+01
1.570786560683785069e+02
1.251343751967052356e+02
9.745128759783456474e+01
1.318524504623065070e+02
8.382711172978864056e+01
1.592424434726109155e+02
6.878117926474862998e+01
4.949410119273352393e+01
1.072679121575915815e+02
1.027166726739527434e+02
9.122262207162192738e+01
8.931992223627560179e+01
4.535408000715791843e+01
1.145755845645445419e+02
7.910557688414597521e+01
7.033640769213131705e+01
6.331707151938007172e+01
7.641271648480851297e+01
8.175761069473375642e+01
1.165801060163255585e+02
4.344778101106207657e+01
1.205465334358846263e+02
1.184836012704917465e+02
1.270338293951009092e+02
7.170673637310788706e+01
1.092933358559431838e+02
6.861489453769723923e+01
8.745814595418779902e+01
1.442798593393049771e+02
5.068496887347119895e+01
9.337483295764678815e+01
9.368197328635733356e+01
8.260664459755648181e+01
1.412506441817463951e+02
4.132989434557797637e+01
1.516999958437331770e+02
1.261736444241358441e+02
1.696801294555809818e+02
4.286714382691132386e+01
1.174515013349155055e+02
9.913179669723351140e+01
1.356227700737174473e+02
1.568704230358013660e+02
7.501148450456054206e+01
1.280314639087544322e+02
8.036348974767616937e+01
9.235202117640383790e+01
1.365355039563149830e+02
1.595324384274606473e+02
1.929196995259067933e+02
1.289185102043789755e+02
1.307432163734023334e+02
1.145240014061182166e+02
1.511736266570508178e+02
1.032205824183056393e+02
1.073718977076859318e+02
1.348441017670172073e+02
6.028333887282663994e+01
7.798060445119779160e+01
2.438255195094496059e+02
1.008075819749949602e+02
1.692682099763413532e+02
1.005238508955615231e+02
7.195939713403279825e+01
1.674146953401698852e+02
1.529062183733898905e+02
1.683609473623145902e+02
1.397437452555037112e+02
1.007264624531670023e+02
1.631586286942718402e+02
1.005038102631786359e+02
7.666629988479841984e+01
1.129342937799512470e+02
9.351308179943053744e+01
1.258032937005246055e+02
1.896193727320456617e+02
1.227446135283633168e+02
1.486778363136621408e+02
1.097654209875746290e+02
1.358517199673185303e+02
7.056299450198598322e+01
8.310097135627543707e+01
7.423933408267411949e+01
8.040218831484574480e+01
1.101103078229880765e+02
9.018641475577574340e+01
1.097362765068922812e+02
1.025966223787400651e+02
8.039286047884554876e+01
1.799534845981911815e+02
1.183253057176908669e+02
1.182632134973394358e+02
1.570302770537068682e+02
7.296924798736009166e+01
9.016816849998370742e+01
1.062095658529137836e+02
1.194792994648817199e+02
1.993851446036565846e+02
8.591567231989340314e+01
1.437456201261702233e+02
1.792293763401742126e+02
1.539552844255638604e+02
9.250205270831267512e+01
8.737041607290180423e+01
8.884166588416799470e+01
