3.235266683101654106e-01
6.982465696334838601e-02
6.949336838722229570e-02
6.923453903198242831e-02
6.906830739974975653e-02
6.918769693374633711e-02
6.901121401786804166e-02
6.896824860572814408e-02
6.910674214363098089e-02
6.902525210380554277e-02
6.903637003898620284e-02
6.898032212257385054e-02
6.902571105957031050e-02
6.902256512641906372e-02
6.911410713195800803e-02
6.917144560813903720e-02
6.903606605529785667e-02
6.906246566772461515e-02
6.905848670005798606e-02
6.915133333206176236e-02
6.910251855850219060e-02
6.915915298461913774e-02
6.919116640090942905e-02
6.913197088241576638e-02
6.922086358070372869e-02
6.944091510772705533e-02
6.952232122421264648e-02
6.944909286499023615e-02
6.932543063163756902e-02
6.924910712242125788e-02
6.933546853065490623e-02
6.932849812507629883e-02
6.925958943367004073e-02
6.923499369621276267e-02
6.922347879409790350e-02
6.922654700279236295e-02
6.915480709075927379e-02
6.911721253395081144e-02
6.907095646858214810e-02
6.927599453926086559e-02
6.922252178192138394e-02
6.919375061988830566e-02
6.931530880928039873e-02
6.915353775024414562e-02
6.913134908676146773e-02
6.914370584487915250e-02
6.917530798912048529e-02
6.919894766807556385e-02
6.913709378242492709e-02
6.914772319793700828e-02
6.909222841262817327e-02
6.923949790000916149e-02
6.925389409065246804e-02
6.918858766555785467e-02
6.954161739349365434e-02
6.948857736587524259e-02
6.959553384780883811e-02
6.962750124931335605e-02
6.952457189559936579e-02
6.957224988937378563e-02
6.955002093315124090e-02
6.952726602554321067e-02
6.948447179794312034e-02
6.947488927841186102e-02
6.958416342735290749e-02
6.954696869850159058e-02
6.950511455535889060e-02
6.961944556236267234e-02
6.948786044120788818e-02
6.955487632751464200e-02
6.965595412254332874e-02
6.962865948677063321e-02
6.961684942245482954e-02
6.980077266693114624e-02
6.993135666847229148e-02
6.959689950942993253e-02
6.961858081817627608e-02
6.956015348434448076e-02
6.955536723136901411e-02
6.966467928886413419e-02
6.951791405677795743e-02
6.963602399826049338e-02
6.965756464004516091e-02
6.954801988601684581e-02
6.966961431503296276e-02
6.953745031356811657e-02
6.959211683273315574e-02
6.956759810447693537e-02
6.960808658599854093e-02
6.966841983795166171e-02
6.963905048370361284e-02
6.978340220451355325e-02
6.962972688674927413e-02
6.970387697219848633e-02
6.971220564842224576e-02
6.961927938461304199e-02
6.959499454498291326e-02
6.968918538093567261e-02
6.964867234230041892e-02
6.957245373725891302e-02
6.964115357398986683e-02
6.962506937980651733e-02
6.967151403427124245e-02
6.966417050361632668e-02
6.974930715560913319e-02
6.973475480079650846e-02
6.974341821670532182e-02
6.997699666023254883e-02
6.983721256256103516e-02
6.984961223602294267e-02
6.990740394592284690e-02
6.991135168075561512e-02
6.972991204261780318e-02
6.979942822456360052e-02
6.985323143005371660e-02
6.989488911628723156e-02
6.981710243225097701e-02
6.985219001770019698e-02
6.988797473907470970e-02
6.982207250595093284e-02
6.979515743255615412e-02
6.992846965789795144e-02
6.988969302177429344e-02
6.984933876991271384e-02
6.976806855201721225e-02
6.988601374626159102e-02
7.001880574226379550e-02
6.992621779441833552e-02
6.987668848037720259e-02
6.993770170211792425e-02
6.983775663375854648e-02
7.019967389106750166e-02
6.999962759017944181e-02
6.988682436943054188e-02
6.980578565597533869e-02
6.991347646713257091e-02
6.985228228569030640e-02
7.004142522811890315e-02
6.998946928977965720e-02
7.001015496253967796e-02
7.007112717628478926e-02
7.048001527786254550e-02
7.009035825729370561e-02
7.001274299621582098e-02
6.998836660385131248e-02
6.999324202537536566e-02
6.990961551666259599e-02
6.998913693428039651e-02
7.005058145523071489e-02
7.006312370300292469e-02
6.999204707145691151e-02
7.000421857833862005e-02
7.004180455207824341e-02
7.003854346275330267e-02
6.999029827117919655e-02
7.004123997688294079e-02
7.036455154418945479e-02
7.005687975883484464e-02
7.006360292434692105e-02
6.993450856208800748e-02
7.039803934097289828e-02
7.029893064498901611e-02
7.018677830696105902e-02
7.017134118080138594e-02
7.020364904403686435e-02
7.034302020072936978e-02
7.088985276222228848e-02
7.065369987487793435e-02
7.070245385169983410e-02
7.060253977775574064e-02
7.056452560424804343e-02
7.043781900405883534e-02
7.050693011283874767e-02
7.056064581871032693e-02
7.043994593620300781e-02
7.100002050399779885e-02
7.112618780136108210e-02
7.037169289588927901e-02
7.071049189567565896e-02
7.087371683120727295e-02
7.062694430351257324e-02
7.133013129234314076e-02
7.106775665283203425e-02
7.022160720825194880e-02
7.029803633689880871e-02
7.026228880882262606e-02
7.019826030731200761e-02
7.031151771545410267e-02
7.017144942283630449e-02
7.029165983200073853e-02
7.038258504867553333e-02
7.027196764945983776e-02
7.048953604698181274e-02
7.080351853370667192e-02
7.023078227043151600e-02
7.038453912734984885e-02
7.033453893661499590e-02
7.045156621932983920e-02
7.062489676475525169e-02
7.064349508285522328e-02
7.061481165885925837e-02
7.059021949768067017e-02
7.051832866668701627e-02
7.091029930114746416e-02
7.025487518310546964e-02
7.082177805900573275e-02
7.058605360984802901e-02
7.036511731147766791e-02
7.038055348396300703e-02
7.037758612632750987e-02
7.031824588775634211e-02
7.040864014625548839e-02
7.035866522789001321e-02
7.041006779670715143e-02
7.040887856483458995e-02
7.043267679214477994e-02
7.040721774101257879e-02
7.049306750297545943e-02
7.047291493415833163e-02
7.056600213050842618e-02
7.050193333625794090e-02
7.050221538543700872e-02
7.046747231483459217e-02
7.040559363365173073e-02
7.038875818252562921e-02
7.048194074630736994e-02
7.055690383911132624e-02
7.048517704010009988e-02
7.050834155082702503e-02
7.048011851310730103e-02
7.055170774459838812e-02
7.056486606597900391e-02
7.067840003967285067e-02
7.066543006896972012e-02
7.063312506675720193e-02
7.061442494392394797e-02
7.055743932723998468e-02
7.138780689239501709e-02
7.061197471618652077e-02
7.059182143211364946e-02
7.148490428924560158e-02
7.068876075744628951e-02
7.057448744773864302e-02
7.053978514671326028e-02
7.065710902214050737e-02
7.078185582160949341e-02
7.079299688339232843e-02
7.081660413742064952e-02
7.069512462615966386e-02
7.089354586601256947e-02
7.082561683654785278e-02
7.085566830635070534e-02
7.073784327507018355e-02
7.064104056358337658e-02
7.075776076316833696e-02
7.068806982040405640e-02
7.063376355171203935e-02
7.070026803016662975e-02
7.081028580665588157e-02
7.067103409767150346e-02
7.060500955581665294e-02
7.072356247901916138e-02
7.088252758979797508e-02
7.074453687667846269e-02
7.090594053268432784e-02
7.071651506423949629e-02
7.065322017669677102e-02
7.064613175392150946e-02
7.055024743080139105e-02
7.070629310607910722e-02
7.076048493385314608e-02
7.067971873283386552e-02
7.057473754882812034e-02
7.074380970001220570e-02
7.056034588813782371e-02
7.074072051048278797e-02
7.118239617347717207e-02
7.059195375442504916e-02
7.053294849395752575e-02
7.040442633628844760e-02
7.055185723304747969e-02
7.047251987457275879e-02
7.046982574462890003e-02
7.076456379890441739e-02
7.070062160491943914e-02
7.056484866142273549e-02
7.059118103981018577e-02
7.062526607513427979e-02
7.064772510528564975e-02
7.064805340766906749e-02
7.057171821594238059e-02
7.064967226982116211e-02
7.052878689765930409e-02
7.051585006713867454e-02
7.043902850151062545e-02
7.056264257431030251e-02
7.056701970100402732e-02
7.059846067428589278e-02
7.066582608222961304e-02
7.066480517387389859e-02
7.065521240234375056e-02
7.096959996223449474e-02
7.075205802917480802e-02
7.049391746520995705e-02
7.101233601570129672e-02
7.110677027702332065e-02
7.112173771858215643e-02
7.115753436088562145e-02
7.121406674385070967e-02
7.113475608825683971e-02
7.108793830871582009e-02
7.091390228271483853e-02
7.131122517585754272e-02
7.134511733055114158e-02
7.154887771606445457e-02
7.145203733444213667e-02
7.131014895439148626e-02
7.153254199028015459e-02
7.122327899932860695e-02
7.073017597198485995e-02
7.088310980796813654e-02
7.087169408798217607e-02
7.082437896728516202e-02
7.090355539321899214e-02
7.081505703926085915e-02
7.106838369369507247e-02
7.096573662757874046e-02
7.098407888412475164e-02
7.100703358650208019e-02
7.135237646102905729e-02
7.125467300415039285e-02
7.102131724357604869e-02
7.145495200157166160e-02
7.096120071411132768e-02
7.100421500205993108e-02
7.110904574394226463e-02
7.124965190887451449e-02
7.126228475570678400e-02
7.099080109596252186e-02
7.104193091392517478e-02
7.109650802612305087e-02
7.099712848663329579e-02
7.096531200408935647e-02
7.105036473274231601e-02
7.112406325340271673e-02
7.138056445121765403e-02
7.102377343177795899e-02
7.106890797615050825e-02
7.104434561729430775e-02
7.137368106842041648e-02
7.143540000915526988e-02
7.116240501403808816e-02
7.103742504119872625e-02
7.100555849075317061e-02
7.104014873504638228e-02
7.120353674888610374e-02
7.113612151145934370e-02
7.114350366592407660e-02
7.100352311134337790e-02
7.200343227386474254e-02
7.107795071601867576e-02
7.118355560302734586e-02
7.122159099578857788e-02
7.122268033027648326e-02
7.119495630264281727e-02
7.109049963951111217e-02
7.124505519866942971e-02
7.110516595840453424e-02
7.171704220771789318e-02
7.139931988716125000e-02
7.130354905128478971e-02
7.163944888114928689e-02
7.166066050529479314e-02
7.150319695472717729e-02
7.165342450141906627e-02
7.125511145591735540e-02
7.142137408256531150e-02
7.138493847846984208e-02
7.163467025756835305e-02
7.173627710342407593e-02
7.138440942764281982e-02
7.173599696159363437e-02
7.178637194633484542e-02
7.165745258331299161e-02
7.136581921577453413e-02
7.143686652183532659e-02
7.138679456710815552e-02
7.141280841827392367e-02
7.132166290283202537e-02
7.132109045982361339e-02
7.131556606292724365e-02
7.129728579521178722e-02
7.142904376983642833e-02
7.157733106613159424e-02
7.134898567199707275e-02
7.132069206237792725e-02
7.135789871215819646e-02
7.141815423965454379e-02
7.136048769950867343e-02
7.140050530433654508e-02
7.141111493110656461e-02
7.137163758277892400e-02
7.135320830345154297e-02
7.144305014610290161e-02
7.144228816032409390e-02
7.147459053993225619e-02
7.142498421669006559e-02
7.130300688743591853e-02
7.131564640998840077e-02
7.151766252517700873e-02
7.143245530128479459e-02
7.143680930137634444e-02
7.133441162109374623e-02
7.138031554222107333e-02
7.145065021514893089e-02
7.140305280685424472e-02
7.164320278167723988e-02
7.144200468063353904e-02
7.149819016456604448e-02
7.149577832221984397e-02
7.151627397537231590e-02
7.160801005363463811e-02
7.157045817375183583e-02
7.154235124588012584e-02
7.141954922676085893e-02
7.155928325653075628e-02
7.170041775703429876e-02
7.155702042579650812e-02
7.155836033821105779e-02
7.179138064384460449e-02
7.143269348144530573e-02
7.153188920021057162e-02
7.148531460762024003e-02
7.148606753349304177e-02
7.166454219818114979e-02
7.165647387504577026e-02
7.158167076110839855e-02
7.165476369857788630e-02
7.163182044029235696e-02
7.171570968627929976e-02
7.159573245048522772e-02
7.157480573654174949e-02
7.134821939468383167e-02
7.086564016342163097e-02
7.077015209197998202e-02
7.079953956604004284e-02
7.078619313240051836e-02
7.128858637809754040e-02
7.080305337905884455e-02
7.083096051216125622e-02
7.076433229446410511e-02
7.085654020309448131e-02
7.077152657508850586e-02
7.085129976272583341e-02
7.091744303703308161e-02
7.150885581970214955e-02
7.164319443702697743e-02
7.173127174377441628e-02
7.142269873619079557e-02
7.146932387351989657e-02
7.142377591133117209e-02
7.163262081146240523e-02
7.155277180671691661e-02
7.156986093521118530e-02
7.133457565307617376e-02
7.175709056854248646e-02
7.156441926956176591e-02
7.150529766082763805e-02
7.152691221237182650e-02
7.162335133552551192e-02
7.156131720542907582e-02
7.148258304595947465e-02
7.156908464431763206e-02
7.161893606185913697e-02
7.158225345611572699e-02
7.156944417953491067e-02
7.174658584594727218e-02
7.165018296241759677e-02
7.173439478874206465e-02
7.148294496536254650e-02
7.171933126449585305e-02
7.170464658737182861e-02
7.164754128456116145e-02
7.174151897430419700e-02
7.169927191734314087e-02
7.167467713356018288e-02
7.163298392295837369e-02
7.170218110084533580e-02
7.172036910057068282e-02
7.171014976501464966e-02
7.174160623550415727e-02
7.172673320770263372e-02
7.172414612770081077e-02
7.178538775444030795e-02
7.169416022300720281e-02
7.168883037567139183e-02
7.170320415496826694e-02
7.174939084053039151e-02
7.175003266334534224e-02
7.175164413452148060e-02
7.167312979698181596e-02
7.172567319869994906e-02
7.175272417068481734e-02
7.175165009498596369e-02
7.188600754737853316e-02
7.171544003486633734e-02
7.167203330993651700e-02
7.172795772552489901e-02
7.184873509407042891e-02
7.211350536346435025e-02
7.180661725997924960e-02
7.270515418052672652e-02
7.206585121154784890e-02
7.236881184577942383e-02
7.197330164909362948e-02
7.204494428634643233e-02
7.176552176475524403e-02
7.238652825355529341e-02
7.286538648605346558e-02
7.187660813331603338e-02
7.180332589149475420e-02
7.175727009773254228e-02
7.185034966468810402e-02
7.227953767776489069e-02
7.204947900772094849e-02
7.211333203315735407e-02
7.224929761886596247e-02
7.188623332977295277e-02
7.183565521240234397e-02
7.236399960517883589e-02
7.230763792991638794e-02
7.197167038917541559e-02
7.211926007270813566e-02
7.203510642051696999e-02
7.194321465492248269e-02
7.184365129470825229e-02
7.213883614540099465e-02
7.187887215614319203e-02
7.190157485008240312e-02
7.201187038421630326e-02
7.215437054634094016e-02
7.247227716445922563e-02
7.219713044166564675e-02
7.319417881965636918e-02
7.228048706054687744e-02
7.221586322784423473e-02
7.213143253326416426e-02
7.192486000061035223e-02
7.184930276870728216e-02
7.193647599220276412e-02
7.197360706329346269e-02
7.194147467613219715e-02
7.216882300376892267e-02
7.206330657005309559e-02
7.189968538284301214e-02
7.191611242294311535e-02
7.210100173950195757e-02
7.210615015029907260e-02
7.219606018066405950e-02
7.200740718841552868e-02
7.191746854782105070e-02
7.195045971870422941e-02
7.187865900993346824e-02
7.217911338806151655e-02
7.191917443275451516e-02
7.197714138031005571e-02
7.201029086112975541e-02
7.200414848327636730e-02
7.202648043632507713e-02
7.209515237808226951e-02
7.153323292732238770e-02
7.129299688339232888e-02
7.146140336990355890e-02
7.144079375267028964e-02
7.151731014251709595e-02
7.164791107177734264e-02
7.157728981971740734e-02
7.139751648902893655e-02
7.192959022521973333e-02
7.184545588493347623e-02
7.201748085021972279e-02
7.196578979492188055e-02
7.197949457168578702e-02
7.206472921371459561e-02
7.205367588996887396e-02
7.215656566619872703e-02
7.198214745521545888e-02
7.206208848953246648e-02
7.210662674903869918e-02
7.209130501747131048e-02
7.204421043395996260e-02
7.204631733894348300e-02
7.203695940971374667e-02
7.215153503417968961e-02
7.219905686378479126e-02
7.208813643455505571e-02
7.212283968925475852e-02
7.232177996635437423e-02
7.226701831817626542e-02
7.215830159187316961e-02
7.207781291007996083e-02
7.218233776092529419e-02
7.223438382148743286e-02
7.221078944206238415e-02
7.227486824989318159e-02
7.231393265724182784e-02
7.229705190658569647e-02
7.225950813293456620e-02
7.220523333549500045e-02
7.244193911552429532e-02
7.207409763336181108e-02
7.220736050605773559e-02
7.222894096374511685e-02
7.237219834327697499e-02
7.218853163719177179e-02
7.218772602081298395e-02
7.217905616760253440e-02
7.216684079170226918e-02
7.245309019088745639e-02
7.227457046508789507e-02
7.225381398200989014e-02
7.238244676589965232e-02
7.230457568168639770e-02
7.251997041702271107e-02
7.229621672630309748e-02
7.236976313591003684e-02
7.246816754341126043e-02
7.242484760284423340e-02
7.245295691490173662e-02
7.277317547798156649e-02
7.230647420883178078e-02
7.233707690238952437e-02
7.243897390365600097e-02
7.244202709197998524e-02
7.240654110908507912e-02
7.246230125427245705e-02
7.244128370285034257e-02
7.231217193603516058e-02
7.240164923667907759e-02
7.252298951148987427e-02
7.246861314773558882e-02
7.268032836914062322e-02
7.248044991493225730e-02
7.252762079238891935e-02
7.248884892463683394e-02
7.244796562194824596e-02
7.249232292175293579e-02
7.242925071716307950e-02
7.249189352989196533e-02
7.235124015808105935e-02
7.234002137184143699e-02
7.246350550651550759e-02
7.248739433288574341e-02
7.266069412231444813e-02
7.267953920364379761e-02
7.252747988700866677e-02
7.251975727081298728e-02
7.266897988319397095e-02
7.245794534683228094e-02
7.261627364158630693e-02
7.246930789947510221e-02
7.242236089706420576e-02
7.251859593391418723e-02
7.259430789947510232e-02
7.260362696647644498e-02
7.254803228378295388e-02
7.249568319320678911e-02
7.254911756515503019e-02
7.253372049331664739e-02
7.256983375549316828e-02
7.262058615684509333e-02
7.265693521499633212e-02
7.257419109344481756e-02
7.296659803390502519e-02
7.264477229118347645e-02
7.258522701263427079e-02
7.252244830131530928e-02
7.265567803382873280e-02
7.262277507781982056e-02
7.252723765373229881e-02
7.259839868545532593e-02
7.253902363777160744e-02
7.267278027534485041e-02
7.261918282508850186e-02
7.266481089591979303e-02
7.267911791801452692e-02
7.254038023948669589e-02
7.249858093261718484e-02
7.275899457931518655e-02
7.258859586715697698e-02
7.252018594741821422e-02
7.254787373542785633e-02
7.263647866249084428e-02
7.268410181999206132e-02
7.272427463531494496e-02
7.254806160926818848e-02
7.255457043647765836e-02
7.260130596160888072e-02
7.260122179985045721e-02
7.262055659294128218e-02
7.263429069519042325e-02
7.252025651931762185e-02
7.267121338844299838e-02
7.264083504676818737e-02
7.283653068542481068e-02
7.275192356109619340e-02
7.292187237739562733e-02
7.274650907516479192e-02
7.270837473869323775e-02
7.267311978340149081e-02
7.274994039535521984e-02
7.277049398422241744e-02
7.285189008712768255e-02
7.310238718986511453e-02
7.271839284896849942e-02
7.279077076911925903e-02
7.275132632255554288e-02
7.275929379463196012e-02
7.284672570228577226e-02
7.280063056945801359e-02
7.277240729331969915e-02
7.290142798423766834e-02
7.274070358276367443e-02
7.271765589714050682e-02
7.284261131286620672e-02
7.280689787864684515e-02
7.273977279663085271e-02
7.282336091995239569e-02
7.280688953399658270e-02
7.281753873825072554e-02
7.281684207916259977e-02
7.276428556442260387e-02
7.283140158653259033e-02
7.285238051414490157e-02
7.290232467651366899e-02
7.273434543609619274e-02
7.289378738403320956e-02
7.286168742179870150e-02
7.291972541809081665e-02
7.297757697105407282e-02
7.295127558708190685e-02
7.299079942703247392e-02
7.272775101661682617e-02
7.288091039657593195e-02
7.286901760101317793e-02
7.283188796043396640e-02
7.282480788230895341e-02
7.294735002517700739e-02
7.280463528633117354e-02
7.298337960243225786e-02
7.297142887115479204e-02
7.298850250244140470e-02
7.303606510162354015e-02
7.302733874320983809e-02
7.310808968544006692e-02
7.287956190109252941e-02
7.326916480064392390e-02
7.301741576194763217e-02
7.298550987243652977e-02
7.287849307060241533e-02
7.309525108337402988e-02
7.311068773269653598e-02
7.298200130462646762e-02
7.326124668121337946e-02
7.302986741065979615e-02
7.314104938507079434e-02
7.307625460624694869e-02
7.301378798484801924e-02
7.299869346618652333e-02
7.350276064872741932e-02
7.325951981544494285e-02
7.298611044883727972e-02
7.304449892044066750e-02
7.304285454750060469e-02
7.294797587394714899e-02
7.302911543846130060e-02
7.294474434852600553e-02
7.307087254524230469e-02
7.312103486061095892e-02
7.315143537521362482e-02
7.312345314025879561e-02
7.303027510643005094e-02
7.300629043579101585e-02
7.333321785926819047e-02
7.314982604980468928e-02
7.290308308601380072e-02
7.299114489555358354e-02
7.307433390617371072e-02
7.328395485877990667e-02
7.310444140434264881e-02
7.308296704292296941e-02
7.313120222091674949e-02
7.338998937606810991e-02
7.318112301826476540e-02
7.324110484123229348e-02
7.323752760887146385e-02
7.313506340980530096e-02
7.309168601036071522e-02
7.334229207038879539e-02
7.315910935401916115e-02
7.316326856613158958e-02
7.305900716781615900e-02
7.326146984100341542e-02
7.319892525672912209e-02
7.321424412727356446e-02
7.318187928199768044e-02
7.327593421936035023e-02
7.331737875938415527e-02
7.329875612258911211e-02
7.323204255104065474e-02
7.312922763824462880e-02
7.321596384048462136e-02
7.333612465858459217e-02
7.337190580368041504e-02
7.326354312896728171e-02
7.330300426483153664e-02
7.330942058563232056e-02
7.339879465103149592e-02
7.331360149383545077e-02
7.327085614204406627e-02
7.333831238746643666e-02
7.327517437934875921e-02
7.344919347763061157e-02
7.338375401496886885e-02
7.336723899841308960e-02
7.329429888725280673e-02
7.334701466560364369e-02
7.370776820182800559e-02
7.346030259132385609e-02
7.314126920700073087e-02
7.328721141815185136e-02
7.330071997642517712e-02
7.314771389961242931e-02
7.343119335174561058e-02
7.329865503311157326e-02
7.331920742988586037e-02
7.352832508087157881e-02
7.342851161956787109e-02
7.335321497917175748e-02
7.343928098678588479e-02
7.339546275138854325e-02
7.340849995613098200e-02
7.341103124618529596e-02
7.347264814376830433e-02
7.356637120246886652e-02
7.348884367942809526e-02
7.342846488952636808e-02
7.343940520286559859e-02
7.356357073783874323e-02
7.350390720367432074e-02
7.364407563209533769e-02
7.352205395698546697e-02
7.353169512748718162e-02
7.349197053909302391e-02
7.342469143867492998e-02
7.346393394470214500e-02
7.350413465499877619e-02
7.338817954063416027e-02
7.342660737037658147e-02
7.342977094650268710e-02
7.357730436325073120e-02
7.360752320289612460e-02
7.352027249336243186e-02
7.347343230247498080e-02
7.362507367134094038e-02
7.362533307075500022e-02
7.357813048362732422e-02
7.359079909324646451e-02
7.355435943603515214e-02
7.358875226974487260e-02
7.361173439025879561e-02
7.347168922424315851e-02
7.357084941864013017e-02
7.360783791542052645e-02
7.367399525642394364e-02
7.357594490051269642e-02
7.368766641616820989e-02
7.382627201080321777e-02
7.364586281776427934e-02
7.361422514915466619e-02
7.355994153022765714e-02
7.369930291175842696e-02
7.384013676643372270e-02
7.359893465042113836e-02
7.403977847099303677e-02
7.404506874084472445e-02
7.359611248970031327e-02
7.344577240943908625e-02
7.342122769355774459e-02
7.358113360404967829e-02
7.368664526939391890e-02
7.370122504234313809e-02
7.347532677650452093e-02
7.357325577735901456e-02
7.368614268302917103e-02
7.370638656616211593e-02
7.363758230209350997e-02
7.370996308326721591e-02
7.360441637039184803e-02
7.358120846748351929e-02
7.361468052864074407e-02
7.377278828620910389e-02
7.365565085411071578e-02
7.366763186454773626e-02
7.453807616233826261e-02
7.381774377822876432e-02
7.399719572067260664e-02
7.365622496604919134e-02
7.369841170310974243e-02
7.379059243202210072e-02
7.368247985839843084e-02
7.357883095741271640e-02
7.372804427146911754e-02
7.373546814918517656e-02
7.384998631477356079e-02
7.375204730033874112e-02
7.368028211593627419e-02
7.371672511100768599e-02
7.381807708740234508e-02
7.384034061431885010e-02
7.389954185485839155e-02
7.376008343696593972e-02
7.387357425689697332e-02
7.395783877372741344e-02
7.378872179985046520e-02
7.396258234977722001e-02
7.383089590072632047e-02
7.385774779319763395e-02
7.378329014778137185e-02
7.378488492965698531e-02
7.385264229774475553e-02
7.372931456565856578e-02
7.386678171157837203e-02
7.392411327362061191e-02
7.371837830543517822e-02
7.373957729339600253e-02
7.369516944885254328e-02
7.383669972419738825e-02
7.391280865669250244e-02
7.391235542297362737e-02
7.386654615402221680e-02
7.384028863906860751e-02
7.399445343017578558e-02
7.412962722778319857e-02
7.402060675621033314e-02
7.399090194702148682e-02
7.406384730339050926e-02
7.408678221702576228e-02
7.390100431442260531e-02
7.382256293296814154e-02
7.398574090003967596e-02
7.389403033256530806e-02
7.386485695838927723e-02
7.382704091072082864e-02
7.410675048828124778e-02
7.395376253128051192e-02
7.413022708892821888e-02
7.410470533370971946e-02
7.394309139251709073e-02
7.400644659996032104e-02
7.389134907722473555e-02
7.403450798988342463e-02
7.409057497978210893e-02
7.407684969902038341e-02
7.385635399818420155e-02
7.384328842163086215e-02
7.390372729301453170e-02
7.399121141433716298e-02
7.389179325103759077e-02
7.386841344833373901e-02
7.405300092697143788e-02
7.406261920928955411e-02
7.411091566085815929e-02
7.405455780029296387e-02
7.398016357421874356e-02
7.406244254112243075e-02
7.401099634170532626e-02
7.404997730255126476e-02
7.401430201530456721e-02
7.412030267715453979e-02
7.401572823524475708e-02
7.392465662956237971e-02
7.393091654777526889e-02
7.432702946662902987e-02
7.407171249389649104e-02
7.424718236923218140e-02
7.415530514717101618e-02
7.415358304977416604e-02
7.410335993766783980e-02
7.414705824851990090e-02
7.415360593795776445e-02
7.397670435905456809e-02
7.443160772323607899e-02
7.405838990211487116e-02
7.407188487052918102e-02
7.415069699287414606e-02
7.413501882553100164e-02
7.417314863204955977e-02
7.418874192237853715e-02
