1.999868050218547069e+02
1.698357918267013531e+02
1.427244094054061350e+02
1.552838400692518803e+02
0.000000000000000000e+00
2.025736005712672636e+02
1.462401507198869126e+02
1.340266976969030281e+02
1.631332909353113791e+02
1.334970999849954580e+02
1.131077052629534876e+02
1.110918791020998100e+02
8.627894799911804569e+01
7.610888811837503454e+01
6.477362711968673636e+01
6.342101199878841555e+01
5.499538234747559784e+01
5.332242118860605018e+01
9.201249701736873021e+01
8.542347841271121922e+01
6.043231878662281531e+01
5.942770250126201148e+01
6.534899571827961040e+01
4.619639867300027447e+01
4.820832032766602282e+01
6.137336148788745049e+01
4.882942231620535978e+01
3.796969416941532671e+01
4.661311994692506744e+01
4.587774231705450489e+01
3.345791612388125458e+01
3.572295221518249519e+01
3.770647678552754911e+01
5.620610378335436508e+01
4.449065853186871777e+01
3.853537086546429435e+01
3.882882795262939624e+01
3.344599940978263675e+01
3.499196619237842754e+01
4.698856999630720566e+01
5.068595751310204633e+01
2.882496446632005771e+01
5.166194504424568379e+01
5.035159996141148042e+01
3.741425757704349309e+01
3.449032461935649252e+01
3.561851989448706490e+01
2.601452818965100633e+01
2.248474104912984117e+01
2.878842854920148397e+01
4.310518812299276448e+01
3.806051440684031917e+01
3.203179328910293577e+01
3.784435130310293260e+01
2.038724174761245322e+01
3.898056500382904943e+01
3.930339740698809692e+01
3.727279608338962191e+01
3.358653515407352330e+01
5.315417452301447554e+01
5.445057688313732314e+01
2.927996475075803673e+01
3.898300449613626739e+01
3.682142110431544069e+01
2.644794996514680818e+01
5.085626907256185802e+01
3.426554405488204225e+01
3.500979699130975575e+01
3.054052477406661126e+01
6.650580422372179612e+01
3.030544801712628811e+01
4.294039642613142860e+01
4.275286639972038216e+01
3.441757696190747851e+01
3.476456174500212626e+01
2.993215927781287533e+01
3.086400742511269968e+01
2.565918344184617439e+01
3.132368530962531139e+01
7.164247475393570141e+01
4.350190407350303445e+01
3.014335828890795099e+01
7.267844873974661368e+01
7.126476827294341376e+01
5.093711347394198441e+01
5.797442070243711498e+01
3.118942029185763332e+01
1.012473437839957313e+02
6.285161630506367203e+01
4.955963272606438608e+01
4.304171469603289069e+01
4.688945521097396352e+01
2.341359606883373701e+01
4.554083644953775689e+01
8.255226465855363926e+01
4.290575012381449937e+01
5.573426281304307395e+01
4.519982790574870535e+01
6.146346109833649507e+01
4.490652142845875261e+01
8.142013197424408588e+01
2.986154135231032214e+01
1.792104261396111653e+01
6.851655837023378126e+01
3.692339638293788795e+01
3.435323884637743674e+01
3.170027070750377618e+01
4.492375994626005564e+01
3.858203242490348828e+01
3.260032568118829488e+01
8.284517367675952926e+01
1.194994204273854308e+02
2.377075508366071332e+01
6.478250808737709576e+01
4.333613959832246110e+01
2.679959971109905581e+01
7.358455950403133272e+01
9.133631416763547861e+01
3.899769928685778808e+01
3.999728628771315186e+01
5.319058376277301647e+01
3.984805239033274660e+01
6.314778917052341711e+01
8.569135579635054967e+01
4.725111161741300947e+01
3.725367234406982675e+01
5.042238529396448854e+01
3.890854384942456079e+01
5.827138894731572805e+01
8.627478174145016965e+01
3.972936859804964627e+01
3.247058132682688125e+01
5.967007103965701020e+01
4.883384425905612147e+01
1.036348226785291189e+02
6.042067698097781658e+01
5.339228712674258048e+01
3.016162889165905625e+01
7.297081990081278491e+01
5.682003252756894085e+01
6.026833809791531138e+01
7.426734050142516708e+01
4.936900448644819051e+01
1.847211032428286970e+01
5.742591800301594418e+01
4.664344850770310558e+01
5.431960174344109049e+01
3.076237890032940214e+01
4.329952761727768262e+01
5.698601305844877629e+01
6.433280976306586751e+01
4.606120588580207453e+01
5.355235326336190127e+01
6.202518273964165019e+01
9.492828121383830364e+01
5.495807166981037994e+01
4.437337194776567628e+01
3.105014607595437326e+01
5.263786028077407764e+01
1.283218063335432646e+02
8.026504596362748600e+01
6.938464729244162754e+01
4.035831650371008550e+01
6.660800394215866049e+01
5.056956656874723421e+01
6.912639368594496148e+01
7.264679589104618174e+01
4.936665649551726176e+01
7.001291214663463336e+01
9.009099788881047743e+01
6.482608277636204264e+01
4.247825461690486293e+01
9.787600006260151986e+01
7.259851886702929846e+01
6.072719066317549874e+01
5.278755104807265042e+01
4.584276895573113109e+01
7.468638945072511603e+01
3.114301265295068788e+01
3.327407324974122105e+01
5.870482797134674513e+01
3.967073724630060383e+01
1.272365670010395320e+02
2.672859452945922598e+01
3.200634902981472862e+01
1.758513282616994999e+01
8.408321930622682316e+01
4.428168719019164712e+01
5.679441321155523070e+01
9.667762320003434695e+01
4.785259058233290830e+01
5.936916435862340791e+01
4.896134038189554616e+01
8.207312712932579757e+01
3.357075689147988840e+01
7.630940270976039130e+01
4.369427415069917231e+01
4.037625494011904692e+01
9.914294014634866414e+01
7.300287841379964959e+01
7.122292442906567089e+01
4.172124280855262413e+01
2.634729749461953929e+01
5.239893909969315189e+01
5.239877337524314527e+01
1.433039828940710549e+02
3.421377472317038126e+01
1.004031389753473604e+02
7.793484902895441735e+01
1.202567572668862965e+02
3.930906476579831121e+01
6.552865077975309305e+01
7.385195028044601884e+01
5.351053322443270588e+01
7.522829657754540733e+01
1.031545187701714070e+02
1.229618745637327493e+02
5.762138686746814642e+01
5.879052910580761449e+01
5.716764424019046231e+01
6.779622123669940947e+01
5.372727372440813554e+01
5.662765951284092836e+01
5.378695047871087809e+01
1.210952704251279073e+02
7.902919957348633773e+01
6.456400632568342246e+01
8.674852463191889740e+01
8.945712869266442624e+01
7.319279652059987029e+01
3.830818817573990742e+01
7.611298255917762390e+01
9.707578844434792131e+01
1.059198331673569129e+02
9.089088178908563975e+01
1.263918523544946879e+02
1.127589872143856979e+02
1.152377753381749841e+02
9.837774227532848670e+01
7.573536803855050437e+01
1.100260951096016981e+02
9.897931839908153506e+01
1.025357856238644985e+02
1.109558777753166652e+02
4.461189854140518918e+01
8.053523716975071522e+01
6.683847706262467625e+01
7.603016704120300062e+01
7.722470190192559869e+01
1.221933727182875487e+02
7.644920958267364597e+01
4.437031910632217802e+01
7.471237438270112818e+01
6.441067522296613390e+01
8.533639394332880102e+01
6.215940231026864637e+01
1.086643889011972419e+02
5.420251495713820589e+01
9.495743106855792348e+01
7.524399857812807113e+01
4.874419364907649310e+01
5.428176769785010691e+01
9.234260129584887977e+01
4.610349119104136406e+01
1.351316864013175518e+02
1.545451036560681928e+02
8.374121807183173871e+01
1.322663197062071561e+02
7.273922120512112599e+01
1.252016442365658406e+02
7.758701115505385815e+01
8.853943535370436280e+01
7.351125957471467132e+01
1.676825677207268654e+02
9.307969676606074927e+01
9.148931149704043264e+01
9.696184622685420607e+01
5.475404178490718721e+01
8.479554247958485291e+01
3.872705474194567188e+01
3.526782198056084638e+01
1.115131672003739993e+02
1.576671098217787232e+02
4.516860153578414128e+01
9.731634658805630522e+01
1.310790990148228161e+02
1.060186754537453311e+02
5.577109643590048904e+01
9.687272915175735477e+01
1.117191328203676193e+02
9.555148460255411180e+01
7.253554755062708637e+01
6.770149145712689176e+01
6.994437707673455407e+01
8.849069029056350644e+01
2.669114357469047505e+01
5.464760764491738598e+01
1.576150169631918629e+02
9.249895068872729098e+01
5.853890537978981001e+01
8.603490501005680358e+01
7.841795715156678170e+01
9.054917256620061039e+01
9.179498675693574228e+01
6.185927522883326901e+01
1.248482518104232781e+02
8.111921470167547454e+01
7.880112827562615507e+01
1.144666325034175287e+02
8.967735508666298472e+01
1.311579129774733303e+02
4.731516827660934155e+01
1.570696789179790187e+02
7.194845556675205955e+01
1.570659029254780421e+02
8.806607459276278860e+01
8.260096815679050053e+01
6.789297160895779371e+01
6.715460117335904044e+01
9.325339277142323624e+01
9.157048713851214927e+01
1.402499452490336580e+02
1.289941231354841307e+02
8.258598801626675368e+01
5.713241624709244348e+01
1.089920038316564188e+02
6.816737939030306848e+01
1.428121819355704361e+02
1.003730435287822615e+02
6.755962119188532711e+01
1.395180161508941410e+02
6.210449215999729944e+01
1.241798144236338288e+02
9.570812587875673216e+01
5.460394562622876435e+01
8.868617343822792520e+01
1.563408925702995305e+02
4.342512080535626495e+01
8.529829455243567793e+01
8.973935548329559708e+01
1.495961887856850012e+02
6.016250973714164019e+01
1.377354355086168596e+02
8.724642461398957494e+01
7.551734289283325552e+01
1.005270165547647423e+02
1.645008486604545226e+02
1.612721523064323321e+02
4.290070784389727265e+01
7.564224986895075631e+01
1.599731971959304531e+02
7.420206645346972607e+01
1.424365696005766893e+02
5.916166078079191948e+01
9.111653113029669271e+01
1.643692705261004505e+02
1.121016167422649374e+02
1.108122626539971805e+02
7.964944148446880945e+01
1.252592538110181266e+02
1.032276133368055753e+02
1.504828940656458087e+02
1.165750851627477118e+02
1.627729266014074483e+02
1.396496503638433069e+02
1.677919126377308601e+02
7.240845266959628646e+01
7.741940540820428396e+01
1.386041244799706078e+02
7.193663707221769243e+01
9.144128217997220531e+01
2.074836140825393045e+02
1.787790957321718111e+02
8.599601450237142330e+01
1.350918437113352866e+02
3.788708844706546586e+01
1.413186031308195822e+02
1.709066499440668281e+02
7.883716273985264422e+01
9.101544738543850599e+01
1.651911570472800577e+02
5.749827522444736161e+01
8.949969937283457000e+01
9.201784940433050508e+01
7.650168409863044872e+01
9.111749972084980698e+01
6.949417108789049280e+01
1.037123246900824398e+02
1.353056062263018759e+02
9.408537591764944352e+01
1.193292185505849261e+02
9.167634897184413489e+01
6.581450604367807955e+01
8.579050169598627917e+01
1.004548862465924799e+02
1.220964923675729636e+02
9.982988982528789279e+01
1.343999549982261215e+02
9.116121180629572507e+01
9.556539542400086873e+01
1.362603053413600094e+02
9.251889576590163244e+01
1.399635608210498390e+02
1.113835743102484486e+02
8.505068571464435934e+01
9.548071683794915998e+01
8.694733419447375411e+01
1.356752962539407008e+02
8.508138914271630426e+01
9.099955667737292231e+01
1.219066629423577268e+02
7.880577839867149237e+01
8.205725884575139162e+01
1.134337962458593552e+02
9.694491501643067011e+01
1.181582205499734357e+02
1.201314048259756220e+02
1.071154360753340313e+02
6.929865281542282673e+01
1.229644532187461152e+02
1.838216963456666235e+02
8.292182231529136516e+01
1.195482485498218779e+02
1.502636679200428773e+02
9.972156545587667154e+01
1.397217013155169525e+02
1.074652087747495131e+02
1.362874084311461047e+02
9.706880868859522593e+01
7.390289620081021837e+01
1.604957775645672484e+02
1.277389640363235799e+02
8.908880514882083901e+01
1.631471595082244903e+02
7.861536041966746780e+01
9.953764523067347625e+01
1.540403110743664001e+02
1.018987806282268167e+02
9.126971030594047818e+01
1.056020219018879516e+02
8.000749591821256956e+01
1.656121278746915664e+02
8.558275116726042597e+01
7.270952544647687432e+01
1.046928329501448758e+02
7.223795143738983882e+01
6.924708382540487150e+01
1.505694456408326118e+02
6.477415562766422852e+01
1.003088396534345890e+02
7.320974244685928056e+01
7.231615558394678089e+01
1.158217898150034983e+02
1.176412446154916438e+02
1.447115248996278467e+02
7.677194934733392984e+01
9.623771907332515241e+01
8.435744815593173485e+01
9.812958889885065616e+01
9.054891183971277258e+01
8.925267294561912479e+01
1.589690609757946334e+02
1.110169235471458222e+02
8.011402338893846320e+01
1.035524996599077241e+02
9.435767517469103893e+01
1.039216001137587142e+02
8.667041530438085317e+01
8.433751403317006634e+01
1.217091777192034812e+02
1.249685332410238061e+02
8.875409348545885280e+01
1.135206827833275440e+02
8.162979588847012735e+01
8.786932392025637739e+01
1.131440179639187136e+02
7.705012270284504439e+01
7.575820794502824640e+01
9.866550544801837930e+01
1.004939652080647505e+02
1.419378620988913156e+02
1.823110247281676948e+02
8.882680152272216390e+01
1.110348146538441085e+02
1.195866793262777747e+02
6.744177195554954096e+01
1.382002000136326672e+02
6.630900430960443259e+01
8.019004647687772547e+01
8.479941393196813237e+01
7.787697874409435883e+01
6.609433573590794708e+01
9.072608061574049998e+01
6.797528241030941842e+01
8.178318810410594608e+01
1.494125508774380648e+02
6.767888030537693567e+01
1.463034200524974722e+02
8.311851953131224491e+01
9.610510237001903988e+01
1.479501824460266448e+02
7.302005424971710568e+01
1.414513116442466867e+02
1.053205265991723252e+02
6.086222021946043981e+01
8.486867182296772683e+01
7.924605751119118224e+01
1.386656845512115410e+02
6.268405748232386543e+01
6.956953109977619931e+01
1.318299246950272448e+02
9.963765073698323249e+01
1.288143026727809399e+02
1.078448327274109602e+02
1.086096449659032004e+02
1.134619722065374816e+02
1.250953191879397792e+02
1.079406419664267389e+02
1.392982355140161133e+02
9.527804129720163928e+01
1.075957358572569831e+02
9.259619905369304149e+01
7.716521743378217479e+01
1.117765803292043074e+02
8.793145158516513504e+01
8.624481213329725904e+01
1.357711301720682684e+02
1.154135943208469541e+02
1.122244373357146969e+02
1.076089285071225135e+02
8.881365509594097318e+01
1.379012857565031709e+02
7.385130135270060237e+01
9.385279555801048446e+01
1.385041787380921789e+02
1.141976029426349299e+02
9.031089892593202251e+01
1.442794485408446974e+02
1.281746824923675092e+02
7.893990970455675438e+01
9.646375825740140897e+01
7.350709143927512912e+01
1.026748617633301706e+02
1.212753846146005401e+02
1.332093353846348975e+02
1.349701364177439018e+02
1.209436205006703773e+02
9.658380691104414950e+01
1.283056838186386699e+02
1.639188276602243093e+02
7.724659246678901070e+01
1.152086093235191697e+02
8.464633413278792773e+01
1.294206770649543898e+02
1.191221720552325252e+02
1.307386890276827671e+02
1.343996458731871826e+02
9.530626271830730900e+01
1.135141364317166079e+02
1.959399688948568610e+02
1.274883879037747931e+02
1.370587238628267244e+02
8.456717612962519581e+01
9.874256950723653858e+01
8.107761973226159569e+01
8.810126685166277127e+01
6.799780283851092122e+01
1.109911916142707469e+02
1.064979789913149375e+02
9.023715770287142846e+01
1.181213878019792531e+02
1.129185367703924356e+02
1.378650595310162430e+02
1.175970863939134148e+02
6.555494655198674536e+01
1.165515948078869570e+02
9.676439246161049823e+01
1.222362448209065064e+02
1.645577918027017574e+02
1.059078979364398378e+02
1.047531774232568580e+02
1.625674763649648753e+02
8.958912065497179356e+01
1.008806411001202008e+02
1.873043225127411802e+02
1.544302287085453713e+02
1.075382260103868219e+02
1.194565500005290914e+02
1.273881251692559573e+02
9.611175413808068413e+01
1.005440725441416419e+02
8.479984110440662448e+01
1.099108544449270397e+02
1.174295931687257593e+02
1.581693466065185874e+02
9.596903774261434705e+01
1.281093658317194297e+02
1.449924308222945228e+02
8.257428582062664191e+01
9.138879901999902700e+01
1.200813681742459949e+02
1.310724799050462082e+02
9.784087250003881309e+01
8.108786315139498413e+01
1.112193645957108430e+02
1.197761920407963885e+02
1.457268445848839065e+02
1.231681997677286660e+02
1.151557373470943446e+02
1.043101886528271507e+02
1.119966161960222735e+02
1.200241694844416855e+02
9.250137017321755195e+01
1.114050206385880131e+02
1.529553019695825071e+02
1.461646370396907173e+02
1.247459626404125288e+02
1.572247452990439172e+02
1.192697055108932602e+02
8.922713515303981069e+01
1.166992994105872441e+02
8.970418442192787722e+01
1.177139703944426259e+02
1.242202367626302504e+02
1.371029699639645969e+02
9.373350337035358848e+01
1.038642750537102160e+02
7.680777481469503698e+01
7.256828559353596120e+01
9.424692531488352643e+01
8.784205810205583020e+01
9.404690882090474702e+01
1.763610273299431128e+02
1.182210942618341534e+02
1.410860570752330148e+02
8.840567205113634941e+01
1.229840445458088851e+02
1.956167903160508672e+02
1.025188438286442363e+02
1.479526369114367697e+02
1.098274317449969146e+02
7.504768082561099618e+01
9.064340667111198968e+01
1.107973342109694386e+02
1.015948102590057545e+02
1.035690446195152816e+02
7.616101271160825092e+01
7.178557912881043990e+01
1.826149410790976617e+02
1.039019752500256430e+02
1.261612003227480159e+02
1.301386973772050624e+02
1.323807277763878858e+02
8.495046223590421164e+01
1.303640770007396554e+02
1.575922811933002095e+02
8.035151312778107524e+01
8.212660680674844116e+01
1.649977922693053074e+02
1.529257259612750488e+02
9.460587079238599983e+01
9.648891964429053303e+01
9.763522053165499415e+01
1.730446084511353888e+02
8.397192703984343609e+01
1.328538755267533418e+02
1.109564326079665051e+02
1.460635953711285140e+02
1.047934558500861044e+02
2.136105767412877015e+02
8.927220254707030733e+01
1.410407420158479681e+02
1.069785427806461655e+02
1.001695272084043040e+02
1.007450147384774795e+02
7.692789424873701876e+01
1.324550943031094050e+02
1.178519535942145495e+02
1.081287513307301680e+02
1.234366940806587394e+02
1.111940250228920064e+02
1.446206280514429920e+02
1.553453915866929265e+02
8.804129894817788227e+01
1.008410014203939653e+02
1.692171908930394295e+02
9.603103038940433578e+01
7.819157526595323304e+01
1.525550576981753466e+02
2.480516878260127385e+02
1.272815211306319156e+02
9.162505589187566102e+01
9.469348641211117013e+01
1.096148133900631336e+02
1.405200972595158930e+02
1.122822120831194752e+02
7.464743883610087494e+01
1.348517824756019650e+02
8.118875825439836547e+01
1.361587218160581756e+02
1.032133389055823613e+02
9.051482880847322576e+01
1.491872699122831136e+02
1.499352942803232906e+02
1.311154492119150348e+02
1.280133128064434516e+02
1.365472310613765785e+02
1.224301967558356949e+02
1.474740157233162279e+02
1.306498191634551631e+02
1.578647060330287388e+02
1.469424457110548303e+02
1.380447287530040228e+02
1.356550509660481225e+02
1.633914450572569876e+02
1.617446786848668125e+02
1.412036691928397829e+02
1.615392757831843937e+02
1.179259141895439171e+02
1.573585196943351150e+02
7.700153543252969257e+01
1.846040463282461701e+02
1.003156445491723190e+02
1.048796046494207985e+02
1.201914127319617762e+02
1.907213002274230007e+02
1.449257251271948803e+02
1.536637984497416767e+02
1.668241875935165126e+02
1.520123886892396001e+02
1.245620711284363438e+02
1.075311248221964746e+02
1.944239604045037026e+02
1.197548205137921258e+02
1.332566505270984578e+02
1.694176190216365114e+02
1.098245420152854308e+02
1.045415766183177340e+02
1.188804427058761775e+02
1.091106508888768332e+02
9.864089396898852158e+01
1.983047710297188644e+02
1.705393143838035712e+02
2.053643923148073611e+02
8.084231857589362846e+01
1.116224020952268177e+02
1.430884790275078728e+02
1.085911560530779383e+02
1.123420313576218632e+02
9.390885816160646016e+01
1.586225226833314821e+02
1.263686647494771620e+02
1.172285830751316240e+02
1.362298719560961331e+02
1.124221142863604825e+02
1.063619239003234043e+02
1.306914535079321524e+02
1.542006854990231659e+02
1.869169225622559622e+02
1.044270077099922389e+02
1.420763142428736217e+02
8.784139732101841958e+01
2.175678037136279670e+02
1.225767951309477155e+02
1.937448423735490906e+02
9.273181007701853673e+01
1.061514217339414046e+02
1.531258668299954024e+02
1.340967194738044839e+02
1.154032227471203669e+02
1.390826217800667735e+02
1.300134405577706218e+02
1.119929069635371377e+02
1.005629694170026625e+02
1.419673865584987027e+02
1.401622821721867922e+02
1.263658181204422988e+02
1.247113609992915286e+02
1.978206239898007937e+02
1.248950041645092313e+02
1.146406329262037787e+02
1.576758304995402113e+02
1.024272248998655783e+02
1.464814889299126435e+02
1.099816484801412173e+02
1.292536155882132789e+02
8.664257285636107042e+01
1.343986736655436403e+02
1.421055557649234800e+02
1.145402655765759192e+02
2.073899455082872976e+02
1.252569998447867619e+02
1.391844785638661506e+02
1.292726059914732275e+02
1.645632131600838761e+02
1.323017138177860375e+02
1.639658067583298191e+02
1.193982931159880252e+02
1.496230212434565772e+02
1.461071865822837026e+02
1.110298563979096684e+02
1.427471418806069323e+02
8.844706619486944987e+01
1.327901665892082406e+02
1.681631051532908714e+02
1.071752378763504936e+02
1.107594900937784388e+02
1.248412294274263843e+02
8.616412692462792222e+01
1.479421345480664911e+02
1.393083957154292989e+02
1.068760051288800526e+02
1.550948205923414491e+02
1.221672695774851150e+02
9.842617126890678492e+01
1.288599046841626148e+02
1.063534399746510104e+02
1.354613404613130001e+02
1.039844812670158660e+02
1.119235016315073210e+02
5.688498156846244314e+01
9.217560074400790882e+01
1.817156973816900916e+02
1.013968491218719379e+02
8.945645959044180984e+01
1.523907738098514528e+02
1.177614204373621334e+02
1.049578057106409545e+02
1.345212813948821804e+02
1.285718379578592589e+02
2.013315981214451256e+02
1.838140115567799739e+02
1.721907015841393331e+02
8.349958318737962770e+01
1.352471087583015787e+02
1.939560996958459498e+02
1.071798420039350930e+02
1.299155716417673148e+02
1.414671619226236885e+02
1.429763399986260595e+02
1.352695583914130850e+02
1.496338484991300959e+02
2.531151333893220112e+02
1.431490248490710826e+02
1.205196216251930394e+02
1.315680106593674452e+02
1.701205519430353945e+02
1.062848673039115681e+02
1.402610415690157595e+02
2.139221149394463737e+02
1.156343420717332151e+02
7.930126251947341132e+01
1.335723445813905812e+02
7.458415449812397924e+01
2.399920926141776647e+02
2.219680596533019070e+02
1.881936223829634116e+02
1.308327906391677971e+02
1.112343105783457560e+02
1.780180824969334878e+02
1.424095157234089868e+02
1.678560829769032523e+02
1.477155174467128518e+02
1.383926280161418276e+02
1.548701030499617559e+02
1.391058587611913708e+02
1.314078333737890887e+02
1.646628896228995416e+02
9.938651939378354427e+01
1.266845745656353586e+02
1.510585338648249092e+02
2.353743711423391574e+02
2.454522571944229412e+02
1.734431014219955500e+02
1.288069051119780681e+02
1.515047843510479311e+02
1.971087788727817838e+02
1.265167157697882345e+02
1.290710576909560814e+02
1.986419691395113887e+02
1.609414233388477840e+02
1.473901434359691791e+02
1.353746879283986857e+02
1.862883223377241961e+02
1.544682035794286037e+02
1.287097620601719257e+02
9.026942460715936534e+01
1.088437136316322267e+02
1.320325160264254123e+02
1.121249815428351582e+02
2.101970655695367043e+02
1.576112896688427440e+02
1.827171194992909591e+02
1.354143855573476287e+02
1.236214046456743745e+02
1.616868096254520424e+02
8.293140139200342276e+01
1.468855848111793421e+02
8.908450043519013661e+01
1.501574975090955206e+02
7.757841039580215181e+01
1.171355651963605311e+02
2.117800289623512242e+02
8.186274323681631415e+01
1.073799955401445771e+02
1.492420889226296481e+02
1.594367494797601807e+02
1.438947946960637694e+02
1.220292298881239077e+02
1.257959503966200288e+02
1.188842030782618764e+02
9.709892436202562749e+01
2.193500749541007906e+02
1.067912110775625365e+02
1.802661647544777281e+02
1.336606752227061747e+02
1.541513384471151937e+02
1.746525447394572552e+02
1.582761712361715638e+02
1.716434878035348675e+02
1.638196045796238707e+02
1.141997616054561746e+02
1.370981387722490581e+02
2.260996126309669876e+02
1.193630791729057137e+02
2.017233811776294203e+02
1.340616637167705107e+02
2.041196758511290454e+02
9.872694140345046776e+01
8.940772406271210571e+01
2.017939691733756433e+02
1.414325374720204991e+02
1.567048309074140775e+02
1.726276469201483508e+02
1.397478371110567252e+02
1.520125309157029960e+02
9.351728150008284501e+01
1.819685073184869850e+02
1.643206616302109921e+02
1.015580195083576172e+02
1.089197659645331697e+02
1.192215140883823494e+02
1.333461319768367730e+02
9.953420268751526123e+01
1.197488517465741751e+02
1.699312037034134448e+02
1.791507619148758863e+02
1.292762562712455860e+02
1.279406528792802646e+02
1.179994481426213611e+02
1.429050097468662841e+02
1.207070385002778750e+02
1.403425564805543218e+02
1.350981402608822464e+02
9.003803520193939391e+01
1.318530053462129672e+02
1.190676707189134760e+02
1.530415222888921960e+02
1.986340104699891640e+02
2.402316715289024955e+02
1.198814023220128320e+02
1.361755735750809890e+02
1.074054665849702133e+02
7.833689449389829917e+01
9.773454966507343045e+01
1.093208458608814624e+02
2.373864027266823484e+02
1.134695248936822480e+02
1.222957483101170482e+02
2.636242199455150512e+02
1.175249867127920567e+02
9.686725359985236139e+01
1.139248983098754877e+02
1.730978159383208208e+02
1.384550007212665150e+02
1.293348129463467444e+02
1.520291713560124833e+02
1.626247386804038513e+02
2.347265193236696632e+02
1.524722730621023459e+02
1.135934372069590381e+02
1.216588205605381461e+02
7.249357614814115891e+01
1.452958351720384655e+02
1.255858362420747767e+02
1.755834559435452036e+02
1.875910000313171508e+02
1.883655413948445130e+02
1.356004785993456494e+02
8.591013523618624959e+01
1.387119165179605602e+02
1.153234861499915809e+02
1.310782633352089306e+02
1.459888766406002389e+02
1.453108429716699561e+02
1.809144425778671916e+02
1.118669454419990927e+02
1.441245673395117421e+02
8.985388945308621089e+01
