2.931566104888915780e-01
4.697401165962219322e-02
4.683668851852416937e-02
4.656304335594177446e-02
4.663378047943115418e-02
4.665525579452514671e-02
4.651150918006897311e-02
4.664010167121887540e-02
4.652243447303772150e-02
4.647031331062317222e-02
4.653729963302612183e-02
4.652251791954040844e-02
4.656712388992309548e-02
4.663334131240844810e-02
4.661228394508361988e-02
4.658745431900024325e-02
4.652529644966125338e-02
4.642025637626647633e-02
4.660527205467224210e-02
4.659183692932129112e-02
4.659170198440551469e-02
4.653670954704284407e-02
4.657854294776916232e-02
4.648174476623535140e-02
4.654078912734985196e-02
4.667554354667663441e-02
4.667331457138061690e-02
4.645379877090453913e-02
4.651769614219665450e-02
4.658340954780578608e-02
4.658388662338256575e-02
4.656452202796936002e-02
4.656606578826904402e-02
4.691145634651184421e-02
4.667698693275451616e-02
4.662464094161987427e-02
4.669818878173827986e-02
4.676307463645935220e-02
4.659892082214355663e-02
4.666582846641540577e-02
4.672806334495544639e-02
4.672441267967224199e-02
4.680871200561523282e-02
4.675191712379455494e-02
4.679308676719665799e-02
4.682846879959106506e-02
4.673046350479125727e-02
4.668523550033569502e-02
4.672057056427002253e-02
4.665366816520690602e-02
4.663402771949767822e-02
4.667197799682617360e-02
4.668110656738281433e-02
4.669473338127136386e-02
4.678494691848755077e-02
4.676335740089416354e-02
4.685496807098388922e-02
4.683473587036132701e-02
4.681369066238403459e-02
4.671362590789794600e-02
4.676654410362243719e-02
4.670250535011291615e-02
4.676607298851013367e-02
4.673338866233825439e-02
4.680618810653686818e-02
4.672995948791503623e-02
4.670563554763793729e-02
4.670309925079346031e-02
4.673668241500854303e-02
4.676106309890747104e-02
4.679859113693237566e-02
4.673512673377990673e-02
4.683040642738342529e-02
4.684643006324767933e-02
4.690025329589844055e-02
4.684510946273803822e-02
4.687874650955200367e-02
4.679414010047912298e-02
4.680304050445556474e-02
4.685203909873962569e-02
4.692933440208434809e-02
4.687691664695739502e-02
4.679207611083984614e-02
4.681642794609069957e-02
4.686158132553100431e-02
4.688744235038757452e-02
4.686722445487975786e-02
4.684616184234619007e-02
4.674905133247375666e-02
4.690980148315429532e-02
4.687295150756835838e-02
4.688723731040954357e-02
4.683668279647826976e-02
4.709863471984863242e-02
4.696484780311584173e-02
4.716798973083496244e-02
4.697903561592101790e-02
4.696710348129272405e-02
4.700049543380737521e-02
4.694055271148681735e-02
4.688420295715332170e-02
4.694060945510863947e-02
4.695985436439514132e-02
4.735425376892089810e-02
4.700495100021362394e-02
4.693345546722411943e-02
4.692002606391906805e-02
4.695797967910766285e-02
4.690590405464172691e-02
4.693410944938659901e-02
4.691629052162170355e-02
4.696414065361022988e-02
4.696737051010131669e-02
4.709051442146301031e-02
4.710721898078918529e-02
4.708957791328430287e-02
4.692277121543884238e-02
4.707842612266540522e-02
4.705682158470153587e-02
4.704973936080932700e-02
4.707364487648010160e-02
4.732001948356628213e-02
4.711982560157775696e-02
4.715553736686706882e-02
4.718474507331848339e-02
4.711397290229797641e-02
4.704160332679748618e-02
4.714729666709899930e-02
4.717647576332092280e-02
4.703281235694885265e-02
4.713920474052429171e-02
4.720493435859680204e-02
4.707213521003723172e-02
4.710092830657958834e-02
4.720661878585815513e-02
4.708274054527282482e-02
4.725817990303039784e-02
4.709639644622802546e-02
4.721726441383361506e-02
4.714029645919799727e-02
4.719301080703735413e-02
4.742770600318908791e-02
4.740106058120727855e-02
4.722886657714843450e-02
4.729790782928466886e-02
4.724729561805725286e-02
4.726167440414428406e-02
4.727225804328918229e-02
4.729972457885742165e-02
4.717588138580322554e-02
4.731061768531799605e-02
4.721637392044067405e-02
4.711896848678588656e-02
4.695010328292846535e-02
4.682290744781494179e-02
4.683806824684143277e-02
4.671535491943359236e-02
4.670787858963012379e-02
4.666405987739562916e-02
4.674804568290710782e-02
4.671490454673767057e-02
4.669981503486633073e-02
4.664314651489257640e-02
4.664021396636962996e-02
4.670696520805359131e-02
4.672584772109985435e-02
4.669304108619690141e-02
4.672438526153564753e-02
4.675646400451659995e-02
4.679445457458496216e-02
4.674189615249634000e-02
4.686211514472961304e-02
4.684101390838622814e-02
4.669708847999572837e-02
4.673068642616271667e-02
4.672112274169921975e-02
4.676891613006591703e-02
4.675200176239013850e-02
4.674558806419372436e-02
4.679706025123596402e-02
4.672227191925049095e-02
4.679169535636901883e-02
4.731995987892150674e-02
4.716113376617431935e-02
4.716050648689269764e-02
4.711379671096802002e-02
4.711221981048584195e-02
4.717953157424926991e-02
4.711735844612121443e-02
4.721803069114684920e-02
4.719304490089416826e-02
4.719260692596435880e-02
4.722096061706543280e-02
4.715997576713561873e-02
4.723456835746765031e-02
4.715283322334289789e-02
4.711237645149230630e-02
4.717039299011230313e-02
4.731309199333191134e-02
4.712855911254882485e-02
4.719563984870910750e-02
4.719139003753661937e-02
4.720081758499145713e-02
4.807188558578491533e-02
4.750710964202881081e-02
4.734564065933227761e-02
4.732170867919922169e-02
4.720518136024474953e-02
4.777041792869567843e-02
4.738627743721008506e-02
4.730530095100402704e-02
4.741988825798034574e-02
4.790410399436950684e-02
4.759067964553832797e-02
4.728091359138488631e-02
4.764395070075988503e-02
4.756393122673034657e-02
4.755679392814636530e-02
4.728693246841430414e-02
4.737101888656616161e-02
4.728330039978027172e-02
4.732180738449096730e-02
4.733348774909973411e-02
4.731143736839294595e-02
4.735185551643371349e-02
4.736766076087951804e-02
4.737563300132751481e-02
4.758241534233093040e-02
4.733494496345520136e-02
4.741304302215575833e-02
4.736056208610534696e-02
4.737823057174682384e-02
4.748102521896362116e-02
4.735177278518677008e-02
4.738713765144347834e-02
4.731499457359313737e-02
4.744600749015807917e-02
4.741200685501098522e-02
4.757258725166321062e-02
4.734592151641845575e-02
4.731787085533142173e-02
4.732720208168030018e-02
4.728776407241821328e-02
4.737910318374633639e-02
4.737466478347778648e-02
4.730898118019104259e-02
4.730128192901611461e-02
4.736413550376892406e-02
4.739028453826904519e-02
4.729691720008850214e-02
4.751772403717040988e-02
4.749652338027954279e-02
4.742359542846679571e-02
4.741460990905761730e-02
4.738235569000243813e-02
4.733272886276244928e-02
4.742331433296203408e-02
4.743157148361205888e-02
4.740124201774597451e-02
4.752342915534973206e-02
4.738098502159118763e-02
4.816970753669738703e-02
4.753097462654113509e-02
4.752750492095947354e-02
4.798065114021301397e-02
4.745184564590453763e-02
4.745056295394897705e-02
4.748881077766418241e-02
4.748918437957763694e-02
4.770770359039306491e-02
4.756791281700134544e-02
4.785192275047302213e-02
4.758789157867431702e-02
4.752735424041747841e-02
4.747701740264892445e-02
4.750283646583557118e-02
4.752801489830017073e-02
4.752815151214599687e-02
4.751092219352721913e-02
4.751442050933837868e-02
4.755069112777710050e-02
4.761235594749450850e-02
4.762327241897582747e-02
4.757908225059509499e-02
4.765149855613708824e-02
4.762678408622741943e-02
4.754930949211120389e-02
4.761964702606201472e-02
4.776706528663635098e-02
4.752349662780761680e-02
4.760429382324218861e-02
4.752350115776061978e-02
4.756195020675658969e-02
4.759308028221130582e-02
4.764810037612914745e-02
4.781615591049194480e-02
4.790690422058105358e-02
4.770698451995849382e-02
4.761920142173767245e-02
4.757341098785400346e-02
4.759554147720337219e-02
4.766761326789856201e-02
4.759098434448242460e-02
4.759968686103820817e-02
4.766074109077453325e-02
4.784706401824951466e-02
4.773774695396423157e-02
4.770643830299377275e-02
4.787639045715331998e-02
4.796263480186462730e-02
4.766643261909484647e-02
4.767174625396728566e-02
4.770241522789001737e-02
4.766929507255554532e-02
4.779683232307434249e-02
4.767109870910644226e-02
4.774886918067931807e-02
4.769090700149536399e-02
4.778510522842407265e-02
4.776976370811462230e-02
4.772138547897338684e-02
4.770010972023010221e-02
4.771805000305175820e-02
4.765758609771728743e-02
4.770345997810363642e-02
4.772944331169128723e-02
4.786310815811157388e-02
4.772430014610290483e-02
4.767203879356383955e-02
4.767856907844543468e-02
4.774981570243835155e-02
4.798668766021728371e-02
4.769776844978332320e-02
4.785254859924316373e-02
4.763031673431396273e-02
4.793459796905517878e-02
4.755886340141296520e-02
4.760855722427367875e-02
4.748025012016296453e-02
4.761366820335388023e-02
4.760415625572204934e-02
4.748759150505065668e-02
4.751467514038085899e-02
4.756093358993530168e-02
4.737971663475036566e-02
4.747637534141540411e-02
4.743120646476745722e-02
4.751775240898132441e-02
4.748402571678161932e-02
4.749418258666992382e-02
4.732160472869872958e-02
4.741272997856139926e-02
4.750086665153503696e-02
4.840958666801452315e-02
4.787294387817382646e-02
4.781907534599304233e-02
4.778128814697265442e-02
4.858933806419372253e-02
4.777066421508788935e-02
4.784242081642151034e-02
4.771206212043762468e-02
4.784565043449402061e-02
4.773928523063659946e-02
4.787705183029174888e-02
4.799523138999938626e-02
4.788181424140930398e-02
4.783620476722717091e-02
4.790351009368896268e-02
4.798677206039428378e-02
4.804812335968017267e-02
4.805049395561217934e-02
4.798680996894836431e-02
4.813508725166321112e-02
4.801100134849548007e-02
4.827310657501220764e-02
4.786532306671142240e-02
4.778495407104492443e-02
4.790365862846374806e-02
4.780497765541076582e-02
4.788872146606445307e-02
4.782504630088806052e-02
4.789955997467040816e-02
4.793723607063293118e-02
4.799550199508666876e-02
4.795331549644470115e-02
4.789804124832153231e-02
4.802713942527771229e-02
4.812135052680969333e-02
4.805000877380371377e-02
4.813033866882324152e-02
4.804769349098205605e-02
4.808257865905761486e-02
4.815375828742980702e-02
4.809664106369018755e-02
4.803707695007324030e-02
4.815139532089233315e-02
4.813429260253906244e-02
4.806368374824523948e-02
4.807662487030029547e-02
4.800664091110229403e-02
4.812247419357299633e-02
4.816181492805481079e-02
4.810552287101745733e-02
4.816986966133117443e-02
4.809223937988281461e-02
4.811452317237854132e-02
4.821162700653076200e-02
4.814891481399535822e-02
4.815856432914734225e-02
4.832191061973571677e-02
4.812073922157287381e-02
4.807227873802184803e-02
4.810484790802001948e-02
4.818503856658935824e-02
4.805948591232300088e-02
4.820435476303100431e-02
4.823566985130309931e-02
4.810952472686767789e-02
4.815644121170043618e-02
4.815642380714416776e-02
4.819646716117859109e-02
4.829637265205383168e-02
4.821604132652282382e-02
4.823521757125854431e-02
4.830290293693542680e-02
4.830370497703552479e-02
4.815994024276733232e-02
4.808593988418578824e-02
4.820818471908569491e-02
4.822708702087402655e-02
4.824298810958862344e-02
4.822625184059142756e-02
4.822070932388305975e-02
4.824432349205017012e-02
4.822894406318664617e-02
4.810489368438720936e-02
4.818251752853393299e-02
4.824169564247131337e-02
4.832586956024170072e-02
4.826415133476257002e-02
4.828299784660339267e-02
4.833183503150940280e-02
4.828346896171569619e-02
4.834363484382629694e-02
4.826213955879211231e-02
4.830483531951904053e-02
4.834984517097472984e-02
4.835011196136474593e-02
4.823169231414795033e-02
4.838371086120605430e-02
4.843909788131713773e-02
4.834147286415100414e-02
4.827812457084655617e-02
4.833329844474792275e-02
4.835951995849609164e-02
4.851148653030395302e-02
4.839749193191528187e-02
4.851771140098571494e-02
4.832911396026611656e-02
4.831430268287658508e-02
4.834099078178405451e-02
4.840334177017211609e-02
4.836009812355041709e-02
4.837619400024414235e-02
4.843210196495056213e-02
4.842948579788208113e-02
4.840692615509033236e-02
4.842845106124878118e-02
4.836475825309753673e-02
4.838439893722534108e-02
4.853333139419555714e-02
4.844645094871521257e-02
4.841815304756164756e-02
4.847567629814147905e-02
4.858898353576660001e-02
4.845709133148193293e-02
4.847916102409362965e-02
4.844975161552429049e-02
4.850956654548645164e-02
4.853978300094604487e-02
4.851646900177002120e-02
4.841625261306762434e-02
4.846874070167541543e-02
4.843842840194702293e-02
4.858137869834899814e-02
4.846138572692871432e-02
4.846896028518676847e-02
4.849339318275451560e-02
4.843947196006775230e-02
4.861447978019714511e-02
4.865483593940735096e-02
4.866235303878783947e-02
4.861376500129700046e-02
4.863431572914123785e-02
4.854897952079773038e-02
4.872624540328979181e-02
4.860964059829711581e-02
4.868176317214965854e-02
4.864640879631042247e-02
4.862149524688720581e-02
4.867019104957580333e-02
4.862138581275939758e-02
4.866141295433044217e-02
4.866759729385376071e-02
4.868322086334228582e-02
4.865946936607360579e-02
4.872979068756103788e-02
4.879124498367309881e-02
4.875251007080078081e-02
4.881653189659118652e-02
4.868625688552856434e-02
4.875992631912231395e-02
4.872856211662292270e-02
4.873659086227417198e-02
4.873393321037292752e-02
4.870760011672973372e-02
4.872743105888367038e-02
4.869929647445678939e-02
4.871001720428466686e-02
4.870897769927978738e-02
4.875971388816833368e-02
4.877683568000793640e-02
4.870013523101806435e-02
4.873947525024414223e-02
4.883875012397766169e-02
4.883992338180542098e-02
4.882202744483947476e-02
4.882235383987426625e-02
4.876375770568847773e-02
4.878066277503967374e-02
4.878616595268249478e-02
4.876889133453369413e-02
4.904674983024596979e-02
4.877886962890624900e-02
4.869217872619628629e-02
4.858330678939819236e-02
4.850631666183471968e-02
4.848126459121704368e-02
4.852232837677002142e-02
4.844838428497314636e-02
4.846839451789856229e-02
4.868406867980957370e-02
4.862835931777954174e-02
4.849749994277954140e-02
4.869714856147765863e-02
4.855972075462341303e-02
4.855555295944213867e-02
4.860622191429138372e-02
4.848537373542785578e-02
4.856387972831725797e-02
4.858815670013427734e-02
4.850187087059020657e-02
4.854327630996704140e-02
4.857477617263793873e-02
4.852030730247497425e-02
4.852045011520386003e-02
4.863678359985351696e-02
4.857862806320190768e-02
4.926609826087951366e-02
4.903130865097046071e-02
4.896624493598938227e-02
4.893213582038879322e-02
4.898236417770385903e-02
4.895321679115295643e-02
4.891857147216796542e-02
4.905143404006957752e-02
4.894366097450256192e-02
4.920657420158386364e-02
4.904396367073059204e-02
4.902826023101806985e-02
4.897767472267151173e-02
4.895830225944518971e-02
4.895013689994812123e-02
4.903901267051696822e-02
4.902290320396423401e-02
4.913033747673034579e-02
4.912319040298462197e-02
4.905445885658264032e-02
4.905944085121154846e-02
4.893790316581726058e-02
4.908711457252502158e-02
4.898397469520569120e-02
4.912851905822753634e-02
4.899301409721374539e-02
4.895029687881469888e-02
4.884777474403381031e-02
4.901347494125365967e-02
4.900330734252929948e-02
4.908764195442199413e-02
4.909181380271911838e-02
4.902720880508423112e-02
4.929240870475769254e-02
4.920732307434082242e-02
4.905933475494384660e-02
4.910443830490112543e-02
4.907604670524597090e-02
4.915962648391723755e-02
4.907949209213256780e-02
4.915064048767089910e-02
4.916932868957519381e-02
4.911292982101440191e-02
4.925086498260498186e-02
4.911291885375976274e-02
4.917683100700378368e-02
4.913209128379821683e-02
4.922257709503173595e-02
4.913803005218506104e-02
4.920660161972045810e-02
4.920937490463257041e-02
4.921862339973449851e-02
4.920238161087036460e-02
4.923241925239563166e-02
4.909783816337585233e-02
4.922557735443115062e-02
4.910123443603515297e-02
4.910410690307617093e-02
4.919313192367553988e-02
4.914736747741699219e-02
4.915986108779907271e-02
4.914045906066894648e-02
4.921787452697753973e-02
4.926173305511474809e-02
4.920450973510741982e-02
4.920748829841613964e-02
4.923299336433410722e-02
4.920775127410888933e-02
4.932369184494018316e-02
4.926863694190979082e-02
4.926429867744445967e-02
4.921962952613830738e-02
4.925802206993103172e-02
4.923905181884765531e-02
4.918379783630370816e-02
4.922938299179076965e-02
4.934459471702575678e-02
4.930502390861511014e-02
4.928282260894775724e-02
4.933877921104431324e-02
4.920906901359558411e-02
4.924375867843627796e-02
4.928704881668091037e-02
4.926958298683166426e-02
4.932619833946227939e-02
4.933136367797851668e-02
4.939922022819519254e-02
4.944861197471618619e-02
4.934759187698364163e-02
4.934715628623962541e-02
4.951591634750366483e-02
4.929156136512756470e-02
4.946828150749206510e-02
4.932430553436279591e-02
4.934134054183959839e-02
4.936139273643493780e-02
4.940106534957885986e-02
4.945515918731689664e-02
4.937734651565552080e-02
4.948083519935608104e-02
4.946271586418151539e-02
4.947312736511230713e-02
4.948015594482421675e-02
4.956057476997375449e-02
4.951875877380371160e-02
4.955436706542968445e-02
4.954243278503418085e-02
4.950771760940551880e-02
4.947327637672424561e-02
4.941765522956848011e-02
4.946700358390808405e-02
4.946795439720153703e-02
4.950198698043823536e-02
4.948581647872924566e-02
4.944694995880127147e-02
4.948560929298401190e-02
4.948260855674743719e-02
4.943825173377990739e-02
4.955230808258056369e-02
4.952091073989867837e-02
4.966858649253845515e-02
4.960935211181640575e-02
4.956119608879089311e-02
4.955329632759094410e-02
4.951390838623046659e-02
4.955361914634704573e-02
4.950691580772399736e-02
4.963382315635680997e-02
4.950037455558777000e-02
4.948684048652648992e-02
4.949835920333862244e-02
4.953628158569335638e-02
4.944035553932189797e-02
4.955988168716430470e-02
4.958574390411377153e-02
4.956299567222595404e-02
4.972191667556762756e-02
4.958244299888611012e-02
4.972886753082275679e-02
4.972772169113159196e-02
4.958226084709167758e-02
4.947384309768676491e-02
4.962874126434325961e-02
4.961084222793579052e-02
4.958654975891113592e-02
4.949182748794555414e-02
4.953061795234680459e-02
4.955300712585448963e-02
4.943948745727538840e-02
4.984903335571289062e-02
4.949006557464599720e-02
4.949917674064636258e-02
4.951232290267944258e-02
4.941621375083923157e-02
4.939341473579406810e-02
4.946029686927795599e-02
4.951698207855224909e-02
4.948060941696166837e-02
4.958386921882629306e-02
4.948097825050354337e-02
4.954841589927673484e-02
4.947442793846130310e-02
4.952488660812377763e-02
4.959999561309814259e-02
4.961486864089965920e-02
4.951172566413879206e-02
4.954226899147033680e-02
4.940011930465697948e-02
4.954433250427246055e-02
4.965180420875549283e-02
4.970025110244750965e-02
4.965629243850708252e-02
4.972470355033874190e-02
4.977340698242187222e-02
4.971666812896728682e-02
4.983905911445617870e-02
4.973320770263672114e-02
4.966862964630126831e-02
4.964305710792541598e-02
4.967038989067077553e-02
4.970387291908263949e-02
4.976909160614013949e-02
4.967086267471313571e-02
4.974677658081054499e-02
4.968793034553527915e-02
4.979880261421203852e-02
4.971990919113158935e-02
4.977482533454895275e-02
4.982112383842468573e-02
4.982396531105041243e-02
4.977842998504638378e-02
4.975786113739013444e-02
4.964203405380249179e-02
4.984178709983825423e-02
4.979343223571777027e-02
4.975919103622436501e-02
4.981820249557494806e-02
4.979150557518005615e-02
4.977750754356384533e-02
4.993894219398498785e-02
4.969026660919189514e-02
4.981347465515136713e-02
5.000085735321044972e-02
4.984916353225708058e-02
4.996095776557922530e-02
5.019447660446166998e-02
4.993916559219360035e-02
4.995078706741332836e-02
4.991842675209045427e-02
4.984450531005859414e-02
4.997259831428527838e-02
5.016904139518738037e-02
4.992314147949218628e-02
4.994559121131896678e-02
4.997142696380615229e-02
4.993799877166747725e-02
5.002978444099426270e-02
4.997623276710510404e-02
4.986689090728759627e-02
4.999997782707214095e-02
4.998393702507018810e-02
5.012402272224426164e-02
5.000956726074218955e-02
5.025618505477905118e-02
5.015192437171935719e-02
5.005105471611023121e-02
5.016272950172424167e-02
5.005660080909728887e-02
5.005821800231933377e-02
5.009232234954834329e-02
5.001121163368225236e-02
4.999004411697387934e-02
4.999590015411376626e-02
5.003989386558532759e-02
4.999122762680053428e-02
5.004547405242919939e-02
5.003959560394287409e-02
5.017969441413879655e-02
5.004042291641235679e-02
5.014404702186584656e-02
5.009371972084045166e-02
5.015051198005675975e-02
5.011613821983337130e-02
5.013492941856384499e-02
5.003797626495361250e-02
5.012777972221374445e-02
5.014933228492737122e-02
4.992544436454773166e-02
5.008261060714721408e-02
5.002381801605224748e-02
5.002010416984557784e-02
5.001391696929931296e-02
5.003933763504028048e-02
5.002786254882812811e-02
5.005443453788757657e-02
5.010968518257141041e-02
4.998441624641418446e-02
5.000798988342285145e-02
5.012959194183349426e-02
5.043573141098022655e-02
5.011287546157836698e-02
5.018467235565185480e-02
5.002165937423706105e-02
5.004866695404052573e-02
5.011342501640320135e-02
5.012037777900695684e-02
5.009085011482238697e-02
5.002804970741271673e-02
5.005412960052490340e-02
4.996620631217956604e-02
5.012633061408996310e-02
5.012851357460022111e-02
5.021561741828918513e-02
5.021674013137817499e-02
5.030683565139770774e-02
5.021647644042968872e-02
5.016199684143066162e-02
5.027197027206421059e-02
5.034475231170654208e-02
5.028459858894348405e-02
5.010882043838500721e-02
5.031821680068969405e-02
5.023401212692260587e-02
5.028566241264343512e-02
5.029104495048523221e-02
5.024022340774535883e-02
5.033113002777099554e-02
5.045305800437926980e-02
5.038029885292052978e-02
5.032638907432555875e-02
5.029897665977477866e-02
5.033863282203674544e-02
5.037865757942199679e-02
5.051306152343749967e-02
5.112349057197571045e-02
5.035000634193420588e-02
5.033002328872680786e-02
5.044754409790039307e-02
5.032048749923705849e-02
5.082783794403076399e-02
5.042056679725646917e-02
5.036034464836120633e-02
5.030861544609070007e-02
5.064364719390869463e-02
5.030723404884338695e-02
5.024329543113708468e-02
5.037174558639526123e-02
5.036523771286010448e-02
5.022581171989441012e-02
5.035194420814514266e-02
5.028811168670654225e-02
5.017573308944701937e-02
5.019713807106018083e-02
5.015738987922668118e-02
5.032554984092712375e-02
5.021443533897399641e-02
5.006721210479736506e-02
5.020581817626953297e-02
5.023811650276183843e-02
5.006419515609741161e-02
5.023245477676391291e-02
5.007202601432800271e-02
5.011897087097168246e-02
5.010125064849853260e-02
5.019374251365661677e-02
5.012027096748351840e-02
5.015975141525268882e-02
5.008778023719787781e-02
5.014482736587524275e-02
5.006758689880370927e-02
5.004821491241455422e-02
5.007564377784728959e-02
5.003090143203735296e-02
5.017306184768676597e-02
5.009711575508117576e-02
5.015041065216064436e-02
5.024652910232543790e-02
5.013105440139770802e-02
5.013326239585876726e-02
5.016318917274475292e-02
5.023585343360900679e-02
5.057748961448669395e-02
5.073999762535095354e-02
5.041751360893249184e-02
5.057182717323303184e-02
5.050625276565551963e-02
5.041808223724365129e-02
5.050002670288086110e-02
5.059216737747192216e-02
5.062304472923279119e-02
5.057238650321960183e-02
5.056231737136841070e-02
5.061696815490722423e-02
5.055820894241332825e-02
5.048304724693298412e-02
5.059375548362731595e-02
5.051992678642273221e-02
5.062380218505859591e-02
5.052023577690124834e-02
5.055388212203979631e-02
5.062680721282959012e-02
5.062695670127868863e-02
5.072724246978759649e-02
5.066637682914734014e-02
5.065262222290039390e-02
5.057337117195129239e-02
5.068100690841674527e-02
5.059943962097167985e-02
5.062945055961608903e-02
5.074911499023437161e-02
5.069211483001709317e-02
5.053850865364074851e-02
5.064982724189757979e-02
5.065364766120910439e-02
5.067279219627380399e-02
5.082655930519103943e-02
5.081825709342956826e-02
5.072958445549011208e-02
5.125920176506042203e-02
5.078472495079040805e-02
5.076864695549011125e-02
5.073536705970764504e-02
5.070698761940002630e-02
5.071262145042419733e-02
5.091627860069274786e-02
5.068220448493957614e-02
5.077344989776611667e-02
5.071959662437439120e-02
5.069612956047057917e-02
5.053318738937377652e-02
5.068567228317260448e-02
5.061511874198913741e-02
5.060760307312011513e-02
5.066492509841918901e-02
5.060767388343811318e-02
5.060186481475829889e-02
5.072965383529663003e-02
5.068678402900695518e-02
5.055003261566162059e-02
5.057189130783081021e-02
5.043666720390319741e-02
5.041653656959533408e-02
5.043737506866455278e-02
5.058607125282287703e-02
5.052560472488403648e-02
5.042764186859130526e-02
5.055570244789123202e-02
5.041756415367126126e-02
5.062139511108398188e-02
5.094900918006897012e-02
5.097954726219177529e-02
5.113564252853393388e-02
5.111242890357971247e-02
5.116880106925964650e-02
5.119018769264221252e-02
5.096650958061218345e-02
5.104237437248229647e-02
5.096248197555541815e-02
5.098521161079407060e-02
5.114390993118286127e-02
5.094935178756714034e-02
5.107820177078246926e-02
5.116390967369079806e-02
5.105502438545227173e-02
5.117028331756591497e-02
5.115817356109619157e-02
5.107554769515991466e-02
5.107624363899231079e-02
5.111355686187744191e-02
5.113857269287109403e-02
5.119249200820923107e-02
5.121612763404845975e-02
5.124960398674011097e-02
5.117117762565612932e-02
5.119021964073180997e-02
5.112125754356384305e-02
5.121808815002441145e-02
5.126890134811401545e-02
5.126287198066711154e-02
5.126609444618224903e-02
5.118648624420166215e-02
