1.543384306038721547e+02
1.440694916915367401e+02
1.518033582487769593e+02
1.823914881763503217e+02
1.767923470839561730e+02
1.580823533948421868e+02
1.535649429291389936e+02
1.271156638784100608e+02
1.157348770686975286e+02
1.204851040490187302e+02
1.229804836858340451e+02
1.256848047018791021e+02
1.224544357556696497e+02
1.207420002867200708e+02
1.158254844469683462e+02
1.075714262989805832e+02
1.283514569059833548e+02
1.299219246763208844e+02
1.193504825498110051e+02
1.209883153593703184e+02
1.132880575271396424e+02
9.292860550533444552e+01
1.290665964497701452e+02
1.223443526554139282e+02
1.076668852003463002e+02
1.116311757934364408e+02
9.634458160678018146e+01
1.145038649712023187e+02
1.207338430509113323e+02
7.250419005027654862e+01
1.083256734837737838e+02
1.186378144908436951e+02
1.331449605085424253e+02
1.193774178636726191e+02
9.824311331667175295e+01
6.872866795217782965e+01
7.030677237481776842e+01
1.073178795467972293e+02
1.035881296425716869e+02
9.991979542724406826e+01
6.388013073312158951e+01
1.076091787078620428e+02
7.878471387758999356e+01
9.285214299002835503e+01
6.183133497426771186e+01
7.264706537700796218e+01
1.149753485718483574e+02
6.081900214786896441e+01
4.984628761265900465e+01
7.296333457910911591e+01
6.084470170407428213e+01
2.696859132460549091e+01
3.950456557310178596e+01
3.158557906649216918e+01
