2.075924000000000000e+07
2.075924000000000000e+07
2.075924000000000000e+07
2.075924000000000000e+07
2.075924000000000000e+07
2.075924000000000000e+07
2.075924000000000000e+07
2.075924000000000000e+07
2.075924000000000000e+07
2.075924000000000000e+07
2.075924000000000000e+07
2.075924000000000000e+07
2.075924000000000000e+07
2.075924000000000000e+07
2.075924000000000000e+07
2.075924000000000000e+07
2.075924000000000000e+07
2.075924000000000000e+07
2.075924000000000000e+07
2.075924000000000000e+07
2.075924000000000000e+07
2.075924000000000000e+07
2.075924000000000000e+07
2.075924000000000000e+07
2.075924000000000000e+07
2.075924000000000000e+07
2.075924000000000000e+07
2.075924000000000000e+07
2.075924000000000000e+07
2.075924000000000000e+07
2.075924000000000000e+07
2.075924000000000000e+07
2.075924000000000000e+07
2.075924000000000000e+07
2.075924000000000000e+07
2.075924000000000000e+07
2.075924000000000000e+07
2.075924000000000000e+07
2.075924000000000000e+07
2.075924000000000000e+07
2.075924000000000000e+07
2.075924000000000000e+07
2.075924000000000000e+07
2.075924000000000000e+07
2.075924000000000000e+07
2.075924000000000000e+07
2.075924000000000000e+07
2.075924000000000000e+07
2.075924000000000000e+07
2.075924000000000000e+07
2.075924000000000000e+07
2.075924000000000000e+07
2.075924000000000000e+07
2.075924000000000000e+07
