2.969996449947357453e-01
9.375785946846008911e-02
9.264501905441284435e-02
9.211559987068176913e-02
9.225507903099060270e-02
9.239385175704956099e-02
9.241156554222107467e-02
9.218572020530700628e-02
9.217892599105835527e-02
9.218494629859924627e-02
9.249166560173034679e-02
9.238977456092833940e-02
9.229870390892028209e-02
9.231435537338256170e-02
9.231036829948424671e-02
9.248483014106750888e-02
9.205595350265502463e-02
9.208412432670592951e-02
9.178431463241577826e-02
9.178716707229614413e-02
9.179966950416565408e-02
9.202494168281555309e-02
9.176422238349914162e-02
9.178916287422179965e-02
9.143661093711853705e-02
9.166802453994750410e-02
9.132905673980712402e-02
9.141515278816222945e-02
9.135520839691162187e-02
9.124970936775207708e-02
9.106297850608825739e-02
9.124608159065246415e-02
9.126074457168578680e-02
9.115577888488769764e-02
9.118493485450744618e-02
9.208069372177124512e-02
9.209352135658263605e-02
9.231304311752319691e-02
9.211135506629944403e-02
9.192257308959961293e-02
9.125940299034118741e-02
9.171292734146117842e-02
9.190846514701843384e-02
9.185746359825133767e-02
9.217084026336669345e-02
9.174176788330078158e-02
9.190592527389526700e-02
9.178928041458130072e-02
9.185455250740051647e-02
9.177245044708251531e-02
9.182789731025696456e-02
9.178009843826294423e-02
9.185711932182312467e-02
9.171589279174804932e-02
