1.390632363849973387e+02
1.446895074607237461e+02
1.660922600208039626e+02
1.642499498829606921e+02
1.526227131007218532e+02
1.566848284854443989e+02
1.373584961176973991e+02
1.168561961305920391e+02
1.140089421799573302e+02
1.261810606461440045e+02
1.309051236429920664e+02
1.251791406231325112e+02
1.242440228878864588e+02
1.116561075140677133e+02
1.231171539204042915e+02
1.193110398135409440e+02
7.726272555936631647e+01
8.685505750681655002e+01
1.179914427932666996e+02
1.024034633068376081e+02
1.089590710009721306e+02
1.120512395385163416e+02
7.708844909659133293e+01
8.661107684563269515e+01
6.012617611835424469e+01
1.435250074699628726e+02
9.646262261015959893e+01
1.008136072535700976e+02
8.754964821899912408e+01
7.783008081908883469e+01
1.018107041040631202e+02
5.927744910968382896e+01
7.999605614235986195e+01
4.498284089213020565e+01
5.815228402725103507e+01
7.152082058701955702e+01
1.026236452451900476e+02
4.684738287348032770e+01
3.690406191365089228e+01
5.931291832617095139e+01
8.441987743340479255e+01
4.782159498599040859e+01
6.111997738837360572e+01
6.234894260086533535e+01
3.401949638739065307e+01
2.633449107645655474e+01
5.159805200360293753e+01
3.406031485877365839e+01
3.724002750960053731e+01
4.173857278245728963e+01
2.480507396100655981e+01
2.140963421249878351e+01
3.190117764533479416e+01
2.825508150787038630e+01
1.315282222319312133e+01
1.433151702208379419e+01
3.330068655526623189e+01
1.740473567059082782e+01
1.446965787267204639e+01
2.178082004446121545e+01
1.088521468986824381e+01
1.334083036082643048e+01
1.883857376975938180e+01
2.536179053533510697e+01
1.115852427308631967e+01
1.658800895492031557e+01
1.372252804028259732e+01
1.290101861430283670e+01
1.352354917718971272e+01
1.655723673041650201e+01
1.385467991499604601e+01
1.373450606636881233e+01
2.136805341869808572e+01
4.003105486906332544e+01
2.303162087108213285e+01
1.858084871391749360e+01
2.486843845578469114e+01
2.000947293164644591e+01
1.959146015507036154e+01
1.352668869714501731e+01
1.784493453191030099e+01
3.009851607658786321e+01
1.509840607890884634e+01
1.373540690863861791e+01
1.122094505307813783e+01
1.361036140570010211e+01
2.015458966298890786e+01
1.683677787008975102e+01
1.371276592028777230e+01
1.291126026761479473e+01
1.829338202166903216e+01
2.139645743230611075e+01
1.633933272694882533e+01
2.181532967567032344e+01
1.300263142011489137e+01
1.131221106599253545e+01
3.863470572258506763e+01
1.275921263000959804e+01
1.515894164881605377e+01
1.194178375329020980e+01
9.968977757290863551e+00
1.266627109428586628e+01
1.561144439811004858e+01
1.368669706706840827e+01
1.355985464828251352e+01
2.140256668928222439e+01
1.596958127425187257e+01
9.938795134256354302e+00
1.293781129401246233e+01
1.507281700380675282e+01
1.360521633939820596e+01
1.116009492232924494e+01
2.241458016876719128e+01
1.179844648434366761e+01
1.703688806375528841e+01
1.444769324064333027e+01
1.396849498602758288e+01
1.496825491180833012e+01
1.126838790286094927e+01
1.605756133055076873e+01
2.281301029889560539e+01
1.023183432724311359e+01
1.625459491858680749e+01
1.227693447544351457e+01
1.301104708551509503e+01
1.262649116345541067e+01
1.270331721334772546e+01
1.758212750222903509e+01
8.719214424958771303e+00
1.604626657130471301e+01
1.260491423766125685e+01
1.402536725964259290e+01
1.120916254700546943e+01
1.148115040722535696e+01
9.097945644299645807e+00
1.896696118238040540e+01
8.272963452870301992e+00
1.600411117255996629e+01
1.288573915918773949e+01
1.137586867086979225e+01
1.508512913657192200e+01
1.066540894677125983e+01
1.795031115530642296e+01
1.718640839216623561e+01
1.330128346520736038e+01
1.987695291420461885e+01
1.252621898258460931e+01
1.541965104073547899e+01
1.262281857586991762e+01
1.385626450938467435e+01
1.518074402082765140e+01
1.427519619219982872e+01
1.453844758232406420e+01
7.735194258227258146e+00
1.146937550840288367e+01
1.060764973292486957e+01
1.425084832679378799e+01
9.089548638715356788e+00
7.172101023907220707e+00
1.033111492409481080e+01
8.134456627412559371e+00
9.217152963375436769e+00
1.515593759371777338e+01
1.328614331208240884e+01
1.073849255852524998e+01
1.055828393167254475e+01
9.199800783448434771e+00
1.630711161064754577e+01
8.310695165534919937e+00
1.283146654102655759e+01
2.061095805308607964e+01
8.031548955165522585e+00
1.407181979485227252e+01
1.106519738670938402e+01
9.107934644141336022e+00
1.800714054175007561e+01
1.127560334106572526e+01
1.034939224981712158e+01
1.161354354604325856e+01
6.241921718578193001e+00
8.626550686061603912e+00
1.482613871859463117e+01
9.389435539688642862e+00
8.467025059321397151e+00
1.444432741566250655e+01
9.656808896299731160e+00
1.024637015175513177e+01
9.970867179241919231e+00
6.948748581718267481e+00
1.147395353704802012e+01
8.577201161721790257e+00
8.755984747136061230e+00
1.621402242162867680e+01
9.613896104427357869e+00
1.261069462938666241e+01
8.041341766485400555e+00
8.306196095197623919e+00
6.408730226126066576e+00
1.019215060125873684e+01
1.140323855647501361e+01
6.153291295103941572e+00
9.229212301354143833e+00
2.140278618874499728e+01
8.169331936428166685e+00
6.397832235754513874e+00
9.605828892331992108e+00
6.722326024979002668e+00
1.146989563150636648e+01
7.515083961568691961e+00
7.296780877109889651e+00
9.125848624713791324e+00
6.596139912069357791e+00
8.868472115150858315e+00
7.906383343759509685e+00
9.502573648040275600e+00
1.304432853388829372e+01
9.213489075809116358e+00
1.042421933107359600e+01
5.024544001621790379e+00
1.382156907516985633e+01
1.011040529546212774e+01
8.856877243405930855e+00
8.843632550725883945e+00
5.790669139274252863e+00
1.158837913325230140e+01
9.045999407489549782e+00
6.995085596242180515e+00
1.069351232499064785e+01
1.413770207416164482e+01
6.030130755251308372e+00
5.953946843103461006e+00
6.986643186786285042e+00
1.000045594454183551e+01
8.915833133628174423e+00
1.055831965996498667e+01
5.752876832078372971e+00
9.939179199052356140e+00
9.515880730415263500e+00
5.854644110652817091e+00
8.507922920915380161e+00
5.881290606558809309e+00
1.011381843974113792e+01
9.107660728840491160e+00
5.004174245915635311e+00
1.064405554425564659e+01
1.559717432133395576e+01
6.738886188571902913e+00
6.724849568527416110e+00
1.097088315304039874e+01
1.084960151820687813e+01
5.842069086263461664e+00
1.123261836024720317e+01
5.608939645821831022e+00
1.019909197911944787e+01
6.475546760145729053e+00
6.155936159632100946e+00
6.537272349145867523e+00
6.219625418390729799e+00
8.398975132209523409e+00
5.098880460212287247e+00
1.085985505530325668e+01
1.033679507400991149e+01
7.638504608102561377e+00
5.868106359205111033e+00
8.070709500210769605e+00
6.426053739792481956e+00
1.125794376524331497e+01
7.023402871741123654e+00
6.205236742838294184e+00
6.534479754196484969e+00
6.041237682937985021e+00
5.323815336901134287e+00
6.195336422718662028e+00
6.421402483988897458e+00
4.747576447039345560e+00
1.026175684237407104e+01
7.454937552546557100e+00
6.423192478835814789e+00
1.665995065815908305e+01
4.364242300731062230e+00
6.516321792296105642e+00
4.163502309866672135e+00
1.001800338814398472e+01
8.775181059498459391e+00
4.349637185822414764e+00
6.356076777045247539e+00
6.741428131321398176e+00
6.491885855940275007e+00
7.687735781664430945e+00
5.479835712435732198e+00
5.977994901393522298e+00
4.869413280910308117e+00
4.554725507201245804e+00
7.086599480629193870e+00
1.021972844381150303e+01
8.228837401077246483e+00
9.353466888845167304e+00
6.266752712015030369e+00
1.038385612059628116e+01
8.671871590442664868e+00
7.096145860710072917e+00
5.919645700007365008e+00
4.341209897277297891e+00
8.039556120762108904e+00
5.285102992411344403e+00
9.876142038246603860e+00
9.821086218964980574e+00
9.644022456892962225e+00
5.075820643116538022e+00
1.316523162915321521e+01
4.974022096975770246e+00
6.105242340706669602e+00
5.590284341230347565e+00
1.398722009795785048e+01
4.421294067420616258e+00
5.885158179625136654e+00
9.536314034122549188e+00
6.720694787231313860e+00
1.278343941229278968e+01
9.818813427508152003e+00
6.834444314754027694e+00
1.445093760747334954e+01
1.028901393590621893e+01
4.980342006757688011e+00
7.285334316001445210e+00
7.034463306058704291e+00
1.060300320209994496e+01
5.878639198061844873e+00
7.251001190427488474e+00
5.721028725562246287e+00
9.561235441073097974e+00
5.642403809901985312e+00
6.268876303616429446e+00
9.298002695673620366e+00
7.058195893512244190e+00
6.597113839863620655e+00
7.213369843471479470e+00
1.339228978900317024e+01
8.851807276068994312e+00
7.508494366573207124e+00
5.462565404336407582e+00
6.274660046280226666e+00
5.746590008455269682e+00
6.060320918656148415e+00
5.881945039382274310e+00
9.783681477966196027e+00
4.951694042094533899e+00
9.502211576462972431e+00
6.951325742321109225e+00
5.848286557042502665e+00
5.189737171131127980e+00
5.920909134169931143e+00
4.844636842136473831e+00
5.844369375457148408e+00
6.063932925681712049e+00
7.964006157652020690e+00
4.742262022511775754e+00
5.035738883991040638e+00
6.049026321695701647e+00
4.196728940390352491e+00
7.908302352595189433e+00
1.135143808660569142e+01
8.109580056920803415e+00
6.783904766292231159e+00
4.051479686166601368e+00
4.552936467475889870e+00
7.355401344767487970e+00
6.571518529122268859e+00
7.420491871657303840e+00
1.207703606340286306e+01
7.676961679118570636e+00
8.556195320633309009e+00
5.947134061011996486e+00
3.889461889075551237e+00
5.561590981077735307e+00
7.052536557552941510e+00
6.919239593290028800e+00
1.165419990570971898e+01
7.486546653269205542e+00
6.813101974687327811e+00
1.231758937341530569e+01
6.587775636371698162e+00
7.647154960536448165e+00
4.948266807628981745e+00
1.097754310598337035e+01
4.204624797580739148e+00
5.313039728331935940e+00
6.968563068693689466e+00
6.683154921905362755e+00
5.988845587528922820e+00
5.346572744252531706e+00
8.827293088814714750e+00
5.333892373568061451e+00
5.455433771529221154e+00
6.146440727751720345e+00
6.186675791864161944e+00
6.316960114352331956e+00
4.334443668799661253e+00
5.833195520371548426e+00
6.984127048264148208e+00
4.636434632461599037e+00
6.156371354705413523e+00
6.852025034118396363e+00
5.976644181871193950e+00
4.305335439210903559e+00
9.361569627620413669e+00
1.689041995239581695e+01
1.042326381189664097e+01
6.372881083746216646e+00
7.799606279154274624e+00
6.005621703526352384e+00
1.955095023735920989e+01
5.646745305831670336e+00
3.067128983334507897e+00
6.881837732917836625e+00
3.597827428443720610e+00
6.142577769411420974e+00
8.147298464475017710e+00
6.537286083307081164e+00
4.637705189312840481e+00
3.436268044396053156e+00
7.829897491937866327e+00
4.088802145499247587e+00
5.352810533267370552e+00
6.234583956144836847e+00
8.915122506682289227e+00
4.643367800060442363e+00
4.368288828442970839e+00
5.690923926241677755e+00
6.721501848133503820e+00
4.840417147013718946e+00
7.412417189101623727e+00
7.229365084798321739e+00
8.286243932401461620e+00
6.751669473177923209e+00
6.583214266155770211e+00
3.839657591641536971e+00
9.184964359575895188e+00
7.062236698283491876e+00
4.017427936723585447e+00
5.294148048100185022e+00
6.261267768272791301e+00
4.486597728641393168e+00
4.690215180176262599e+00
4.472337235413534451e+00
5.853304204420756385e+00
2.153688003883967994e+01
3.813285351225478514e+00
6.206013388946704623e+00
4.769437928434888008e+00
9.441243542169374336e+00
6.747421786826534706e+00
6.573565551245080130e+00
4.919461092656812085e+00
6.698622796688550984e+00
5.341230657411902172e+00
1.912030994449346366e+01
3.518714793856576595e+00
4.733725302407404634e+00
3.667648536403882442e+00
6.782852907170368262e+00
9.982244536236407839e+00
8.578969968954046621e+00
4.580815518445295886e+00
7.195499033505024400e+00
5.508530544622746383e+00
4.087912789280036208e+00
4.461583037832247634e+00
5.608234932756523961e+00
5.813258492759280749e+00
4.503531875805555806e+00
4.850501947584837659e+00
1.258195433210366865e+01
7.412558458852872789e+00
6.585999672446909869e+00
1.450038063379547815e+01
3.346881842210050806e+00
4.833230435185776663e+00
1.262282452462163107e+01
6.125408329205414226e+00
7.870027273901378351e+00
9.053022731121243893e+00
8.008181690496622096e+00
6.204345484776673025e+00
8.914676603314028114e+00
3.795393293038467064e+00
5.488870317294405332e+00
6.930421931105551714e+00
4.265883639274568928e+00
6.266198084122342138e+00
3.279351135872874856e+00
6.201882111859361224e+00
8.351910929834229336e+00
1.928494643139464415e+01
4.381379268826589346e+00
5.708471598701813754e+00
5.948445922411276676e+00
3.115122558986661794e+00
5.582409256366577033e+00
8.173787080031862828e+00
1.298476240780103907e+01
1.564100740894323316e+01
4.050289930182252363e+00
4.508385951661831648e+00
3.329250489067000274e+00
6.122552820649575622e+00
7.522840217368897520e+00
7.507331606282741987e+00
1.746160506596876516e+01
5.166995736641478487e+00
1.214288265331750161e+01
1.297653172109597186e+01
9.368007573419538048e+00
5.973805330049555273e+00
4.216312770078641137e+00
9.699383512059959855e+00
6.801791048883135460e+00
1.076839688727312350e+01
1.557461522652417507e+01
2.109750872875802585e+01
5.250428596915170942e+00
8.719264651640013852e+00
4.292539314027457920e+00
8.496404923765256356e+00
6.979272792024623584e+00
4.123453264911484339e+00
1.001281474327710619e+01
4.808104880756532751e+00
4.231846244674627222e+00
1.304658692519438468e+01
3.362124459410906319e+00
4.113421489445094892e+00
5.610656766806687124e+00
8.508830525425990388e+00
4.975278575834405359e+00
6.008012857424317232e+00
9.947531750233464365e+00
2.665099239799825881e+01
2.051762631862162323e+01
5.300814566911633996e+00
5.317163513998997004e+00
7.292200767998196831e+00
4.918628488071437488e+00
5.786614995240868531e+00
1.208081051289462593e+01
9.226824849636807713e+00
2.532358182948162906e+01
1.949579221392604111e+01
3.723945456027200507e+00
1.459712358818170230e+01
8.804968436171280999e+00
8.639924153211607560e+00
7.051091824673373587e+00
6.245376467995075842e+00
1.141970207483474020e+01
5.355952245604385986e+00
5.256072964736627107e+00
9.202722292794506487e+00
6.464946605483008923e+00
5.659128123541709243e+00
1.267450886659095133e+01
3.481589100136288639e+00
4.982559782191694708e+00
5.278380253655645227e+00
1.069877847756520417e+01
5.046423150880138486e+00
5.755798276063467611e+00
8.860479122254245610e+00
6.565024345909737491e+00
4.805150312055192607e+00
7.451465058851799661e+00
8.278650760881257398e+00
1.696835291649886202e+01
1.577578562513268245e+01
1.369059590833699147e+01
5.186019019588965051e+00
6.594123519279683876e+00
1.013218675222557685e+01
7.243531413124905782e+00
1.885505733505128134e+01
8.706288166287295738e+00
4.126180828899413733e+00
1.522412650455199667e+01
6.351670227584960138e+00
4.544815359648885611e+00
2.662656052940655727e+01
3.725884264968107651e+00
6.507739600471913910e+00
5.741765458099417963e+00
1.024943489321909773e+01
4.337218652248923334e+00
2.973644450522865412e+01
5.839947571337332555e+00
5.438732876819641682e+00
1.272720694429256127e+01
3.778485481504282983e+00
9.626233568708531863e+00
1.440145116476085718e+01
4.746223648798316930e+00
4.944348798908402287e+00
7.041951721530435471e+00
8.032571231445910342e+00
2.285028391970438477e+01
7.826655286659343069e+00
7.789059507463735876e+00
1.033886828014947490e+01
6.224577618824326031e+00
9.208786974251726321e+00
4.505912167902834220e+00
5.193941656914505600e+00
4.094620233404802079e+00
7.272041327967488478e+00
9.608907748410832284e+00
6.777923395568122622e+00
6.743712156039608274e+00
4.879794367098339691e+00
4.454420754194718057e+00
8.677562011223379557e+00
8.496720130633176993e+00
4.126325255669544667e+00
1.055452490098911866e+01
1.520385019289650508e+01
8.906550976737053205e+00
1.685709466809646173e+01
7.817061758065990240e+00
8.473445643574452291e+00
4.434963006505522110e+00
3.051259210923083831e+00
4.427832442193329499e+00
7.108723935763985757e+00
5.258213553877013169e+00
7.097400262431566631e+00
1.568271050476542605e+01
4.405475408151680483e+00
6.075152617976000258e+00
4.083796782709232964e+00
3.885022866126878416e+00
1.465123354535541367e+01
6.616961715642482922e+00
7.373566972225962246e+00
6.311034516879429290e+00
6.620369458656941930e+00
1.389055907308517313e+01
1.424950131559610611e+01
6.383680849669392643e+00
1.150129208743763343e+01
7.353058902460171353e+00
3.954580899846892095e+00
7.698617120571305428e+00
3.353065976631921963e+00
1.369077065232666790e+01
8.683487667467980842e+00
1.053047398983099114e+01
1.271847277649546726e+01
8.803813644116008419e+00
7.687061895715248561e+00
2.058057237536923267e+01
5.962163295974340471e+00
5.945032404914418755e+00
1.003745821741749467e+01
4.493171182112003059e+00
4.981715476187786429e+00
6.787921906445957276e+00
8.376152893250438325e+00
7.790047561435724077e+00
1.218680633057509155e+01
4.490674305539842592e+00
5.089361502818138483e+00
5.354440400076537543e+00
9.612607952361711838e+00
9.055970942765155129e+00
1.451040477186320565e+01
8.998937931289823666e+00
1.237460354191467360e+01
5.208943629853024504e+01
1.941122540456745327e+01
8.950241752268661699e+00
5.736833889423127886e+00
8.105715969637035556e+00
5.423258161525184029e+00
3.665262430439700836e+01
4.590712074570453716e+00
2.628792036301242874e+01
1.982264376852069887e+01
6.006507668812338885e+00
3.570406867570317555e+00
1.292714905748198717e+01
5.403425845295077856e+00
6.130167658134107356e+00
3.124580899120654287e+00
1.492449106019348548e+01
4.452878693432135826e+00
1.600031763927659512e+01
8.449023771786276171e+00
1.826259581418513633e+01
1.291567754723965322e+01
6.060141624687823914e+00
4.238417223103368769e+00
7.685823808030840532e+00
8.736936153350056244e+00
1.773752855244130444e+01
1.721536644187261444e+01
3.549987348018509348e+00
1.491149592081784725e+01
1.488517769153002845e+01
1.671177781605064183e+01
1.052195423379248673e+01
5.078419095026049490e+00
8.532988472396358048e+00
4.401139682599986003e+00
7.761110077748183400e+00
1.278387343111145391e+01
9.391723672675423629e+00
6.067771359956573463e+00
5.355686353770810371e+00
1.049914685948753679e+01
6.929865278929613126e+00
7.076426730973580881e+00
9.937092025898246916e+00
2.729859543641761377e+01
6.645139899832912533e+00
1.122456856581972495e+01
8.048628090386792167e+00
6.968574764255178522e+00
8.131316156151020991e+00
5.145876122396070507e+00
5.241149686968201493e+00
4.778155967945616034e+00
1.614207674078043198e+01
7.643053933649674114e+00
7.299054993309587402e+00
1.194565771188454839e+01
6.430413898367417502e+00
1.182319862321010540e+01
4.222973536848759757e+00
4.037388536347816803e+00
6.372026544037468376e+00
4.953929091722494071e+00
1.291494594711976163e+01
1.558016060050512230e+01
2.158410538908835363e+01
4.656225454515161566e+00
3.741570812590643946e+00
1.355425164359692580e+01
2.998263992357953001e+01
4.330859652461877651e+00
1.286508354817937239e+01
1.600119559162671834e+01
4.954346816261697484e+00
3.043198100064223510e+01
5.489483032662831441e+00
7.408727837905832558e+00
1.449976870867490142e+01
1.588774991142863158e+01
7.793072089126279245e+00
4.655640804653484288e+00
6.217980186585609914e+00
7.382671023972459778e+00
1.257868909354535347e+01
5.458875953086328892e+00
8.693918264240149796e+00
1.589772613320791450e+01
7.412021419587519588e+00
8.139153827302164856e+00
5.064450150558636565e+00
7.006663281046730418e+00
1.502161160941129658e+01
1.896880978225058101e+01
4.458667434115897166e+00
4.143111097177605728e+00
2.955060880487421215e+00
7.904348846920346894e+00
4.568071672289908847e+00
1.007346637783373566e+01
1.920252039691980173e+01
5.660816271540915601e+00
8.182456615975290504e+00
6.720849490614599908e+00
9.621423497480956044e+00
3.816169045410204408e+00
6.692325150801567979e+00
1.071998559679591168e+01
6.814960589261724877e+00
7.451126596119665990e+00
5.339968358787873903e+00
5.029799292364026009e+00
8.553335556761195946e+00
9.509706253861578418e+00
1.931348358627455752e+01
4.571604107109727977e+00
5.089188782043136960e+00
6.977425111313460881e+00
1.028204568528310325e+01
1.380266167163055258e+01
4.184093204027495183e+00
6.042822957931170968e+00
5.423687919796107870e+00
6.361876000019745625e+00
5.231183880467985325e+00
6.087738331984773765e+00
8.724961862869461626e+00
3.248167934243541222e+00
3.365562082985980030e+00
1.012541154239277041e+01
1.434501386074000884e+01
2.231126470973868692e+01
1.554340733459662616e+01
1.344270675552282235e+01
1.419041897176917999e+01
2.902340693590929277e+01
1.047681623451414801e+01
1.530473731277974814e+01
4.119096025562725139e+00
9.459544992693212251e+00
9.342460685659100150e+00
5.172586559819876584e+00
2.170174248969355091e+01
7.122349389494236682e+00
2.916607760430985863e+01
5.026450320906364233e+00
1.568522841320461758e+01
1.598800507054379771e+01
1.214086307542913445e+01
8.722858979646005650e+00
1.924707045665114435e+01
1.335901250962276698e+01
1.376753005239983985e+01
1.468443108599680258e+01
3.600377868406692716e+00
6.353579404779337025e+00
3.598237180469411545e+00
7.493765710853166340e+00
5.110121080593819975e+00
5.736473334328010765e+00
3.001707342084286356e+00
3.859855964386496918e+00
9.216795252854989684e+00
2.046311192471618767e+01
5.374597333093812601e+00
6.039071192900840934e+00
3.801720965827523280e+00
5.170949236401775728e+00
5.235256140091996357e+00
1.111689997561151877e+01
2.471623419684104306e+01
6.723213895259164907e+00
6.094340892373602436e+00
2.301649147726556777e+01
3.891045700160140619e+00
2.777342093322342276e+00
1.782254774502461814e+01
6.787015652551810163e+00
1.197299553463981070e+01
6.171784543811342338e+00
3.477540185496941660e+00
1.104982496003905368e+01
9.776823112696417795e+00
4.636147240788019985e+00
3.882570417733899770e+00
1.647566774316359073e+01
9.421357537022597484e+00
3.521119342345661263e+00
6.704121909396164369e+00
1.926256614923512700e+01
2.102209940182009262e+01
6.171132044653257154e+00
7.599832454422842609e+00
1.412078479929424013e+01
6.909345741538957419e+00
5.392626354079977702e+00
2.184114334095866283e+01
1.054773836221522210e+01
3.170098266989364699e+00
5.405660647943898667e+00
8.040785946729830158e+00
5.126984713800736948e+00
9.156688905584541516e+00
4.414482275055937599e+00
4.466440654584270753e+00
3.573675079422931500e+00
7.935058286789350213e+00
6.089955540250200805e+00
8.189850224657739375e+00
1.964173150880837682e+01
8.965901039891951640e+00
4.167905859050208939e+00
3.656253261377630626e+00
6.861251194618744442e+00
2.016115623281248048e+01
2.608964661893228865e+01
3.641350053519845975e+00
7.326787870145112791e+00
4.403247542098683631e+00
1.026869215631189824e+01
4.922861109533855917e+00
9.388449415481018079e+00
1.294679540010814200e+01
1.203261301877951261e+01
8.112037305200994197e+00
3.859095475726541480e+01
1.228416967376747415e+01
4.993785997918926078e+00
1.110107476143224225e+01
9.700694592570984653e+00
1.260393433171915589e+01
1.863809462361102121e+01
1.512120103622495826e+01
2.954523305779632381e+01
6.118591366727473613e+00
5.287935086760811920e+00
2.407345434787540839e+01
1.504216501059778643e+01
1.279928865947932515e+01
5.745361124955089771e+00
4.973878088069851877e+00
1.240559163153315581e+01
6.366817281272005857e+00
5.228971567792036090e+00
5.530972579105016607e+00
6.455358366712279583e+00
5.330300253050403114e+00
9.298038052290857891e+00
4.986485721306962660e+00
1.592360415040532651e+01
1.716570805345437378e+01
6.016013434865776333e+00
7.141661162417123343e+00
1.095351214119179772e+01
5.391546928758022439e+00
5.179093424129861845e+00
1.064852329162200384e+01
1.386449999459836846e+01
2.210521987673728717e+01
3.616578433530976078e+00
2.671285983024747779e+01
1.579651502460829171e+01
8.781128218911179673e+00
1.234172449323076570e+01
3.535095770916822921e+00
1.705853552752352087e+01
4.717347125294177879e+00
3.382552650507882674e+01
6.340373607157107294e+00
3.369695955381654784e+01
1.052393318699417790e+01
6.226781410945587680e+00
1.918742365939023742e+01
7.919842886370924262e+00
2.306784279360974921e+01
1.653185966508833360e+01
3.702776090240690099e+00
1.164423008047236507e+01
1.280553486081937642e+01
1.642659468502180786e+01
1.761514959137464942e+01
6.446839566420685230e+00
3.049559163014393448e+00
1.059746567053086963e+01
7.226588733008225240e+00
6.563256719826448204e+00
8.285873288299764994e+00
6.203765367424900035e+00
6.137342644696165195e+00
1.174552294271166630e+01
1.253165348926328981e+01
1.458070906917567555e+01
4.984743726540387776e+00
6.095088207817796366e+00
7.285858357959942744e+00
5.555890364058085673e+00
7.394742668624431303e+00
3.539208273774423219e+01
7.400651922845431052e+00
6.946647630879073887e+00
1.407034221795901985e+01
4.167228428824931719e+00
4.670201968365647716e+00
1.742755170556699440e+01
8.074429772660739246e+00
9.850147547073078158e+00
7.466819657718877679e+00
1.533198563814583437e+01
1.002417860881542211e+01
4.797852077080686506e+00
1.845278104701220911e+01
7.414003721609129016e+00
4.164372780495720683e+00
4.716712534974604409e+00
7.267967602899430446e+00
4.605229894205058017e+00
9.338451456687119290e+00
1.449193152819104746e+01
6.577739605139586665e+00
1.472607687804678456e+01
5.507223516191253943e+00
1.261580018239394896e+01
6.571360333223684513e+00
1.373355781371748385e+01
5.841082361219839925e+00
