2.622587180137634366e-01
6.113626122474670466e-02
6.007526636123657060e-02
5.943140387535095215e-02
5.968628978729247775e-02
5.968028974533080844e-02
5.976535367965698370e-02
5.974053430557250965e-02
5.973645782470703158e-02
5.960116624832153404e-02
5.959726762771606207e-02
5.937734079360961620e-02
5.984115886688232133e-02
5.997313308715820218e-02
5.970811414718627669e-02
5.978680419921875155e-02
5.983899164199828896e-02
6.014631128311156982e-02
5.992639040946960705e-02
5.971705985069274830e-02
6.001214432716369535e-02
5.968244028091430897e-02
6.005491399765014449e-02
5.989104890823364336e-02
5.977877688407898238e-02
6.027206540107726829e-02
6.056802511215209767e-02
6.081919479370117426e-02
6.069891166687011591e-02
6.073567819595336592e-02
6.032064676284790150e-02
6.059815096855163813e-02
6.053259015083312794e-02
6.086904048919677956e-02
6.035774683952331576e-02
6.041288781166076483e-02
6.024572038650512912e-02
6.049624395370483548e-02
6.058327937126159468e-02
6.005782985687255909e-02
5.994037032127380593e-02
5.991972899436950883e-02
6.030150532722473172e-02
6.025001907348633001e-02
5.958813381195068176e-02
5.963010954856872575e-02
6.000742340087890370e-02
6.018417096138000549e-02
6.024829530715942322e-02
6.004848766326904147e-02
5.957478523254394753e-02
5.954120302200317100e-02
5.945017910003662365e-02
5.953787684440612488e-02
6.046808123588562345e-02
6.108504843711853177e-02
6.018751001358032399e-02
6.062981224060058627e-02
6.074529314041137579e-02
6.025728416442870800e-02
6.003304314613342602e-02
6.036733269691467452e-02
6.064751744270324707e-02
6.100223565101623585e-02
6.058703565597534091e-02
6.059332871437072415e-02
6.051689147949218528e-02
6.064254760742187472e-02
6.075102853775024569e-02
6.069231724739074935e-02
5.973637413978576810e-02
6.070727348327636941e-02
6.041817522048949923e-02
6.028682732582092002e-02
6.051843214035033947e-02
6.055742406845093101e-02
6.051300239562988625e-02
6.028755140304565413e-02
6.026803803443908647e-02
6.110134077072143510e-02
6.040016746520995850e-02
6.067250013351440513e-02
6.094893002510070462e-02
6.058969926834106151e-02
6.140027546882629444e-02
6.190575265884399464e-02
6.182994794845581010e-02
6.198422980308532920e-02
6.170000791549682534e-02
6.146518111228942843e-02
6.155084466934204052e-02
6.161472940444946006e-02
6.158599448204040566e-02
6.204982376098632652e-02
6.166939091682434315e-02
6.165030956268310880e-02
6.160381650924682401e-02
6.145789980888366477e-02
6.151276111602783231e-02
6.174755430221557512e-02
6.089794063568115118e-02
6.066350221633911438e-02
6.111567401885985990e-02
6.162727665901183982e-02
6.195656561851501515e-02
6.107082033157348877e-02
6.159740185737609675e-02
6.100046753883361927e-02
6.158220982551574491e-02
6.145438504219054993e-02
6.193498682975769054e-02
6.169853615760802906e-02
6.203683972358703391e-02
6.169486880302429282e-02
6.214046216011047397e-02
6.101129078865051569e-02
6.187309503555298018e-02
6.210472297668456765e-02
6.147421908378600947e-02
6.207590866088866927e-02
6.213751292228698875e-02
6.177608084678649913e-02
6.203075718879699774e-02
6.195245265960693665e-02
6.196741676330566606e-02
6.162569928169250172e-02
6.184910750389099182e-02
6.211584353446960444e-02
6.205030941963195906e-02
6.187379503250121926e-02
6.208289241790771601e-02
6.144875597953796537e-02
6.187392115592956626e-02
6.173985505104064714e-02
6.179312658309936424e-02
6.222167539596557689e-02
6.196678972244262784e-02
6.212338232994079473e-02
6.238284397125243991e-02
6.166934275627136003e-02
6.239920091629028165e-02
6.232204580307006830e-02
6.156824779510498141e-02
6.076443958282470859e-02
6.242099571228027638e-02
6.164782667160034063e-02
6.205344057083130027e-02
6.083112168312072854e-02
6.183458232879638500e-02
6.151088976860046714e-02
6.227926111221313704e-02
6.225012445449829013e-02
6.240302419662475258e-02
6.166324710845947493e-02
6.067654085159301935e-02
6.215205073356628446e-02
6.246790742874145513e-02
6.239417004585266074e-02
6.230556178092956643e-02
6.210911273956298828e-02
6.213052415847778592e-02
6.139447021484374656e-02
6.204666757583618408e-02
6.213889145851135554e-02
6.217770075798034757e-02
6.247900247573852373e-02
6.202821159362793130e-02
6.240457344055175964e-02
6.243559026718139421e-02
6.271321344375610507e-02
6.204034161567688332e-02
6.201722478866577432e-02
6.252648472785950207e-02
6.230591630935668895e-02
6.241772270202636946e-02
6.251334333419800160e-02
6.236575889587402111e-02
6.235661435127258512e-02
6.232323408126830971e-02
6.256847596168517434e-02
6.172672057151794289e-02
6.202445459365844849e-02
6.257470822334289251e-02
6.240784406661987332e-02
6.247747302055359220e-02
6.270498466491698786e-02
6.274688744544983099e-02
6.263582324981689653e-02
6.262709236145019842e-02
6.260354828834534258e-02
6.257462048530579302e-02
6.268484258651733920e-02
6.249197244644164734e-02
6.262524056434631836e-02
6.262320113182068271e-02
6.239577722549438654e-02
6.261928772926331210e-02
6.262569618225097279e-02
6.139545917510986356e-02
6.238733935356140237e-02
6.162568497657775618e-02
6.170163536071777283e-02
6.025329828262328963e-02
6.176572823524475314e-02
6.179274320602416715e-02
6.207614636421203425e-02
6.240396332740783675e-02
6.230559682846069369e-02
6.052980875968932972e-02
6.066499376296997231e-02
6.203619718551636047e-02
6.215161108970641834e-02
6.222788143157959029e-02
6.221211981773376587e-02
6.250612497329711970e-02
6.174098086357116683e-02
6.200581049919128701e-02
6.232007169723510764e-02
6.163138270378112904e-02
6.187811517715453846e-02
6.204506015777588174e-02
6.161197090148926025e-02
6.257967352867126187e-02
6.153931021690368930e-02
6.212951827049255360e-02
6.189114403724670088e-02
6.254074931144713856e-02
6.208924841880798101e-02
6.247355532646179516e-02
6.273351693153381148e-02
6.197400474548339644e-02
6.259223723411559692e-02
6.273265123367309515e-02
6.195553827285766452e-02
6.217792797088623341e-02
6.223156785964965854e-02
6.269647288322448275e-02
6.269760227203369229e-02
6.272684216499328780e-02
6.214190459251403564e-02
6.301516103744507491e-02
6.249106144905090116e-02
6.294348144531250466e-02
6.272533917427063066e-02
6.269215655326842995e-02
6.289148545265198231e-02
6.253941297531127874e-02
6.250172019004822388e-02
6.274415707588196223e-02
6.277138543128966963e-02
6.249608492851257274e-02
6.246076321601867765e-02
6.179084849357605047e-02
6.260832881927490268e-02
6.307683587074279508e-02
6.258705878257751765e-02
6.255313014984130449e-02
6.280319976806640614e-02
6.263807225227356612e-02
6.252062010765076228e-02
6.166633033752441650e-02
6.075034856796264482e-02
6.259354043006896962e-02
6.202234745025634460e-02
6.274528646469115789e-02
6.313147640228271296e-02
6.289511227607727517e-02
6.287698507308960016e-02
6.252418637275695967e-02
6.275746011734008312e-02
6.217637872695922635e-02
6.284297680854797341e-02
6.190033531188964683e-02
6.269001317024230913e-02
6.275264263153075561e-02
6.279957532882690652e-02
6.268605136871338579e-02
6.260363984107970847e-02
6.268587636947631214e-02
6.149044585227966125e-02
6.284131979942321478e-02
6.291634488105773970e-02
6.121742272377014155e-02
6.286130380630493286e-02
6.292289233207702670e-02
6.228839540481567044e-02
6.272023129463195901e-02
6.285704684257507890e-02
6.278390836715698475e-02
6.259027123451232910e-02
6.265563654899597434e-02
6.254508781433106013e-02
6.289726543426513161e-02
6.306161379814148593e-02
6.238375711441040278e-02
6.273057222366333618e-02
6.274220013618468650e-02
6.235359859466552829e-02
6.235478806495666632e-02
6.274092888832091819e-02
6.269934797286987049e-02
6.186584353446960421e-02
6.115735960006713628e-02
6.069137120246886896e-02
6.183518934249877808e-02
6.178911972045898759e-02
6.119259333610534840e-02
6.133976387977600059e-02
6.136716651916503812e-02
6.123011279106140015e-02
6.149388718605041521e-02
6.123817825317382640e-02
6.263709688186645808e-02
6.252483987808227228e-02
6.249912452697754112e-02
6.225810766220092607e-02
6.158267378807067566e-02
6.207927894592284862e-02
6.141927576065063510e-02
6.202384090423584267e-02
6.174743461608886430e-02
6.198967933654785101e-02
6.132512974739074557e-02
6.162674760818481756e-02
6.139039492607116510e-02
6.162232494354247941e-02
6.080776977539062433e-02
6.129509282112121510e-02
6.089971232414245761e-02
6.171509981155395841e-02
6.103615474700927607e-02
6.140859580039977755e-02
6.137964010238647350e-02
6.133901333808899209e-02
6.178119158744811712e-02
6.127258753776550215e-02
6.073395395278930603e-02
6.111959481239318676e-02
6.189131712913513439e-02
6.041463232040405334e-02
6.293791818618774125e-02
6.321432423591613614e-02
6.289602112770080466e-02
6.340799379348754927e-02
6.324458765983581587e-02
6.310049176216125932e-02
6.294352364540099776e-02
6.335445189476013317e-02
6.184663677215575944e-02
6.158293128013610923e-02
6.311975550651550970e-02
6.198449802398681846e-02
6.323912668228148792e-02
6.144180774688720592e-02
6.298693370819091752e-02
6.254778337478637817e-02
6.328655290603638073e-02
6.312612557411194369e-02
6.308378696441650779e-02
6.351968789100646828e-02
6.296675181388855513e-02
6.273421812057494718e-02
6.308153939247131137e-02
6.298611617088317738e-02
6.341295599937439575e-02
6.338597631454467862e-02
6.320688009262084850e-02
6.328647232055664706e-02
6.329256892204285223e-02
6.347397518157958662e-02
6.342982459068298440e-02
6.309835457801818426e-02
6.331564259529114114e-02
6.338806676864623679e-02
6.255966711044311235e-02
6.311530590057373713e-02
6.313300514221191484e-02
6.322316551208495561e-02
6.341394853591919567e-02
6.310951089859008489e-02
6.320468068122864214e-02
6.310678887367247858e-02
6.341342163085937622e-02
6.337900996208191418e-02
6.367434978485107810e-02
6.351867866516112959e-02
6.279754066467285734e-02
6.334980630874634255e-02
6.361452293395995772e-02
6.303407835960388172e-02
6.330816030502318947e-02
6.369231009483337924e-02
6.232947802543640364e-02
6.291531968116760576e-02
6.348604321479797696e-02
6.335564684867858731e-02
6.341561961174010942e-02
6.325502061843872592e-02
6.351670169830322954e-02
6.360538458824158137e-02
6.328760027885436956e-02
6.361535096168517700e-02
6.348454880714415882e-02
6.368913555145264138e-02
6.325378704071045466e-02
6.361229467391968373e-02
6.374704074859618985e-02
6.348844265937805820e-02
6.345361685752869130e-02
6.339436101913452359e-02
6.347312974929809892e-02
6.366181850433350053e-02
6.337207198143005038e-02
6.345212841033935625e-02
6.330946278572081864e-02
6.291936302185058283e-02
6.280307459831237227e-02
6.359179401397704878e-02
6.308808279037475542e-02
6.332784366607666082e-02
6.365819358825683394e-02
6.333476519584656239e-02
6.368875741958618386e-02
6.353515124320983920e-02
6.309920287132263217e-02
6.362254929542542070e-02
6.360330677032470514e-02
6.353788375854492465e-02
6.370093727111816873e-02
6.336450195312499922e-02
6.359648442268371615e-02
6.376014971733093284e-02
6.370518779754638650e-02
6.332998466491698841e-02
6.359346938133239591e-02
6.362812137603759965e-02
6.291216659545897927e-02
6.328953289985657371e-02
6.375427436828613736e-02
6.306967759132385554e-02
6.373491144180297441e-02
6.368082165718078058e-02
6.357555341720580455e-02
6.378795838356017545e-02
6.370608949661255016e-02
6.323576855659485130e-02
6.372556161880493786e-02
6.368235445022582542e-02
6.370795130729675626e-02
6.312701630592346125e-02
6.365658617019653853e-02
6.374419355392456354e-02
6.373650503158569125e-02
6.352931737899780718e-02
6.350438714027405174e-02
6.367274379730224199e-02
6.355942630767821844e-02
6.354869818687439165e-02
6.328849005699158092e-02
6.290737533569336348e-02
6.309512543678283403e-02
6.317167472839355091e-02
6.280993580818176880e-02
6.193600392341613858e-02
6.309485483169555153e-02
6.323481225967407526e-02
6.307997345924377941e-02
6.367179632186889537e-02
6.292803502082824907e-02
6.282301712036132690e-02
6.340254235267639427e-02
6.373039054870605069e-02
6.384266567230224843e-02
6.256383991241455667e-02
6.335311985015869285e-02
6.270558762550354492e-02
6.363416171073912886e-02
6.335196542739868208e-02
6.337255954742432307e-02
6.315390157699585227e-02
6.331007313728333197e-02
6.355397653579711315e-02
6.311772394180298340e-02
6.320483446121215321e-02
6.209049487113952465e-02
6.374761819839477872e-02
6.393228721618651744e-02
6.385588502883911277e-02
6.398295569419860940e-02
6.435806012153624800e-02
6.400308489799499956e-02
6.376556801795960072e-02
6.380424642562866622e-02
6.366270256042480535e-02
6.370271944999694735e-02
6.380759453773499068e-02
6.377496218681336093e-02
6.397030782699585083e-02
6.373456645011901789e-02
6.392899131774902599e-02
6.348223304748534801e-02
6.254124999046326017e-02
6.367744159698486561e-02
6.263981056213378806e-02
6.401196718215942938e-02
6.421211600303650124e-02
6.430728650093078813e-02
6.416678667068481667e-02
6.322078895568847279e-02
6.255715250968933716e-02
6.343268966674804610e-02
6.289707612991332630e-02
6.205854988098144509e-02
6.364792537689209495e-02
6.280352592468262107e-02
6.227505135536193920e-02
6.429107904434204490e-02
6.411068367958068503e-02
6.412282252311705955e-02
6.382474207878112427e-02
6.400696325302124290e-02
6.409689068794249822e-02
6.327104830741882291e-02
6.379317736625671198e-02
6.359316802024841953e-02
6.436906313896179066e-02
6.444463586807250288e-02
6.409066605567932673e-02
6.406862068176269465e-02
6.415112018585204801e-02
6.431691694259643322e-02
6.356735062599182251e-02
6.388377428054808904e-02
6.400762343406676824e-02
6.408319735527039096e-02
6.403622555732726984e-02
6.348760938644408547e-02
6.415306591987610108e-02
6.364433073997496915e-02
6.411150121688842518e-02
6.417507910728455223e-02
6.374806714057922041e-02
6.429790377616882713e-02
6.413039183616638106e-02
6.441147112846375145e-02
6.420373010635375965e-02
6.401855278015136652e-02
6.439944887161254405e-02
6.388593506813049216e-02
6.421456813812255471e-02
6.426675295829772927e-02
6.445672249794005826e-02
6.397588753700256259e-02
6.402973771095275823e-02
6.434887027740478216e-02
6.420832061767578480e-02
6.386702036857605513e-02
6.386999082565307517e-02
6.386811590194702015e-02
6.410472893714905251e-02
6.425486111640929532e-02
6.437046289443969227e-02
6.431939220428466164e-02
6.339827346801757413e-02
6.401168107986450473e-02
6.390630888938904353e-02
6.406324934959412021e-02
6.381882715225219160e-02
6.348647117614746038e-02
6.399268054962158059e-02
6.433896422386169156e-02
6.373019504547118574e-02
6.391442131996154241e-02
6.344194793701171675e-02
6.315216517448425659e-02
6.368205928802490867e-02
6.346935081481933083e-02
6.316489720344543868e-02
6.274581670761109065e-02
6.295600271224975619e-02
6.273335242271423084e-02
6.313141608238220792e-02
6.316817307472229193e-02
6.290775918960571367e-02
6.245688986778259039e-02
6.214579367637634161e-02
6.196673560142516857e-02
6.200042533874512013e-02
6.199335885047912303e-02
6.197202491760253618e-02
6.181079268455505482e-02
6.145215559005737238e-02
6.185456371307373330e-02
6.152672481536865245e-02
6.164196777343750044e-02
6.194834971427917725e-02
6.206343698501586709e-02
6.195155620574951255e-02
6.465090107917785545e-02
6.386092424392700306e-02
6.435000634193420443e-02
6.401105999946593572e-02
6.445228242874145863e-02
6.447976779937744651e-02
6.424858427047729081e-02
6.406455373764037564e-02
6.382090878486633423e-02
6.420315241813659424e-02
6.426853251457213811e-02
6.382912445068358864e-02
6.425313591957092230e-02
6.423905253410339133e-02
6.369042325019835804e-02
6.390689110755920499e-02
6.353570079803466664e-02
6.456219315528870240e-02
6.372911667823791260e-02
6.291436171531676613e-02
6.336433625221252197e-02
6.427833008766174749e-02
6.341079998016357910e-02
6.350576996803283802e-02
6.276727175712584761e-02
6.291069436073302990e-02
6.276024651527405129e-02
6.343725776672362593e-02
6.398098039627074518e-02
6.449200415611267001e-02
6.467824387550354104e-02
6.470771527290344882e-02
6.463270545005798950e-02
6.476109528541565408e-02
6.455982995033264504e-02
6.447692704200744251e-02
6.424842619895934637e-02
6.423007774353027555e-02
6.466996288299560469e-02
6.447344160079955533e-02
6.453178191184998080e-02
6.416500568389892079e-02
6.421903276443481634e-02
6.252591800689696888e-02
6.437145090103149614e-02
6.412310791015625455e-02
6.330309200286865501e-02
6.442778015136718661e-02
6.205557441711425509e-02
6.290934205055237483e-02
6.327840733528136696e-02
6.345131802558899581e-02
6.376903653144835871e-02
6.307894444465636519e-02
6.219563078880310097e-02
6.307783961296081765e-02
6.284090089797973733e-02
6.268670582771301847e-02
6.473567676544189631e-02
6.440575170516968373e-02
6.379046320915221502e-02
6.418154525756836204e-02
6.393614578247069913e-02
6.393156552314757657e-02
6.329312396049499578e-02
6.350560140609741444e-02
6.315066742897033902e-02
6.267404365539551436e-02
6.276390290260315530e-02
6.333028721809387529e-02
6.313895344734192505e-02
6.292473149299621094e-02
6.251419782638549527e-02
6.324957561492919322e-02
6.331986165046692150e-02
6.290292525291442394e-02
6.232618045806884860e-02
6.287465357780457065e-02
6.291295313835143510e-02
6.343924069404602295e-02
6.343234038352965620e-02
6.362935757637024070e-02
6.333493185043334583e-02
6.328300714492797463e-02
6.330391168594359796e-02
6.343392348289489391e-02
6.492259597778320124e-02
6.454253077507018932e-02
6.370714616775512151e-02
6.458058476448058638e-02
6.490053105354308405e-02
6.485792207717895608e-02
6.477039146423339833e-02
6.470954871177672652e-02
6.482437825202941317e-02
6.449398469924927380e-02
6.352167916297912775e-02
6.441948342323303156e-02
6.461617279052733753e-02
6.474342894554138694e-02
6.331291961669921475e-02
6.413186979293823697e-02
6.491105103492736395e-02
6.465603065490722889e-02
6.476036477088928378e-02
6.451469898223877175e-02
6.480011963844299616e-02
6.507161521911621060e-02
6.471559762954712247e-02
6.463960003852843583e-02
6.472487521171570168e-02
6.443156814575194680e-02
6.477107000350952604e-02
6.476314377784729570e-02
6.490586948394774791e-02
6.495425367355346646e-02
6.503104376792907815e-02
6.494762158393860285e-02
6.487269306182860684e-02
6.478945255279540405e-02
6.484459376335144354e-02
6.497416973114013283e-02
6.495307064056396462e-02
6.510203266143799183e-02
6.508146047592162919e-02
6.508022451400756470e-02
6.500027275085448752e-02
6.467957782745360762e-02
6.473115611076354914e-02
6.518504333496093206e-02
6.506823778152465154e-02
6.536879754066467207e-02
6.515569782257080167e-02
6.528035998344421109e-02
6.495158576965331942e-02
6.513811588287353460e-02
6.534536838531494751e-02
6.489789366722106823e-02
6.534514498710632113e-02
6.483063530921935602e-02
6.461673283576965798e-02
6.501554799079894975e-02
6.497279429435730280e-02
6.501281380653381459e-02
6.507884788513183805e-02
6.492321968078612615e-02
6.492657113075256392e-02
6.503564858436584883e-02
6.528655910491942826e-02
6.513321447372436013e-02
6.479797053337096879e-02
6.502905774116515825e-02
6.536807203292846480e-02
6.516890883445740357e-02
6.488675093650818348e-02
6.527443218231200606e-02
6.549204993247985385e-02
6.427270722389220869e-02
6.471868968009948653e-02
6.509088015556335760e-02
6.539442205429077393e-02
6.499167323112488293e-02
6.500998473167420022e-02
6.518357372283935247e-02
6.524331498146057617e-02
6.541238403320312478e-02
6.518493914604187034e-02
6.527605438232421398e-02
6.528174591064453414e-02
6.507719898223876531e-02
6.476571488380432340e-02
6.529503273963928323e-02
6.462418055534362160e-02
6.451448583602904796e-02
6.528596186637877774e-02
6.522606945037841275e-02
6.527626276016235130e-02
6.519599175453186235e-02
6.530796313285827659e-02
6.521409177780151945e-02
6.538164567947388206e-02
6.518344187736510587e-02
6.506540679931641091e-02
6.462115669250488581e-02
6.535102725028991977e-02
6.539290857315063765e-02
6.536364603042602028e-02
6.507855701446532692e-02
6.526044631004333796e-02
6.530831527709961282e-02
6.521354889869690474e-02
6.532266736030578613e-02
6.503167748451232910e-02
6.540678453445435137e-02
6.520976185798645075e-02
6.545934724807739302e-02
6.515488743782044123e-02
6.523465061187744274e-02
6.529022979736327781e-02
6.511569857597350464e-02
6.484582376480102495e-02
6.557662391662597012e-02
6.533221960067749079e-02
6.523625874519348167e-02
6.551442432403564720e-02
6.520513677597046531e-02
6.437330055236815951e-02
6.524505615234374445e-02
6.339450454711914595e-02
6.500910377502441828e-02
6.495749950408935547e-02
6.537636137008666359e-02
6.510483002662659224e-02
6.546767187118530951e-02
6.538762784004210904e-02
6.459261965751647572e-02
6.530465245246887263e-02
6.539433956146240012e-02
6.562531828880309448e-02
6.535262966156005215e-02
6.530655503273009865e-02
6.511401391029357499e-02
6.510263633728027854e-02
6.510982847213744873e-02
6.509810304641723555e-02
6.549686217308044178e-02
6.569281244277953846e-02
6.527380657196045488e-02
6.505834794044494662e-02
6.540868711471557739e-02
6.548879480361938232e-02
6.532548236846923151e-02
6.545231056213378362e-02
6.558002519607543379e-02
6.545686697959900158e-02
6.513491773605346868e-02
6.520042920112609219e-02
6.525997495651245095e-02
6.542660427093506537e-02
6.556975078582763516e-02
6.576012086868286699e-02
6.557568764686584617e-02
6.563981461524963368e-02
6.550786948204040394e-02
6.577978348731994274e-02
6.561587691307067816e-02
6.570501661300659491e-02
6.565793752670287531e-02
6.543654131889342640e-02
6.489841794967651789e-02
6.557883548736571921e-02
6.589664626121520541e-02
6.485987162590026167e-02
6.431015706062316595e-02
6.544301414489746282e-02
6.504825687408447021e-02
6.548186802864074119e-02
6.516086721420287498e-02
6.576134991645812833e-02
6.566383910179138250e-02
6.558210110664366987e-02
6.561194205284118230e-02
6.578740978240966986e-02
6.508431935310363126e-02
6.565417027473449685e-02
6.576865673065185325e-02
6.556257081031799383e-02
6.624963927268981423e-02
6.559190416336059537e-02
6.557425212860107377e-02
6.570001983642578813e-02
6.562266302108764326e-02
6.586269521713257469e-02
6.602315974235534179e-02
6.558963489532471103e-02
6.551738476753235507e-02
6.563190174102782881e-02
6.440541434288024614e-02
6.583589124679566085e-02
6.594509720802306518e-02
6.521827483177185247e-02
6.429693245887756203e-02
6.597043752670288252e-02
6.603407287597656827e-02
6.570770454406738015e-02
6.575987029075622270e-02
6.600255179405212225e-02
6.600669026374816895e-02
6.573723936080932972e-02
6.584415078163147195e-02
6.580895543098450040e-02
6.591337180137633867e-02
6.540675926208495972e-02
6.560985827445983687e-02
6.555696988105773337e-02
6.506425380706787331e-02
6.581242585182189853e-02
6.600088524818420455e-02
6.570159077644348311e-02
6.564409422874450950e-02
6.545927309989929554e-02
6.519583177566527776e-02
6.424734973907471336e-02
6.631149935722351063e-02
6.545977163314818659e-02
6.525003862380981956e-02
6.517186999320984109e-02
6.430180454254150191e-02
6.532528352737426713e-02
6.498890495300292669e-02
6.468212318420410445e-02
6.515798711776733809e-02
6.477270960807800237e-02
6.417164397239684404e-02
6.422922372817993497e-02
6.435019993782042924e-02
6.535000205039978582e-02
6.498896574974059870e-02
6.472937703132629339e-02
6.499420976638793646e-02
6.503489637374877674e-02
6.541279578208923640e-02
6.475731563568115634e-02
6.415527510643005693e-02
6.395753383636475220e-02
6.385489296913146595e-02
6.445238327980042092e-02
6.355672097206115090e-02
6.381890130043030296e-02
6.378480839729308571e-02
6.369690656661987360e-02
6.366187167167663974e-02
6.285572361946105413e-02
6.395925855636597213e-02
6.241736149787902727e-02
6.293129348754883390e-02
6.414411139488220004e-02
6.381983041763306108e-02
6.452196359634398970e-02
6.413399720191956255e-02
6.428040409088134344e-02
6.405174398422240623e-02
6.411681604385376099e-02
6.273211383819579656e-02
6.493972849845885964e-02
6.637412333488464100e-02
6.579443621635437667e-02
6.620078444480896607e-02
6.631487464904785301e-02
6.579922580718994274e-02
6.606190800666808527e-02
6.625828790664672896e-02
6.631886720657348411e-02
6.581675171852112427e-02
6.609081125259400058e-02
6.485511422157287653e-02
6.625709271430969827e-02
6.587578630447388228e-02
6.597621512413025247e-02
6.612737560272216597e-02
6.593634033203124578e-02
6.585321879386901722e-02
6.608002710342407438e-02
6.557492780685424127e-02
6.604265213012695812e-02
6.571561574935913530e-02
6.560113453865051847e-02
6.596140527725219416e-02
6.622739243507384799e-02
6.611838841438293091e-02
6.585779309272765669e-02
6.602079296112060847e-02
6.594223523139954024e-02
6.610513162612914606e-02
6.630104780197143555e-02
6.632958841323852162e-02
6.606945586204528154e-02
6.627893805503845548e-02
6.574283909797667969e-02
6.544461202621459917e-02
6.611201357841491044e-02
6.617259740829467551e-02
6.584586596488953281e-02
6.605981516838073386e-02
6.605141043663025069e-02
6.635308957099914084e-02
6.652293825149535600e-02
6.636444544792174938e-02
6.628203725814819924e-02
6.651906728744506891e-02
6.646534228324890714e-02
6.655358743667602606e-02
6.621228551864624667e-02
6.571946239471435081e-02
6.604483890533446866e-02
6.600149226188659068e-02
6.639417099952697743e-02
6.615927600860595226e-02
6.572648978233337769e-02
6.629379534721374645e-02
6.642778801918029774e-02
