1.522637886881287841e+02
1.408048323624684599e+02
1.625360477724963744e+02
1.583554030451821859e+02
1.502280578830335571e+02
1.461640282476194557e+02
1.335792808470462774e+02
1.256232776852000086e+02
1.242181715930295240e+02
1.186318874438590569e+02
1.125966338676279435e+02
1.109869265082303400e+02
1.151133810756896310e+02
1.177935498369984941e+02
1.163153659828727058e+02
9.099614366391004694e+01
6.982913203659339274e+01
6.996386107980573854e+01
1.198734568967238943e+02
9.247669992489910840e+01
9.775034218017664500e+01
7.136898181056987767e+01
1.222101915448896534e+02
7.217511383885978660e+01
3.543559794888059855e+01
6.472810203036617338e+01
7.654247871128602299e+01
7.690867313415718343e+01
6.157236604812391079e+01
5.264881255895075896e+01
4.937402858139274286e+01
5.400564465421643945e+01
2.027468758683201600e+01
4.310306641073683664e+01
3.105675312093088536e+01
1.741493735653498121e+01
4.156390156665845836e+01
1.222465653857296530e+01
3.226620947957721341e+01
2.437115687127630892e+01
2.094936128007153187e+01
1.898953314163174255e+01
2.451622081523726138e+01
1.725439778772261690e+01
1.289025624708642148e+01
1.739752398011753343e+01
1.509853867910750935e+01
2.295993729370982095e+01
1.439163133644544246e+01
1.825201469779142016e+01
1.417378158968032054e+01
9.081261059174277506e+00
1.537358040685970550e+01
7.618450882536623503e+00
1.943664276189904783e+01
9.264260315103598487e+00
2.121118329224288246e+01
1.743832930245898538e+01
6.111953847305192866e+00
7.449007367341479835e+00
2.816208114028625431e+01
1.281028018224665743e+01
1.525252871663177778e+01
1.486364205267324223e+01
1.280801569473127977e+01
7.828641387369733806e+00
5.587224458706973707e+00
6.473690322804539932e+00
5.293671772323111036e+00
1.749776704998407340e+01
8.604735153333949782e+00
1.663740882600171389e+01
7.284982562000251960e+00
1.119206771226813402e+01
7.789543933512780960e+00
6.912637210570042434e+00
1.017431533734558080e+01
6.403417448100682030e+00
9.978020431164775772e+00
9.236998124478812855e+00
2.439656136005126186e+01
1.214807710893222747e+01
8.998510231660295844e+00
5.147829946540110058e+00
2.985573436764872923e+01
1.138972735818194693e+01
1.289147251548879680e+01
6.370104486453678660e+00
1.034334042224017125e+01
1.216093973285653362e+01
1.023630502353937821e+01
9.809862584966708710e+00
1.368587170782961593e+01
9.924484052567349224e+00
6.402628365679038147e+00
5.611051986353357002e+00
8.172376859740484889e+00
5.426759930724044168e+00
1.027693270047147678e+01
6.095300478247803078e+00
9.555897460649001474e+00
1.641391406566117794e+01
7.816590478466747705e+00
7.531088136917927223e+00
1.008857424892511823e+01
1.878492479311065111e+01
6.282276924042991872e+00
5.431761582735343374e+00
6.844135791985007877e+00
2.225006223325497601e+01
1.469439785870420501e+01
5.716994633310956253e+00
2.378802315087433783e+01
7.143336106107298633e+00
1.150990511985094145e+01
1.302402756746594470e+01
8.729389962814178006e+00
1.661248171752326286e+01
1.260031875941250057e+01
1.508142671688199421e+01
9.001286329788156237e+00
1.633204704822219000e+01
1.101965918048954407e+01
1.152304418193866731e+01
5.781899124756595398e+00
6.298977334670293970e+00
1.032533771973304404e+01
1.046514760789015597e+01
5.720695888882527669e+00
5.167835715177806044e+00
1.008276923802414160e+01
2.953226347990152334e+01
9.688602997152207408e+00
1.191515582610159818e+01
7.516553933096076001e+00
1.145723428366804519e+01
8.247143810513431816e+00
2.219350042305645232e+01
1.363241543724534921e+01
1.732914426236453664e+01
9.255173368132847855e+00
7.994775136427327844e+00
1.442870549625935972e+01
1.580504551441806171e+01
7.908680238128383166e+00
9.377376777576158062e+00
6.888258899883611619e+00
5.643847025939457751e+00
1.300462055029439945e+01
9.570757729056211360e+00
1.935580488165595625e+01
1.802125710288290250e+01
2.650925206841030857e+01
5.534276250248466589e+00
8.166777737233172019e+00
1.478788906297304528e+01
7.450060124196401290e+00
7.779919923254617231e+00
2.035978592778027618e+01
2.553783717817428922e+01
6.730361218573243320e+00
8.876247573861348883e+00
1.098575546285866089e+01
2.256847838863109246e+01
2.934543748090520410e+01
1.081313204641350190e+01
7.484505077365645853e+00
1.069071649369497301e+01
1.127237783868226728e+01
8.092456491858857959e+00
6.917754500017235131e+00
1.188609605764912658e+01
6.804937833641977463e+00
9.061240739299641689e+00
5.113534454084493142e+00
6.559303373725628994e+00
8.030957823888055458e+00
9.803281715040347066e+00
7.685371375458846188e+00
6.546981458164784939e+00
1.296173360211525782e+01
1.859647907020659829e+01
1.974816717570477920e+01
1.825536871991356946e+01
1.421772530312647831e+01
1.776923670331602523e+01
3.122013515821487317e+01
8.587688388718873966e+00
3.914107651201104687e+01
1.365855312826031387e+01
2.438201762097589409e+01
8.848492556991123692e+00
7.283860003279561290e+00
5.680205509693011301e+00
1.068426545945690620e+01
1.427173294557663041e+01
9.119032759468380434e+00
1.089595420626205602e+01
5.135108239282125453e+00
1.210941859528990783e+01
9.565772141868617240e+00
9.170239196288624939e+00
1.016563623076621603e+01
1.203197462140456864e+01
2.391772646686349546e+01
7.461439925294810926e+00
2.586812360549433976e+01
6.652965733513977575e+00
1.145471070147609005e+01
2.449821275699192924e+01
2.309770088915394126e+01
6.318129417053892638e+00
6.506992220357878054e+00
2.011765244184367418e+01
5.640151757996954451e+00
1.749599785267695395e+01
1.111381911391702637e+01
8.039136488478629161e+00
1.318422496533742461e+01
2.066383090741625139e+01
1.448424573555203665e+01
5.835725482436987299e+00
6.096861290355902518e+00
9.426718398134728005e+00
7.873264772511174847e+00
2.077277201328132961e+01
2.355063045271489486e+01
1.966021221964651033e+01
7.884926035754522999e+00
1.029122996203337337e+01
1.158601307030145300e+01
1.135911856852501955e+01
8.836031120040042097e+00
1.183953505891739688e+01
5.006385786796792914e+00
1.486003975595360060e+01
1.226007558155382071e+01
1.970790829221570561e+01
1.657082289880158044e+01
3.857684801307507794e+00
5.732272387269309988e+00
1.361744443162144336e+01
2.889770872394375800e+01
1.053400605449768079e+01
3.774300847506153911e+00
1.276733975610886596e+01
4.965489019624583733e+01
1.490825306839954933e+01
4.761351097568149449e+00
8.639516608627877403e+00
9.395699060496252031e+00
1.153650646972462290e+01
9.803700004749209995e+00
8.362730927017777205e+00
9.692366174695129288e+00
5.186660477281571957e+01
1.783940154831336500e+01
1.411141813139458456e+01
