2.713801681995391957e-01
6.825492691993713390e-02
6.723050451278686501e-02
6.659859180450439231e-02
6.647876143455505593e-02
6.660267162322998369e-02
6.648793625831604659e-02
6.677545523643493852e-02
6.653287744522094760e-02
6.648884892463684249e-02
6.646809792518615367e-02
6.660315179824828624e-02
6.648895144462585449e-02
6.623955368995666781e-02
6.617099833488464256e-02
6.623906040191650246e-02
6.631673765182495572e-02
6.754671669006347134e-02
6.753566336631774969e-02
6.763811874389648315e-02
6.763615298271179188e-02
6.784869003295898593e-02
6.722151160240173728e-02
6.732244992256164462e-02
6.779156184196472035e-02
6.782721972465514948e-02
6.780167841911316495e-02
6.783281874656676980e-02
6.758781385421752663e-02
6.767671394348144520e-02
6.802212429046630704e-02
6.796304726600646551e-02
6.798690438270568737e-02
6.814715600013733499e-02
6.819814658164978505e-02
6.796690917015076050e-02
6.782789015769959129e-02
6.766945934295653942e-02
6.821312117576598666e-02
6.850382590293883911e-02
6.836260890960693670e-02
6.828134155273438144e-02
6.817245578765869507e-02
6.829796624183655240e-02
6.763262820243835793e-02
6.844781017303466775e-02
6.802723646163939819e-02
6.816080117225646606e-02
6.772952222824096813e-02
6.791897296905517745e-02
6.804752254486083618e-02
6.804627752304076571e-02
6.829783606529235551e-02
6.831318926811218162e-02
6.799777913093567328e-02
6.791314768791198442e-02
6.817055702209472157e-02
6.835406017303466419e-02
6.789157700538635265e-02
6.756321120262145929e-02
6.777316713333129961e-02
6.750129103660583441e-02
6.849148702621460361e-02
6.807162261009216953e-02
6.812328982353210716e-02
6.821300840377807206e-02
6.856468605995177934e-02
6.798299479484558316e-02
6.870213031768798717e-02
6.692573237419129073e-02
6.791795301437378307e-02
6.745431733131408703e-02
6.815139508247375355e-02
6.840917444229126232e-02
6.833348608016967529e-02
6.848659491539001165e-02
6.789936614036559681e-02
6.828935551643371127e-02
6.802321386337280285e-02
6.815993118286133023e-02
6.795662426948546886e-02
6.778690862655639693e-02
6.815792083740233875e-02
6.865388417243957486e-02
6.813725256919861417e-02
6.754784178733826139e-02
6.836789846420288086e-02
6.710496807098388639e-02
6.740040636062621937e-02
6.772987818717957076e-02
6.793079304695129328e-02
6.823508882522583141e-02
6.813183546066284291e-02
6.856791996955871604e-02
6.813122248649597368e-02
6.835817265510558960e-02
6.810875153541565141e-02
6.790168356895447122e-02
6.856843543052673629e-02
6.809007692337036566e-02
6.839556288719177146e-02
6.803802227973937411e-02
6.849244427680968583e-02
6.895966744422912797e-02
6.840538740158080833e-02
6.833115983009338534e-02
6.859654474258422563e-02
6.849168086051940496e-02
6.817949676513672397e-02
6.876781916618347756e-02
6.789532232284545277e-02
6.806069421768189132e-02
6.850022101402282459e-02
6.830013656616211459e-02
6.759525823593139082e-02
6.877915453910828092e-02
6.815153288841246937e-02
6.822970366477966453e-02
6.815526390075683782e-02
6.782708406448363647e-02
6.825441527366638006e-02
6.902163648605347257e-02
6.928499364852905296e-02
6.905780363082886231e-02
6.909809064865111983e-02
6.917209601402282693e-02
6.895316672325134399e-02
6.854029035568237616e-02
6.791481971740723211e-02
6.861191678047180720e-02
6.788960814476013850e-02
6.847503829002379860e-02
6.826456212997436546e-02
6.826657152175903687e-02
6.832408738136291904e-02
6.793997073173523027e-02
6.813957667350768743e-02
6.798217678070068992e-02
6.758646655082702071e-02
6.768897628784178999e-02
6.704169154167174960e-02
6.783402490615844660e-02
6.822792053222656583e-02
6.812616848945617087e-02
6.768066883087157926e-02
6.829531359672545709e-02
6.782600951194762973e-02
6.804338550567626265e-02
6.831893157958984775e-02
6.810992884635924671e-02
6.905018115043640159e-02
6.850322484970092218e-02
6.834641408920287542e-02
6.859184885025024214e-02
6.912798762321471779e-02
6.856094717979431541e-02
6.838047766685485807e-02
6.872034049034118908e-02
6.853816151618957742e-02
6.878707599639892478e-02
6.763214015960693215e-02
6.905401754379272838e-02
6.782094240188599188e-02
6.859614920616149969e-02
6.903286552429199752e-02
6.912260437011719105e-02
6.869249629974365223e-02
6.892966651916504484e-02
6.790192627906799228e-02
6.813214349746704590e-02
6.932021021842955932e-02
6.864516377449035589e-02
6.797390818595885897e-02
6.791502618789672929e-02
6.853120398521422851e-02
6.883474683761596491e-02
6.890611481666565619e-02
6.896990633010864624e-02
6.923301839828491233e-02
6.873985409736632635e-02
6.880790853500366733e-02
6.892202115058898571e-02
6.810522913932799682e-02
6.877207422256469138e-02
6.883165693283080366e-02
6.909665822982788419e-02
6.922445201873779486e-02
6.871222424507140991e-02
6.882780218124390226e-02
6.942548680305481168e-02
6.872691130638122758e-02
6.869244480133056274e-02
6.867662858963012595e-02
6.776089954376220137e-02
6.880916142463684715e-02
6.882267189025878529e-02
6.825398230552673362e-02
6.907560348510742576e-02
6.899119782447814264e-02
6.867567896842956265e-02
6.820362734794616077e-02
6.902135038375854792e-02
6.894805622100830256e-02
6.942613029479979825e-02
6.900200080871582431e-02
6.873253536224364912e-02
6.859480690956115678e-02
6.839535427093505759e-02
6.908568096160888627e-02
6.850175809860228893e-02
6.914484381675720104e-02
6.884267044067382546e-02
6.873409247398376554e-02
6.902357172966003263e-02
6.918891692161560636e-02
6.872228217124938532e-02
6.852747750282286998e-02
6.905194878578185813e-02
6.869430613517761575e-02
6.880776476860046842e-02
6.809229874610900346e-02
6.923307251930237161e-02
6.810707926750182717e-02
6.885229158401488803e-02
6.898689413070678567e-02
6.913538432121277277e-02
6.835765075683593317e-02
6.812779808044433505e-02
6.896773099899292103e-02
6.954780030250549971e-02
6.926855683326721413e-02
6.935647177696227517e-02
6.915102624893187944e-02
6.878189301490783558e-02
7.024350810050963845e-02
6.928593492507933993e-02
6.930731987953185624e-02
6.959259843826294534e-02
6.993827819824219305e-02
6.926020169258118031e-02
6.887017655372619507e-02
6.961953425407409191e-02
6.916616868972778887e-02
6.912681794166565530e-02
6.927597212791443415e-02
6.946436429023743198e-02
6.877727746963500921e-02
6.969913625717162609e-02
6.993006491661071800e-02
6.907253623008728638e-02
6.919983696937560824e-02
6.949825954437255371e-02
6.938166022300720770e-02
6.929622578620910078e-02
6.957578539848327526e-02
6.941584134101867753e-02
6.981439471244811623e-02
6.926818394660949618e-02
6.997774696350098078e-02
