1.484154320934830196e+02
1.437528837166593405e+02
1.535431215962060207e+02
1.639334710561787176e+02
1.433378132002226550e+02
1.429704858100780882e+02
1.344513953750101507e+02
1.258635402810395050e+02
1.195113749917424428e+02
1.190034594853433703e+02
1.223129784825332109e+02
1.212641193690645025e+02
1.254481333732735919e+02
1.187451339401402350e+02
1.292436282295379044e+02
1.083137933230219119e+02
8.622994797175358883e+01
8.652542761624029310e+01
8.364540785822188695e+01
8.414483606720968112e+01
9.505191495033663784e+01
4.987542558741999699e+01
8.041841752006952504e+01
6.330235964517337521e+01
3.864788358633944654e+01
5.541090214392655611e+01
5.437054101457052724e+01
8.167117683672857709e+01
6.951681027008513070e+01
2.591683140071516789e+01
4.501327316998897743e+01
3.443093667816377490e+01
2.369549710271127552e+01
2.104038831625745942e+01
2.170985064756269267e+01
4.687498728759203459e+01
1.749422013047200863e+01
1.554838160499986799e+01
2.505062798876366870e+01
1.617920028148873257e+01
2.080418371678379685e+01
1.626984971575250327e+01
3.460562282458531058e+01
2.077531813115617254e+01
1.301400538481786029e+01
2.400929952912575160e+01
1.102746599645718817e+01
1.406497131814586155e+01
2.038904001099751895e+01
9.816502687527739468e+00
1.748559847267234701e+01
8.700813364930047200e+00
9.163449205848499091e+00
1.751245144224473904e+01
9.427141315873120320e+00
1.792840121296864453e+01
1.292428469692328896e+01
1.136748986952113150e+01
1.837376690645526267e+01
1.066493173508596115e+01
1.095859646868122717e+01