1.453928388727652532e+02
1.349953267878026111e+02
1.563276117507896288e+02
1.633081952940016492e+02
1.590532005103099777e+02
1.429083018188940457e+02
1.302644672378291375e+02
1.212849881116751192e+02
1.192053615756306755e+02
1.217003009284448751e+02
1.260797988586327421e+02
1.226205351011656148e+02
1.091488657902944084e+02
9.543487281392059174e+01
1.108980381783821940e+02
8.296783002134402807e+01
9.743658221119879670e+01
8.099818179054506118e+01
1.005272321166991532e+02
6.688764809546488266e+01
6.051604236120194713e+01
6.732108419772208663e+01
4.859201618312437887e+01
5.411598852044832597e+01
3.851530830289821949e+01
6.435085192505106022e+01
9.425465759715422109e+01
3.746241274353911166e+01
7.076476034444121410e+01
2.849702816826274798e+01
5.806883530944418936e+01
4.870430221906131152e+01
5.466157715883930024e+01
8.059975515557532333e+01
2.933826145933751306e+01
4.035889799524173327e+01
2.432112700666948868e+01
5.450599556148598879e+01
2.576736142540245567e+01
3.703727379579670753e+01
1.974065829729164534e+01
2.713460285269429306e+01
2.780529650183048318e+01
1.330926751482722636e+01
2.422616647055292916e+01
2.001551234083714448e+01
2.976657823707827788e+01
1.723238926927434989e+01
1.741210490639061348e+01
3.941687770291441950e+01
1.422097745057378582e+01
2.335517216956516151e+01
1.418430051695166405e+01
1.502387016830092037e+01
2.346636227503793037e+01
1.307911916479837444e+01
8.820878706778444212e+00
1.743930038573869723e+01
1.473713376692828092e+01
7.258534370403018521e+00
1.269141008355598288e+01
1.630499361688054449e+01
1.046110059079286714e+01
8.459055672931922842e+00
8.917984429587558992e+00
1.507290754766620999e+01
1.002585882673262319e+01
1.354530772680712580e+01
2.038007025682709283e+01
1.364003899578428403e+01
1.980755815208041781e+01
6.953711854570791218e+00
9.603074362831527822e+00
1.043711299849150009e+01
1.228963002041109398e+01
7.260082730322753974e+00
8.972245677654646201e+00
7.292471483784133568e+00
7.800415496536815319e+00
6.971880719760699563e+00
1.057849001139198464e+01
5.936174114051580908e+00
1.396437037562724726e+01
8.451060435127082826e+00
8.939591707694058087e+00
8.676700288172398245e+00
1.044694436933234272e+01
9.013940565212848810e+00
7.324856969234445181e+00
7.500207459283958045e+00
1.051233022055315125e+01
1.101858274037525476e+01
6.444674951286778253e+00
6.312227219896902497e+00
9.045774651447944237e+00
1.808227141887244116e+01
8.932356313404190118e+00
5.817023636877969750e+00
5.087570757797830190e+00
9.344656896629647491e+00
6.619641649013944473e+00
9.551479869035222947e+00
7.001385247372973630e+00
2.433134447242251852e+01
1.058078540328505923e+01
2.009195177403441690e+01
7.060476509167329162e+00
1.316699035718979438e+01
8.918977895886667895e+00
1.017791339831195785e+01
9.963217311546602062e+00
1.046957820405396689e+01
1.034653709479939110e+01
1.164031002458990471e+01
4.796343571266977079e+00
1.060936326893384596e+01
1.164673293479784277e+01
2.460668377195634804e+01
1.304655454771806689e+01
1.206288056577411183e+01
5.970016402412382739e+00
8.737652178993382535e+00
1.002436871851901046e+01
1.193364539807841140e+01
1.033433911901085622e+01
1.027727423750130420e+01
6.503237520909388003e+00
8.588382988836295695e+00
9.092479289896932215e+00
6.554113098139555227e+00
6.870085203653378159e+00
9.426715704174659649e+00
6.680967848169208523e+00
6.339542028392826545e+00
7.069437670281303099e+00
9.000778082670885638e+00
5.679761600541391786e+00
6.396406869650819615e+00
1.163883710951051143e+01
1.207251492686034844e+01
8.051830566508874298e+00
7.641734733966845106e+00
5.156556537550677888e+00
1.366006804724185919e+01
8.860903384579755127e+00
1.208682671594491254e+01
7.858348520188832786e+00
5.391658963336761978e+00
5.284951974447177570e+00
7.580701078681370220e+00
1.176530544371408027e+01
9.532085408152349615e+00
6.992014535437444778e+00
1.576102891949020801e+01
9.079158892178119444e+00
5.997825245992307153e+00
9.843773860858382463e+00
1.518614620473369925e+01
6.173474685922731631e+00
7.827558985567858230e+00
6.975474665553115905e+00
8.964912334852906284e+00
8.395211315254238471e+00
1.284994455910114475e+01
6.693995135479221759e+00
7.965287424329416055e+00
7.960470833901995391e+00
5.543925393579917760e+00
1.305256812611955120e+01
1.038936385340743307e+01
7.352706162806751600e+00
8.307726664948919648e+00
7.057196064410960368e+00
6.971651407279814805e+00
1.520074554727819560e+01
8.640179675010635663e+00
7.204235810827077202e+00
8.536800276713101709e+00
5.244074080569848917e+00
4.132474489567359299e+00
1.170190509834037229e+01
1.235676372929434663e+01
6.695889287006713708e+00
5.003026236096847157e+00
8.279290366192402217e+00
4.098680178524557682e+00
9.589085936957358669e+00
9.339517920144052354e+00
1.125070163691798442e+01
6.176388355582217216e+00
5.218277430306936360e+00
4.755706391267331412e+00
1.327403201104530339e+01
4.865592315828623171e+00
7.696805105852171813e+00
5.140333357743334552e+00
6.205011643117456011e+00
4.946430446433486061e+00
9.369005283141749629e+00
6.770612917827766530e+00
8.661489503452280303e+00
5.487146367240318234e+00
6.717009047690026158e+00
4.400841119952151104e+00
6.972291329973745455e+00
4.617192903901277568e+00
4.228039019608472060e+00
8.705554645100255229e+00
3.848889115142807960e+00
8.663723783024737557e+00
1.172623991441934876e+01
1.202605092135976861e+01
1.089650846326131273e+01
4.376637851614832542e+00
5.037345067442746682e+00
4.566761312941019391e+00
7.382067313734625102e+00
6.657597212733616487e+00
6.701768512250296794e+00
7.934430633387007603e+00
1.317941880469266458e+01
8.481546246202377404e+00
5.630671496956937361e+00
5.822237137154378850e+00
3.951796431908607410e+00
6.265583588688661720e+00
5.686043669603023432e+00
4.870159095067378097e+00
7.212427662323178446e+00
8.507167403571125774e+00
3.443686297820709452e+00
3.962116456868412406e+00
8.646404831837337213e+00
3.419886235665875240e+00
3.649035599392292273e+00
4.720347527228849316e+00
3.672783387044492809e+00
6.665731304653475853e+00
4.601730315909733804e+00
1.576736904833101960e+01
3.783974674035546215e+00
4.517488990560722506e+00
7.469979895309312390e+00
1.094213443583166168e+01
6.894188068866913710e+00
4.676309687853044572e+00
9.074634732629112577e+00
5.353941514788389533e+00
5.232428364324543502e+00
4.460024260570254029e+00
4.245044194162671758e+00
4.221161992255419548e+00
4.698558957904784172e+00
4.238128382271758809e+00
6.528519006678275893e+00
4.586230299623918150e+00
5.775142448048550037e+00
4.071578133018311618e+00
6.183794599911156986e+00
9.785094094906503059e+00
5.188084818041592605e+00
5.607413986719473442e+00
4.296292766654332240e+00
6.325523264681656599e+00
7.041194429812942523e+00
6.273143485832094690e+00
6.070941811248568243e+00
4.981835490286891321e+00
6.929645637016373705e+00
8.310703574559536122e+00
7.493608925663762577e+00
5.436771405439865923e+00
7.423824585293409939e+00
1.035715838724946813e+01
6.533305072599850050e+00
4.654358296326972066e+00
6.540801021396212001e+00
3.598251648425996319e+00
6.664719066850574691e+00
8.769353834473301745e+00
5.706580015469532974e+00
8.439041174458848715e+00
4.769615427078165659e+00
7.904132479206491979e+00
8.489080280365579156e+00
4.290619859783766366e+00
5.970423298732901785e+00
4.683804764875185711e+00
4.891486794959396533e+00
9.578368837709641426e+00
4.551575683029124519e+00
8.878985270956471609e+00
3.461506371097080592e+00
4.637194260705338245e+00
3.814075349594352904e+00
8.131680540890425135e+00
6.319993882240733996e+00
5.721780510698450506e+00
1.072004678203603945e+01
5.170337851050490485e+00
4.977312098269895735e+00
5.509969015860820996e+00
1.005259572949347735e+01
5.169089619373646194e+00
8.594682211532758132e+00
1.812148157518441494e+01
3.153092981804104245e+00
3.573530844790715921e+00
5.348001555106719707e+00
3.885385956283958109e+00
3.613740070355136336e+00
7.575818101453476672e+00
4.144973117366428816e+00
4.821376972264762806e+00
5.486653884039399465e+00
5.764791414195566510e+00
6.599563501619680750e+00
5.150865356190123201e+00
8.518890130866568100e+00
4.853793946718762520e+00
5.140702508894164247e+00
5.993485953543209455e+00
1.120903986497379279e+01
9.679376786753611128e+00
3.338824357283407540e+00
7.665662349069148007e+00
5.508561817540172711e+00
4.814767360841040400e+00
6.305348531065268602e+00
5.446502620903789449e+00
6.194941538833741212e+00
8.894341625552359076e+00
9.179945288114403468e+00
5.343939766271845748e+00
4.225129801618455971e+00
1.029352043624549928e+01
4.860436514481445869e+00
9.536183021438557006e+00
3.920250938046310196e+00
4.795971575077430771e+00
2.940357901588538603e+00
7.074762000200070844e+00
7.532295769983757161e+00
3.569771125723164573e+00
3.133150621558851157e+00
6.717101570370810570e+00
3.605040073654637744e+00
5.487522984352115607e+00
1.026481970872066718e+01
1.037061167151318664e+01
3.377824658819514880e+00
5.011397200496150894e+00
5.145979700667048462e+00
6.720853245383774599e+00
9.659944027684053580e+00
8.019776883728811256e+00
4.338659757280728613e+00
4.965595982833001187e+00
4.753739662836677482e+00
6.652868441755517281e+00
5.371313641976806608e+00
5.970418958553599609e+00
9.339756365272362970e+00
3.955671723008980845e+00
5.030967935904158139e+00
7.413374031771408745e+00
7.860660567669008003e+00
4.190929968762902469e+00
4.839070814230542084e+00
5.389198845262001214e+00
9.193034596743556719e+00
9.222131474060516254e+00
1.431025382920737954e+01
5.301921678801705617e+00
7.121534388805572213e+00
5.617965775749653723e+00
1.153832506769476041e+01
3.547302101699234989e+00
4.539840544614317963e+00
5.516308726018563036e+00
8.501255226225183037e+00
5.757083943424381012e+00
5.466969061709996858e+00
3.877073958784703844e+00
9.035954406581389264e+00
1.640599648522629295e+01
7.123894056034438371e+00
6.117595155514005789e+00
7.879558055751495260e+00
5.567578266277156018e+00
4.577365453098766856e+00
7.440255349898137638e+00
4.991848022271629937e+00
3.849391683363066363e+00
6.679371936223067685e+00
4.902044146168700323e+00
1.495273098619206031e+01
4.651717665438702909e+00
4.929587284143660320e+00
5.228450363190534134e+00
4.707953749036722257e+00
6.443890536307073980e+00
7.690796079292162801e+00
7.063732520254182745e+00
6.074547808732144283e+00
5.937877577571126331e+00
4.317035044697910884e+00
8.882194576312071987e+00
5.089228851734159953e+00
6.780477839045608413e+00
6.211154291131235183e+00
5.492606931521940794e+00
1.302191302049304866e+01
4.192003697147108632e+00
1.136026659619570189e+01
4.694286034085553894e+00
5.464109197552619257e+00
6.104599543169076270e+00
8.570490234704832844e+00
6.018731326925097491e+00
4.312612098579356790e+00
5.785742470071265409e+00
4.418248166230037022e+00
1.078984945899185277e+01
8.509449872813018345e+00
5.557997824554743005e+00
3.534864929551782442e+00
3.587606311898028366e+00
3.137156690558505989e+00
5.515081394006098314e+00
3.782278791042791077e+00
6.560522545534567485e+00
9.804505175982054510e+00
5.429225130594719673e+00
1.074798797015215257e+01
7.476984088337776946e+00
6.670080480934230671e+00
5.887781157425986400e+00
9.688235446023016451e+00
4.599793178036946095e+00
1.140108560226368439e+01
7.779280111511607032e+00
6.480757543513494312e+00
4.244506350815941964e+00
7.811447650369135687e+00
4.657429785452137594e+00
7.577101037835888953e+00
9.118013961127262590e+00
4.020131959756392703e+00
4.076608207876247114e+00
6.183102017119508353e+00
4.789012320645992027e+00
4.402060854168690973e+00
5.163242566880037465e+00
4.705520138442053302e+00
5.158591975437854416e+00
1.555351415802403992e+01
3.512828806224506106e+00
4.149740788311734541e+00
7.278736223188497334e+00
3.534324766309408616e+00
1.234708659552648413e+01
1.085096076051730485e+01
5.229481865770452487e+00
4.365109351633647883e+00
4.056755863103043147e+00
5.201098137150260037e+00
3.557188128994407172e+00
4.765126885706310489e+00
1.046820304140615399e+01
4.618644644476585626e+00
3.871309927105552884e+00
5.640421849049434222e+00
6.497697136632327286e+00
4.386819954286055534e+00
4.937483759754882406e+00
6.514954744528194119e+00
3.691537410057511348e+00
6.248753287925111977e+00
9.010423336734023181e+00
6.445188353406399173e+00
3.645034756095958173e+00
4.119526613892597666e+00
1.325344668559858619e+01
3.522907330414974947e+00
5.170612663014358290e+00
6.296465426270120957e+00
2.896479398831717234e+00
4.281764974084964592e+00
3.167939684606654538e+00
9.406313199923372892e+00
5.938568418192246234e+00
5.879050778971821600e+00
6.883673941783769124e+00
7.089500491020801931e+00
6.390941059314277695e+00
6.515006981810710585e+00
3.850341814009070607e+00
3.360549784244736493e+00
4.513502621863461073e+00
1.088931863171470482e+01
5.959914532304972923e+00
9.603892661228904615e+00
1.158248011887806328e+01
5.144542369064994958e+00
3.746422340997376921e+00
3.168803314900410673e+00
9.637873380116614541e+00
3.185357213779810515e+00
4.949716383596141078e+00
3.047394481091926455e+00
7.491879786395976737e+00
3.690371739427599440e+00
6.216431790304407734e+00
3.543765839880569146e+00
5.210385738799033106e+00
7.797520047711595126e+00
5.774948804840099648e+00
3.560104779338978176e+00
4.780740761470361200e+00
1.000846828860976601e+01
3.251106433569088239e+00
8.361536370557985265e+00
4.595196022070068054e+00
5.592921203173408351e+00
9.135410009232806772e+00
4.869202071302554558e+00
2.898496315276951396e+00
8.814601257587922234e+00
1.198377436213832681e+01
6.156250263226452191e+00
5.113575915394036109e+00
3.658100415245840953e+00
4.991925106371911447e+00
3.984591758837575437e+00
4.541964455173087778e+00
5.760455196698262448e+00
4.110166630071150351e+00
1.005842405102369419e+01
5.111990488569812641e+00
3.604774847943224447e+00
2.953023445111986778e+00
7.409145308544740516e+00
3.580428739664410998e+00
8.778252226840576711e+00
3.628306493574971370e+00
3.388597870852922078e+00
8.288792780618997824e+00
6.369403725331890698e+00
3.113662561312511734e+00
6.650644170529110610e+00
3.625912956144967669e+00
3.949148651858513492e+00
1.196508664863018723e+01
3.064225530017663957e+00
3.311595220449857990e+00
8.177176388162525456e+00
9.197451301468550611e+00
5.637893532832731758e+00
8.390188163940406341e+00
4.448852452670595703e+00
3.916230577511127464e+00
6.832439505016055570e+00
4.721995366406525285e+00
3.455559892543766942e+00
9.489184884278474286e+00
3.228049040794909175e+00
4.457809265804899113e+00
2.662746390212496816e+00
6.401347068899838177e+00
1.071328668818115837e+01
2.066023443610769306e+01
6.975152346883725762e+00
3.983895997171106984e+00
9.086705194238245298e+00
5.238361895619603636e+00
2.998955055725730290e+00
1.247192567235165050e+01
7.847109827804454874e+00
9.421625973271000376e+00
1.026339807438503371e+01
2.348518547164903492e+00
8.384656777157928786e+00
6.189031588164294106e+00
5.730043995526255429e+00
4.735277224882165292e+00
8.086569023943843249e+00
3.236140051649112337e+00
8.953490139383651680e+00
9.320480878714791473e+00
3.957450126374891131e+00
1.181601445727785560e+01
4.558863447553537007e+00
9.080648679471691409e+00
8.179923939767169472e+00
5.649478466958421485e+00
3.136731821860520686e+00
7.424333035474449005e+00
7.364699614810562345e+00
7.195740119843083704e+00
4.177681971739835909e+00
8.535764624363393338e+00
3.548684078060059477e+00
1.270367779264929098e+01
5.381511606784022739e+00
1.648910515491396467e+01
7.368680851621181027e+00
8.254377846901801874e+00
3.740436897075521294e+00
8.812504637481293202e+00
3.587437633810643511e+00
7.816439987101004405e+00
7.682064016001134199e+00
1.075992465129493247e+01
6.126095439683668431e+00
3.007292678648571194e+00
5.439922035358885744e+00
5.537994013281767103e+00
1.129127688543766972e+01
2.140669693392223394e+01
8.270323864404812042e+00
5.104403987667580189e+00
3.477359328675164285e+00
7.553647825080410882e+00
5.041887025551175405e+00
5.278172095666278985e+00
4.477967780829375855e+00
5.825196798012879817e+00
4.595582768766273141e+00
3.523909201781690648e+00
3.908908242906815378e+00
4.412175847617845648e+00
5.280355025636661814e+00
1.106928426615672478e+01
4.578279287023939048e+00
1.442952624238935400e+01
8.210918446539835713e+00
7.285886265865276989e+00
5.606033119067727277e+00
6.351619313349714524e+00
6.111184513299111387e+00
9.330372350973460627e+00
1.197188831884746563e+01
4.388330763317074279e+00
2.601167962327579275e+01
4.286958212337699692e+00
7.323344336295171786e+00
1.043182220758445489e+01
5.644846945521468484e+00
6.041292464231622361e+00
3.704518135122597311e+00
1.335070073160576243e+01
6.247947942942387201e+00
3.812993885569578634e+00
3.565929228509846727e+00
7.084753502859338248e+00
6.879651978796023748e+00
9.340980928326789723e+00
2.418102793354033508e+01
1.123075984364052182e+01
2.245127772506237207e+01
1.025544773449232672e+01
8.043129445964268598e+00
1.289217497092624853e+01
9.430867789351013997e+00
5.170481983230178713e+00
5.671328721138276130e+00
1.180028665678280575e+01
1.050000033519576981e+01
3.875965586732705859e+00
7.698609828120438259e+00
3.554232226139992346e+00
1.289198906436756609e+01
1.011892263995308561e+01
4.668983074189099192e+00
6.051743413976548247e+00
3.510817382765080819e+00
6.257870621390623889e+00
6.806763367641933016e+00
8.592197326368465227e+00
2.091330026288181543e+01
5.172941364102426220e+00
1.256698254379808866e+01
8.824250269200152985e+00
1.604067864648500219e+01
1.293887311115300776e+01
6.772191221411412165e+00
1.544724555238840580e+01
5.400101464711779542e+00
9.047871241759123606e+00
