3.071364567279815661e-01
1.036533157825469953e-01
1.020461096763610881e-01
1.013940229415893624e-01
1.015051410198211657e-01
1.014617037773132280e-01
1.014757328033447231e-01
1.015514721870422327e-01
1.013934049606323301e-01
1.014581651687622016e-01
1.013055512905120803e-01
1.011807422637939491e-01
1.013835148811340348e-01
1.015311675071716296e-01
1.012497920989990224e-01
1.011399891376495302e-01
1.012512588500976557e-01
1.008409450054168766e-01
1.007450721263885435e-01
1.010282058715820247e-01
1.006407742500305125e-01
1.006727898120880066e-01
1.002314419746398871e-01
1.001111190319061289e-01
1.002034747600555470e-01
1.022558503150939879e-01
1.021472394466400174e-01
1.021369781494140677e-01
1.021845140457153384e-01
1.018114073276519815e-01
1.020319433212280302e-01
1.023828337192535382e-01
1.023034472465515071e-01
1.020286908149719285e-01
1.018315873146057177e-01
1.024036095142364516e-01
1.020223610401153613e-01
1.019148247241973837e-01
1.015115373134612975e-01
1.023714296817779534e-01
1.023378093242645198e-01
1.017204222679138209e-01
1.021907343864440904e-01
1.021583282947540333e-01
1.026504333019256643e-01
1.023338155746459921e-01
1.023355491161346414e-01
1.019080431461334285e-01
1.028073117733001723e-01
1.024438374042511007e-01
1.024256458282470639e-01
1.019520118236541817e-01
1.016796853542327878e-01
1.022701282501220638e-01
1.029000558853149366e-01
1.023195130825042681e-01
1.026625454425811740e-01
1.024185922145843530e-01
1.028795235157012877e-01
1.027777838706970259e-01
1.021784164905548131e-01
1.027386736869811967e-01
1.029177887439727823e-01
1.025256342887878452e-01
1.024439649581909140e-01
1.026083562374115049e-01
1.032771778106689464e-01
1.030239109992980989e-01
1.023044612407684323e-01
1.032374429702758722e-01
1.029454305171966511e-01
1.032884352207183859e-01
1.033268523216247514e-01
1.023558039665222186e-01
1.028856482505798309e-01
1.027657947540283195e-01
1.027886424064636262e-01
1.029849011898040789e-01
1.030780577659606984e-01
1.033648116588592597e-01
1.029987185001373234e-01
1.027493405342101984e-01
1.031609420776367220e-01
1.033807005882263208e-01
1.031509442329406750e-01
1.027679166793823290e-01
1.026522119045257531e-01
1.028860404491424574e-01
1.027273390293121369e-01
1.030556914806365909e-01
1.032219355106353820e-01
1.028818953037261980e-01
1.026660394668579140e-01
1.025538110733032193e-01
1.026180534362792912e-01
1.030241565704345663e-01
1.031089754104614203e-01
1.028433394432067827e-01
1.028442385196685765e-01
1.028325266838073793e-01
1.033243081569671651e-01
1.036392641067504922e-01
1.029371623992919871e-01
1.029329023361206102e-01
1.026910722255706815e-01
1.022763535976409927e-01
1.032722187042236367e-01
1.030200610160827701e-01
1.025998098850250256e-01
1.030728487968444879e-01
1.026881351470947251e-01
1.028749990463256880e-01
1.024808690547943102e-01
1.028796317577362063e-01
1.016084494590759335e-01
1.024680597782135077e-01
1.026898941993713427e-01
1.016407008171081594e-01
1.016985635757446244e-01
1.021724154949188168e-01
1.032503621578216568e-01
1.031077680587768608e-01
1.028679525852203430e-01
1.027122879028320307e-01
1.030963051319122303e-01
1.030116071701049768e-01
1.031330115795135449e-01
1.027291443347930905e-01
1.027672400474548275e-01
1.024252018928527852e-01
1.029692146778106721e-01
1.030938825607299741e-01
1.022062509059906005e-01
1.027941048145294134e-01
1.025800421237945542e-01
1.024208381175994859e-01
1.014187216758728055e-01
1.018489089012146048e-01
1.027578229904174828e-01
1.028205916881561321e-01
1.029458823204040530e-01
1.021507706642150876e-01
1.023025500774383534e-01
1.026592633724212611e-01
1.030938315391540516e-01
1.028718132972717275e-01
1.026759843826293983e-01
1.024798834323882996e-01
1.026715099811554011e-01
1.030205090045928917e-01
1.032002942562103287e-01
1.019607267379760707e-01
1.031707668304443354e-01
1.028920092582702589e-01
1.028973441123962468e-01
1.030920872688293466e-01
1.022309801578521748e-01
1.031697261333465593e-01
1.024340670108795232e-01
1.027727971076965313e-01
1.032312681674957267e-01
1.029797542095184371e-01
1.026791918277740467e-01
1.031550321578979523e-01
1.028623561859130925e-01
1.021237814426422114e-01
1.031152899265289358e-01
1.029848425388336236e-01
1.030966973304748568e-01
1.035142161846160924e-01
1.031284103393554641e-01
1.027501947879791294e-01
1.030624248981475838e-01
1.012488956451415983e-01
1.021137447357177708e-01
1.025172812938690142e-01
1.024049248695373532e-01
1.011146976947784465e-01
1.023716666698455818e-01
1.031233344078063968e-01
1.025172488689422567e-01
1.027339181900024379e-01
1.022514905929565454e-01
1.027012820243835417e-01
1.023919150829315228e-01
1.021697833538055405e-01
1.026971724033355765e-01
1.026762938499450745e-01
1.024020297527313272e-01
1.028978219032287561e-01
1.031150574684143034e-01
1.028979592323303188e-01
1.024531385898590080e-01
1.025251159667968787e-01
1.026320061683654722e-01
1.015370321273803694e-01
1.018921220302581726e-01
1.025341112613677996e-01
1.018702294826507593e-01
1.016412971019744899e-01
1.015197014808654763e-01
1.005228846073150661e-01
1.009717624187469465e-01
1.010906269550323477e-01
1.008109138011932387e-01
1.007137346267700240e-01
1.005521934032440196e-01
1.007943174839019823e-01
1.008650522232055619e-01
1.008349573612213196e-01
1.006080646514892624e-01
1.006829750537872326e-01
1.002983415126800504e-01
1.003871278762817343e-01
1.008002314567565949e-01
1.002015540599822951e-01
1.003319039344787583e-01
1.004711260795593253e-01
1.009093270301818779e-01
1.009697468280792293e-01
1.004849877357482935e-01
1.005182318687438958e-01
1.007974307537078812e-01
1.009499454498291038e-01
1.008086094856262271e-01
1.007063655853271539e-01
1.015466268062591576e-01
1.015577411651611278e-01
1.014832808971405098e-01
1.017277474403381343e-01
1.014897842407226497e-01
1.016391446590423631e-01
1.016414864063262952e-01
1.013530838489532515e-01
1.014108397960662850e-01
1.013073797225952088e-01
1.014825901985168394e-01
1.013149707317352322e-01
1.009080278873443620e-01
1.016220834255218558e-01
1.011753497123718259e-01
1.013788237571716377e-01
1.012947220802307147e-01
1.020950193405151391e-01
1.021695888042449957e-01
1.013528487682342494e-01
1.015751495361328083e-01
1.016240251064300520e-01
1.015598807334899961e-01
1.015640361309051581e-01
1.017054619789123510e-01
1.010890436172485335e-01
1.018847332000732409e-01
1.014719464778900127e-01
1.036827037334442092e-01
1.029191567897796700e-01
1.030075142383575504e-01
1.013935286998748769e-01
1.021228799819946242e-01
1.020433616638183605e-01
1.031422233581543030e-01
1.034802663326263444e-01
1.034827318191528372e-01
1.031620538234710727e-01
1.036384260654449468e-01
1.040543951988220223e-01
1.038757169246673634e-01
1.030037517547607445e-01
1.035804657936096190e-01
1.034263973236083933e-01
1.034587073326110884e-01
1.035548870563507140e-01
1.036394288539886493e-01
1.037558500766754127e-01
1.035967466831207301e-01
1.034630215167999245e-01
1.036458523273467991e-01
1.038715412616729727e-01
1.037360541820526172e-01
1.037183256149292049e-01
1.034348721504211449e-01
1.036582021713256807e-01
1.040442640781402556e-01
1.037650127410888606e-01
1.040878422260284458e-01
1.042186295986175515e-01
1.038713572025299070e-01
1.040839066505432065e-01
1.039390897750854525e-01
1.042567446231842110e-01
1.039956350326538131e-01
1.041444215774536136e-01
1.039980342388153040e-01
1.041805047988891564e-01
1.043227419853210436e-01
1.035710308551788389e-01
1.039250607490539574e-01
1.039460806846618651e-01
1.042363691329956099e-01
1.042338528633117711e-01
1.041655411720275870e-01
1.038840560913085881e-01
1.039022216796875037e-01
1.040666720867157030e-01
1.041151435375213680e-01
1.040136117935180626e-01
1.036633067131042529e-01
1.033323061466216997e-01
1.040251998901367131e-01
1.043145542144775367e-01
1.036942675113678020e-01
1.023266487121581997e-01
1.040694651603698700e-01
1.041044192314147937e-01
1.041343986988067655e-01
1.028922417163848912e-01
1.042154631614684995e-01
1.040003774166107231e-01
1.044765982627868656e-01
1.042022030353546153e-01
1.042512345314025868e-01
1.043225805759429997e-01
1.039670469760894805e-01
1.041315884590148927e-01
1.040979549884796101e-01
1.044734938144683822e-01
1.045690429210662797e-01
1.042910661697387664e-01
1.035521297454834039e-01
1.037099637985229444e-01
1.039201107025146537e-01
1.030805525779724119e-01
1.036533751487731941e-01
1.042657434940338079e-01
1.045609862804412898e-01
1.042436122894287165e-01
1.039614181518554725e-01
1.021180484294891416e-01
1.024099392890930188e-01
1.039057092666625937e-01
1.042137205600738581e-01
1.041846578121185252e-01
1.043133707046508818e-01
1.046909551620483353e-01
1.046396853923797637e-01
1.041173100471496638e-01
1.036152279376983676e-01
1.043227963447570794e-01
1.025457620620727484e-01
1.026418533325195309e-01
1.039146699905395543e-01
1.043275518417358383e-01
1.041520559787750266e-01
1.040971288681030310e-01
1.040056333541870132e-01
1.041462264060974141e-01
1.043134288787841840e-01
1.039272050857543983e-01
1.035323495864868132e-01
1.033491578102111869e-01
1.033688752651214654e-01
1.029767796993255602e-01
1.036371364593505900e-01
1.028012948036193808e-01
1.019451708793640138e-01
1.025046215057373034e-01
1.020611271858215263e-01
1.021537320613861016e-01
1.020433535575866746e-01
1.049060347080230660e-01
1.043375902175903286e-01
1.045120325088500918e-01
1.071588275432586723e-01
1.030900349617004386e-01
1.045684936046600289e-01
1.048465685844421347e-01
1.046813352108001693e-01
1.078597021102905285e-01
1.048181271553039612e-01
1.068955216407775910e-01
1.071479222774505552e-01
1.054844634532928482e-01
1.080429925918579143e-01
1.044874069690704399e-01
1.056728065013885498e-01
1.044662635326385480e-01
1.052383236885070794e-01
1.044482569694519108e-01
1.039877445697784397e-01
1.047530226707458489e-01
1.046479468345642150e-01
1.046075885295867924e-01
1.044609274864196774e-01
1.044319300651550264e-01
1.045963871479034385e-01
1.045638456344604450e-01
1.044565947055816624e-01
1.044214177131652793e-01
1.047930219173431460e-01
1.047229688167572031e-01
1.049849717617034883e-01
1.049170141220092806e-01
1.046563582420349109e-01
1.046105902194976872e-01
1.048348059654235775e-01
1.050884025096893298e-01
1.048792843818664583e-01
1.048660278320312500e-01
1.067171874046325686e-01
1.055308816432952851e-01
1.061414825916290328e-01
1.047695982456207237e-01
1.050087029933929467e-01
1.048781588077545152e-01
1.047385301589965761e-01
1.049057495594024614e-01
1.048123652935028099e-01
1.023858330249786397e-01
1.048678708076477006e-01
1.048257272243499766e-01
1.046909608840942418e-01
1.040366089344024608e-01
1.041800031661987286e-01
1.042130649089813288e-01
1.049580857753753677e-01
1.047778396606445367e-01
1.052868516445159969e-01
1.047575452327728224e-01
1.049970746040344294e-01
1.046500835418701231e-01
1.047802498340606736e-01
1.048546338081359913e-01
1.048310878276824953e-01
1.044796593189239453e-01
1.049086997509002667e-01
1.048737769126892039e-01
1.054758920669555677e-01
1.047822682857513371e-01
1.046507525444030778e-01
1.054294328689575205e-01
1.048401842117309551e-01
1.049533431529998811e-01
1.047621622085571358e-01
1.047692060470581110e-01
1.048341052532196088e-01
1.052544996738433852e-01
1.054813795089721701e-01
1.054468767642974814e-01
1.054771647453308092e-01
1.052220478057861314e-01
1.051499764919281016e-01
1.051648781299591023e-01
1.048361980915069602e-01
1.046982080936431914e-01
1.042271912097930964e-01
1.051894531249999987e-01
1.051576595306396439e-01
1.048624203205108657e-01
1.048352985382080133e-01
1.050635421276092524e-01
1.052807831764221158e-01
1.056591894626617428e-01
1.049635527133941648e-01
1.049773776531219421e-01
1.051083738803863521e-01
1.051668329238891614e-01
1.052100579738616953e-01
1.053208360671997051e-01
1.046137695312499977e-01
1.044630200862884523e-01
1.051677448749542276e-01
1.053504567146301280e-01
1.059933729171752964e-01
1.054585318565368635e-01
1.047027227878570554e-01
1.052568717002868720e-01
1.047474310398101849e-01
1.046218972206115760e-01
1.047146637439727718e-01
1.051040709018707248e-01
1.048284816741943404e-01
1.047574605941772458e-01
1.047292659282684363e-01
1.050353591442108186e-01
1.024647676944732688e-01
1.040354490280151339e-01
1.050845668315887466e-01
1.048899269104003884e-01
1.049963147640228245e-01
1.049347169399261481e-01
1.046691510677337650e-01
1.054214439392089780e-01
1.051241354942321765e-01
1.051660990715026917e-01
1.045466041564941384e-01
1.048317296504974322e-01
1.050814507007598875e-01
1.050934026241302499e-01
1.050553998947143519e-01
1.054746315479278551e-01
1.050576925277710016e-01
1.053998670578002866e-01
1.055584654808044420e-01
1.051701791286468457e-01
1.052258512973785337e-01
1.050250554084777854e-01
1.044370572566986066e-01
1.050139546394348172e-01
1.049552810192108110e-01
1.050887639522552486e-01
1.050551023483276419e-01
1.049184019565582299e-01
1.045750253200530971e-01
1.054881398677825904e-01
1.053429865837097190e-01
1.046886644363403257e-01
1.045950090885162387e-01
1.056932334899902404e-01
1.056186218261718768e-01
1.053049521446228071e-01
1.054827535152435269e-01
1.054779622554779112e-01
1.055969414710998533e-01
1.055213217735290476e-01
1.053498063087463382e-01
1.052344801425933868e-01
1.059408962726593045e-01
1.055171260833740188e-01
1.056142237186431937e-01
1.053696022033691337e-01
1.053381195068359422e-01
1.058398468494415323e-01
1.055782117843627882e-01
1.053114421367645215e-01
1.054711389541626021e-01
1.058195571899414045e-01
1.054391117095947322e-01
1.054474709033966090e-01
1.057392082214355516e-01
1.061163077354431161e-01
1.055610880851745592e-01
1.054308850765228317e-01
1.053486878871917748e-01
1.060006361007690412e-01
1.062475264072418185e-01
1.056384708881378115e-01
1.051994550228118885e-01
1.056645629405975340e-01
1.054677519798278840e-01
1.052421803474426210e-01
1.053613562583923385e-01
1.054389312267303425e-01
1.054614841938018854e-01
1.063036708831787136e-01
1.062608606815338141e-01
1.056992890834808352e-01
1.056590154170990031e-01
1.056929478645324688e-01
1.060044341087341274e-01
1.059749550819397007e-01
1.057218101024627738e-01
1.050436673164367729e-01
1.058591792583465641e-01
1.061844224929809621e-01
1.055507230758667009e-01
1.055379428863525426e-01
1.062717163562774680e-01
1.059316234588622979e-01
1.056662662029266425e-01
1.058505132198333809e-01
1.059926257133483873e-01
1.056989111900329542e-01
1.054773340225219763e-01
1.060603678226470920e-01
1.063323140144348117e-01
1.060858645439147901e-01
1.059937584400176963e-01
1.062270405292510961e-01
1.055661633014678968e-01
1.058288791179656935e-01
1.058759078979492202e-01
1.059956765174865784e-01
1.057955837249755920e-01
1.060040066242217971e-01
1.065229232311248747e-01
1.062133603096008239e-01
1.056280381679534919e-01
1.039731383323669461e-01
1.059513754844665506e-01
1.064047806262969909e-01
1.060290882587432842e-01
1.057139430046081519e-01
1.057139003276824918e-01
1.059688906669616765e-01
1.061652572154998808e-01
1.055783827304840050e-01
1.062525017261505139e-01
1.056389012336731020e-01
1.055572826862335167e-01
1.055558161735534600e-01
1.054834146499633724e-01
1.057403573989868228e-01
1.057516822814941471e-01
1.062172558307647730e-01
1.060314080715179380e-01
1.055238335132598904e-01
1.062741327285766646e-01
1.059099009037017813e-01
1.056532857418060328e-01
1.056682462692260793e-01
1.056244966983795192e-01
1.063808436393737789e-01
1.061771745681762691e-01
1.051916775703430201e-01
1.057226819992065497e-01
1.059887468814849909e-01
1.057123992443084748e-01
1.060394964218139696e-01
1.057610294818878138e-01
1.057987506389617971e-01
1.060427608489990237e-01
1.054434440135955803e-01
1.059140660762786929e-01
1.056843717098236018e-01
1.060838351249694805e-01
1.061765255928039525e-01
1.061911759376525932e-01
1.069817557334899888e-01
1.061348154544830280e-01
1.068357863426208504e-01
1.058163216114044181e-01
1.061212399005889845e-01
1.063718686103820865e-01
1.061940944194793707e-01
1.062281942367553772e-01
1.062624075412750280e-01
1.062030494213104248e-01
1.060358057022094680e-01
1.054438030719757058e-01
1.056588575839996352e-01
1.061395268440246537e-01
1.059561846256256157e-01
1.061781392097473076e-01
1.060402812957763619e-01
1.065410959720611561e-01
1.066935665607452455e-01
1.062119801044464074e-01
1.059136197566986071e-01
1.058237516880035367e-01
1.060816867351531967e-01
1.058962566852569565e-01
1.046356620788574249e-01
1.061083748340606731e-01
1.062635004520416232e-01
1.064206137657165568e-01
1.066980304718017636e-01
1.067163023948669437e-01
1.064584996700286834e-01
1.043106210231781045e-01
1.057867102622985778e-01
1.069378070831298877e-01
1.069100337028503350e-01
1.058981111049652063e-01
1.061210827827453601e-01
1.062391479015350332e-01
1.065161676406860408e-01
1.063335924148559597e-01
1.058522706031799349e-01
1.076211931705474828e-01
1.089841885566711494e-01
1.071132504940032898e-01
1.100743532180786105e-01
1.072716112136840871e-01
1.078969955444335910e-01
1.093290843963623110e-01
1.060104629993438713e-01
1.096106579303741391e-01
1.071126439571380567e-01
1.075630288124084510e-01
1.091072626113891580e-01
1.051764838695526116e-01
1.045715224742889415e-01
1.041918101310729955e-01
1.040354661941528258e-01
1.065713965892791798e-01
1.059846653938293498e-01
1.061426692008972106e-01
1.064411959648132316e-01
1.059863340854644842e-01
1.059067244529724172e-01
