2.036370956897735618e-01
2.362735438346862810e-02
2.322396445274352988e-02
2.268225145339965859e-02
2.249729824066162148e-02
2.248260021209716811e-02
2.279358410835266233e-02
2.270250511169433563e-02
2.280242753028869501e-02
2.293424177169799821e-02
2.289020514488220373e-02
2.293306422233581596e-02
2.285897421836852877e-02
2.288954377174377483e-02
2.299315619468688884e-02
2.307915139198303198e-02
2.281813549995422366e-02
2.281786489486694464e-02
2.262941455841064459e-02
2.327116060256958011e-02
2.292764997482299796e-02
2.280022430419921878e-02
2.322012162208557037e-02
2.336335659027099707e-02
2.305150699615478652e-02
2.317223048210144062e-02
2.366462373733520599e-02
2.282384204864501900e-02
2.311353468894958643e-02
2.344200325012207181e-02
2.298208427429199174e-02
2.324113607406616197e-02
2.329046702384948708e-02
2.316864728927612443e-02
2.328066635131835829e-02
2.341519355773925837e-02
2.291024971008300687e-02
2.353719639778137362e-02
2.366633844375610335e-02
2.354724764823913630e-02
2.350221157073974568e-02
2.331056761741638270e-02
2.322366118431091336e-02
2.358567380905151473e-02
2.328979325294494584e-02
2.377238678932189903e-02
2.348300242424011114e-02
2.372906470298766918e-02
2.331094527244568018e-02
2.256620621681213260e-02
2.336301326751709026e-02
2.367864871025085471e-02
2.315103816986083946e-02
2.333679914474487416e-02
2.348641276359558078e-02
2.323386621475219752e-02
2.254975628852844138e-02
2.382019686698913508e-02
2.372999739646911715e-02
2.385290765762329221e-02
2.400194239616394026e-02
2.323165869712829484e-02
2.376670289039611861e-02
2.380929923057556116e-02
2.371697139739990107e-02
2.390811872482299927e-02
2.375534105300903392e-02
2.375462651252746582e-02
2.391793704032897996e-02
2.348716449737548936e-02
2.362666034698486170e-02
2.372248482704162470e-02
2.411559915542602420e-02
2.409817838668823139e-02
2.446178245544433638e-02
2.379369139671325822e-02
2.385473203659057781e-02
2.404442620277404824e-02
2.401510262489318925e-02
2.388422369956970381e-02
2.417338228225707902e-02
2.417208981513976895e-02
2.427748918533325154e-02
2.359363102912902938e-02
2.392071294784545860e-02
2.374755930900573561e-02
2.413146543502807731e-02
2.387182474136352595e-02
2.419420599937438868e-02
2.374279284477233756e-02
2.410236644744873091e-02
2.368855261802673209e-02
2.397471284866332930e-02
2.389224314689636364e-02
2.381591224670410317e-02
2.371252369880676170e-02
2.351543807983398279e-02
2.375976610183715837e-02
2.399328446388244648e-02
2.408174276351928572e-02
2.381602501869201777e-02
2.377209925651550121e-02
2.348265027999877838e-02
2.386743831634521515e-02
2.395490717887878429e-02
2.426240324974060156e-02
2.419310617446899375e-02
2.380481791496276769e-02
2.385801887512207023e-02
2.411794352531432956e-02
2.431902766227722265e-02
2.428411006927490290e-02
2.422354221343994002e-02
2.431555461883544780e-02
2.394343900680542120e-02
2.422494506835937492e-02
2.422059226036071822e-02
2.410535907745361278e-02
2.426837372779846319e-02
2.433012461662292444e-02
2.385618114471435569e-02
2.409305143356323120e-02
2.395428848266601546e-02
2.410769391059875560e-02
2.397113204002380288e-02
2.459813761711120497e-02
2.416557264328002969e-02
2.397640371322631858e-02
2.424958229064941295e-02
2.416617298126220656e-02
2.443421864509582458e-02
2.452237105369567752e-02
2.433264923095703261e-02
2.423633623123169073e-02
2.398508214950561407e-02
2.445698046684265103e-02
2.411195135116577307e-02
2.378521108627319400e-02
2.385252428054809512e-02
2.423152661323547258e-02
2.383255791664123588e-02
2.428810787200927704e-02
2.430716657638549646e-02
2.397182750701904244e-02
2.446477150917053187e-02
2.435834980010986167e-02
2.442833113670348985e-02
2.415093469619750827e-02
2.386308741569519165e-02
2.443163037300109808e-02
2.466086077690124445e-02
2.389471888542175210e-02
2.446589970588684132e-02
2.451456761360168435e-02
2.462054443359374886e-02
2.427768993377685605e-02
2.391254591941833346e-02
2.436259126663208041e-02
2.427824926376342604e-02
2.419967031478881953e-02
2.392350840568542580e-02
2.443118190765380948e-02
2.426536178588867276e-02
2.443508267402648773e-02
2.398713517189025868e-02
2.425725841522216944e-02
2.378395462036132779e-02
2.474598717689514144e-02
2.431897258758545025e-02
2.410506081581115581e-02
2.468294239044189348e-02
2.450344944000244080e-02
2.448771476745605427e-02
2.459580230712890558e-02
2.444971084594726660e-02
2.446856665611267176e-02
2.405273318290710588e-02
2.443959212303161571e-02
2.444031524658202975e-02
2.428612923622131339e-02
2.434021353721618763e-02
2.371322131156921448e-02
2.433476018905639596e-02
2.476367211341858054e-02
2.472626996040344291e-02
2.372267317771911688e-02
2.450288915634155421e-02
2.482343840599060200e-02
2.454287505149841189e-02
2.430492067337036016e-02
2.462502551078796231e-02
2.457519292831420940e-02
2.465004777908325062e-02
2.431085252761840815e-02
2.476620507240295463e-02
2.465876817703246959e-02
2.455876803398132288e-02
2.450764679908752283e-02
2.449844670295715440e-02
2.447188067436218209e-02
2.453925037384033225e-02
2.420973920822143410e-02
2.419052934646606298e-02
2.433573913574218692e-02
2.429304671287536507e-02
2.423847723007202179e-02
2.426433634757995533e-02
2.442556595802307037e-02
2.457543992996215690e-02
2.445166015624999911e-02
2.438235545158386197e-02
2.456021404266357441e-02
2.440889835357665932e-02
2.451094841957092429e-02
2.447210788726806793e-02
2.468923497200012362e-02
2.474982523918151794e-02
2.438367295265197673e-02
2.452350974082946611e-02
2.463535976409911982e-02
2.456803059577941997e-02
2.483634495735168382e-02
2.457067728042602525e-02
2.452711796760559046e-02
2.434307289123535320e-02
2.479668235778808433e-02
2.487104868888855014e-02
2.457435870170593395e-02
2.463683056831359949e-02
2.441996335983276367e-02
2.448029899597168116e-02
2.489928460121154652e-02
2.443414711952209342e-02
2.456590580940246418e-02
2.419803071022033625e-02
2.454833912849426272e-02
2.462258172035217130e-02
2.420558857917785509e-02
2.490411567687988298e-02
2.468295073509216286e-02
2.439391493797302135e-02
2.444129228591919098e-02
2.415064764022827049e-02
2.461828231811523382e-02
2.465109729766845614e-02
2.448444461822509716e-02
2.480038475990295477e-02
2.448221039772033661e-02
2.498683214187621959e-02
2.492859840393066295e-02
2.478268027305603055e-02
2.500908184051513564e-02
2.447063922882080148e-02
2.446181011199951086e-02
2.484161686897277954e-02
2.439341473579406672e-02
2.481938958168029841e-02
2.465465950965881406e-02
2.467979526519775355e-02
2.462162995338439825e-02
2.473265314102172929e-02
2.472698545455932762e-02
2.457285237312317044e-02
2.483258318901062148e-02
2.478716039657592740e-02
2.489084315299987943e-02
2.430099940299987674e-02
2.479705357551574563e-02
2.507436537742614713e-02
2.419713568687438879e-02
2.493485689163207897e-02
2.483704733848571614e-02
2.511342000961303694e-02
2.479283499717712530e-02
2.471947240829467859e-02
2.461954832077026256e-02
2.483952236175537148e-02
2.484790539741515980e-02
2.483351612091064600e-02
2.451859402656555303e-02
2.492690467834472734e-02
2.470709061622619607e-02
2.487506532669067280e-02
2.507245302200317508e-02
2.478389620780944991e-02
2.435979366302490345e-02
2.452901053428649739e-02
2.462744903564453164e-02
2.468723583221435480e-02
2.427022743225097645e-02
2.322539734840392903e-02
2.394727516174316451e-02
2.300390481948852428e-02
2.482799410820007296e-02
2.459706854820251434e-02
2.475807714462280318e-02
2.480131030082702651e-02
2.475084853172302216e-02
2.487942957878112871e-02
2.453857326507568465e-02
2.433393383026122986e-02
2.487581396102905157e-02
2.294096136093139518e-02
2.438074946403503279e-02
2.469461369514465432e-02
2.482220721244812051e-02
2.477731466293334878e-02
2.411660075187683008e-02
2.455015754699706870e-02
2.438360905647277838e-02
2.516332364082336445e-02
2.455276155471801738e-02
2.492215442657470803e-02
2.471183681488037243e-02
2.454085659980773798e-02
2.483300805091857855e-02
2.501710009574890231e-02
2.473843789100646853e-02
2.471505045890808050e-02
2.477912902832031181e-02
2.470979881286620994e-02
2.448494362831115864e-02
2.380381083488464222e-02
2.473218798637390192e-02
2.479713439941406278e-02
2.462873220443725572e-02
2.479487562179565410e-02
2.426209425926208543e-02
2.491915965080261294e-02
2.487798142433166396e-02
2.488021397590637132e-02
2.506554317474365273e-02
2.477274250984191906e-02
2.424553847312927238e-02
2.461419057846069361e-02
2.419081473350524758e-02
2.452922296524047766e-02
2.501832938194275061e-02
2.470888876914978036e-02
2.483509898185730022e-02
2.490624094009399533e-02
2.496925973892211853e-02
2.506187701225280617e-02
2.497357320785522500e-02
2.507759356498718423e-02
2.490728139877319489e-02
2.524716424942016757e-02
2.478184461593627846e-02
2.500900554656982494e-02
2.497834134101867623e-02
2.458172011375427124e-02
2.493849563598632760e-02
2.497390842437744243e-02
2.525980281829834015e-02
2.543120789527893166e-02
2.478947067260742210e-02
2.506479763984680031e-02
2.513712453842163047e-02
2.506243157386779663e-02
2.493797111511230485e-02
2.483657336235046281e-02
2.513507056236266926e-02
2.509977388381957886e-02
2.475097489356994571e-02
2.503213596343994291e-02
2.513167047500610221e-02
2.498512077331542861e-02
2.515098953247070154e-02
2.503208208084106365e-02
2.483463335037231282e-02
2.521378707885742199e-02
2.496198201179504472e-02
2.531840443611145172e-02
2.515674304962158339e-02
2.543165421485901051e-02
2.512480401992797999e-02
2.508919429779052704e-02
2.519518423080444394e-02
2.516058969497680584e-02
2.493479466438293379e-02
2.522742867469787709e-02
2.482545495033264271e-02
2.538197875022888197e-02
2.482444334030151425e-02
2.422186946868896615e-02
2.320073437690734972e-02
2.509752988815307576e-02
2.529521036148071195e-02
2.461638021469116089e-02
2.495475983619689989e-02
2.503209948539733901e-02
2.471248650550842210e-02
2.507838559150695965e-02
2.492351698875427263e-02
2.527286505699157665e-02
2.488427186012268089e-02
2.508248782157897899e-02
2.526020407676696916e-02
2.496805167198181200e-02
2.501075577735900959e-02
2.414492726325988617e-02
2.355860400199890139e-02
2.504109430313110340e-02
2.414855337142944244e-02
2.510786938667297283e-02
2.480651688575744723e-02
2.522691869735717643e-02
2.536838579177856309e-02
2.559045171737671029e-02
2.547685647010803148e-02
2.518345642089843753e-02
2.436886143684387218e-02
2.520217299461364677e-02
2.545496559143066440e-02
2.522276711463928081e-02
2.518006634712219305e-02
2.499097633361816242e-02
2.537797784805297802e-02
2.525359368324279694e-02
2.536825299263000336e-02
2.489574861526489338e-02
2.483768606185913011e-02
2.502449059486389071e-02
2.520177555084228416e-02
2.506916785240173237e-02
2.508879303932189803e-02
2.505125212669372450e-02
2.517481398582458590e-02
2.532944822311401431e-02
2.475666809082031211e-02
2.536392498016357480e-02
2.527612066268920821e-02
2.529543995857238756e-02
2.513979148864746091e-02
2.524850249290466406e-02
2.548568701744079526e-02
2.555745172500610216e-02
2.518740200996398906e-02
2.532565045356750463e-02
2.524048328399658078e-02
2.499099183082580458e-02
2.515865349769592224e-02
2.543719387054443198e-02
2.512345027923584134e-02
2.517830586433410581e-02
2.518952465057373163e-02
2.517370152473449862e-02
2.541401839256286765e-02
2.557876324653625411e-02
2.529340171813964852e-02
2.498293089866638131e-02
2.538017678260803128e-02
2.519023132324218692e-02
2.529720473289489777e-02
2.522225642204284704e-02
2.552144026756286710e-02
2.475755882263183660e-02
2.466394662857055581e-02
2.559547424316406181e-02
2.523696398735046295e-02
2.525150966644287148e-02
2.514132452011108229e-02
2.512735891342163241e-02
2.522596716880798340e-02
2.367296576499939090e-02
2.506326770782470875e-02
2.544839024543762290e-02
2.531610608100891280e-02
2.528220224380493125e-02
2.588118362426757718e-02
2.569764304161071752e-02
2.504479575157165377e-02
2.531866955757141116e-02
2.554709744453430298e-02
2.523768448829650721e-02
2.539618134498596025e-02
2.567628359794616594e-02
2.559763121604919506e-02
2.480002832412719557e-02
2.509657382965087974e-02
2.565987014770507862e-02
2.527482390403747517e-02
2.466685318946838443e-02
2.545289254188537464e-02
2.519465088844299178e-02
2.431648659706115573e-02
2.513356208801269601e-02
2.552956914901733515e-02
2.576529288291931272e-02
2.540614295005798329e-02
2.554388833045959442e-02
2.558585047721862946e-02
2.575688004493713323e-02
2.527544283866882402e-02
2.562355637550354018e-02
2.514816641807555986e-02
2.549800157546996959e-02
2.485859441757201985e-02
2.481139683723449646e-02
2.523844671249389493e-02
2.534670424461364646e-02
2.539667367935180553e-02
2.531183385848998976e-02
2.573793292045593178e-02
2.550508809089660489e-02
2.559318089485168590e-02
2.499827933311462441e-02
2.484591531753540042e-02
2.458709144592285262e-02
2.541426301002502539e-02
2.494037175178527924e-02
2.548409771919250486e-02
2.549795198440551677e-02
2.547961997985839777e-02
2.602318000793456959e-02
2.569097971916198611e-02
2.526934766769409202e-02
2.515838432312011638e-02
2.522509741783142065e-02
2.523079061508178705e-02
2.539861416816711556e-02
2.525328803062439065e-02
2.528302431106567438e-02
2.580455279350280656e-02
2.558455729484557933e-02
2.491200566291808943e-02
2.479125618934631403e-02
2.566041803359985288e-02
2.504068756103515481e-02
2.593212842941284083e-02
2.552375602722168138e-02
2.538153147697448653e-02
2.552821207046508667e-02
2.575819540023803825e-02
2.543739795684814287e-02
2.529206442832946863e-02
2.537200880050659302e-02
2.522012925148010148e-02
2.517495894432067796e-02
2.543895626068115243e-02
2.564478397369384863e-02
2.581156086921691795e-02
2.531851005554199355e-02
2.543630933761596713e-02
2.542682075500488428e-02
2.537737417221069477e-02
2.576382398605346624e-02
2.555838489532470670e-02
2.537640643119811953e-02
2.548770928382873557e-02
2.569866204261779877e-02
2.545156407356262071e-02
2.581040954589843700e-02
2.540397453308105430e-02
2.550682687759399381e-02
2.594184112548827970e-02
2.543489241600036671e-02
2.555802273750305137e-02
2.563552641868591456e-02
2.552871942520141754e-02
2.551385498046875033e-02
2.559042787551879874e-02
2.530828905105590720e-02
2.536332654953002766e-02
2.556605529785156358e-02
2.537161731719970656e-02
2.526150131225585876e-02
2.533923125267028773e-02
2.548861789703369199e-02
2.543761205673217632e-02
2.559473228454589924e-02
2.554414367675781131e-02
2.522560191154479825e-02
2.548791575431823622e-02
2.499894332885742310e-02
2.548611855506896853e-02
2.571735692024230968e-02
2.541778016090393000e-02
2.536765193939208990e-02
2.541854643821716414e-02
2.408102226257324147e-02
2.547540855407714674e-02
2.603102874755859261e-02
2.558668088912963851e-02
2.538705182075500638e-02
2.548980593681335338e-02
2.517526888847351069e-02
2.516592550277709991e-02
2.547970390319824127e-02
2.561214447021484264e-02
2.559851741790771656e-02
2.535939264297485188e-02
2.573620033264160251e-02
2.565136718749999947e-02
2.569676852226257177e-02
2.545672464370727500e-02
2.560999250411987241e-02
2.541364097595214672e-02
2.521546268463134913e-02
2.528686833381652704e-02
2.552351212501526023e-02
2.566250610351562475e-02
2.557656550407409746e-02
2.537673854827880715e-02
2.566416120529174671e-02
2.567771124839782551e-02
2.561627650260925315e-02
2.551676154136657548e-02
2.549931788444519121e-02
2.517666888236999578e-02
2.558965182304382205e-02
2.561218929290771593e-02
2.523243379592895672e-02
2.554732823371887174e-02
2.545752739906310957e-02
2.549872183799743730e-02
2.564144587516784674e-02
2.574430871009826538e-02
2.573645162582397297e-02
2.575995850563049180e-02
2.554639482498169065e-02
2.575224399566650516e-02
2.438179445266723533e-02
2.596796441078185955e-02
2.587012648582458565e-02
2.582730054855346749e-02
2.596243238449096741e-02
2.575184631347656253e-02
2.569656395912170432e-02
2.566299533843994021e-02
2.595675277709960996e-02
2.581662464141845637e-02
2.595848679542541587e-02
2.587736916542053220e-02
2.518128967285156172e-02
2.572232341766357566e-02
2.565222072601318348e-02
2.561975431442260753e-02
2.582444763183593811e-02
2.550346517562866039e-02
2.497170042991638320e-02
2.527373957633972240e-02
2.429128885269165108e-02
2.473094987869262767e-02
2.579321670532226662e-02
2.586646437644958552e-02
2.550396013259887545e-02
2.597679758071899311e-02
2.569862246513366852e-02
2.589685606956481853e-02
2.589645481109619299e-02
2.543866968154907121e-02
2.585431957244873138e-02
2.620691251754760781e-02
2.565854382514953444e-02
2.595862007141113217e-02
2.617729091644287187e-02
2.611421799659728940e-02
2.544780993461608770e-02
2.617384195327758858e-02
2.533218193054199291e-02
2.600952839851379539e-02
2.600906634330749437e-02
2.562169384956359749e-02
2.577858829498291121e-02
2.600472903251647983e-02
2.578101372718811027e-02
2.583750939369201804e-02
2.581132340431213298e-02
2.582659626007080197e-02
2.576116847991943501e-02
2.573590230941772555e-02
2.594591569900512804e-02
2.562891340255737255e-02
2.540495419502258184e-02
2.584323191642761211e-02
2.622718787193298318e-02
2.574538588523864885e-02
2.608077406883239913e-02
2.570396280288696211e-02
2.589378118515014635e-02
2.580009007453918507e-02
2.660490536689758337e-02
2.586622953414917034e-02
2.603611564636230599e-02
2.579593133926391668e-02
2.557494330406188954e-02
2.575662994384765592e-02
2.552713251113891690e-02
2.588947987556457567e-02
2.557066273689270058e-02
2.610492992401123105e-02
2.585294795036316082e-02
2.563622546195984050e-02
2.595953631401062139e-02
2.619254183769225905e-02
2.639234662055969100e-02
2.568634676933288438e-02
2.592704558372497387e-02
2.603685498237609877e-02
2.594836831092834500e-02
2.618665623664856099e-02
2.597709631919861012e-02
2.564198470115661502e-02
2.596610021591186368e-02
2.587181067466735873e-02
2.611374926567077565e-02
2.594061350822448805e-02
2.595947599411010595e-02
2.534502243995666662e-02
2.561916232109069658e-02
2.614297699928283536e-02
2.673574256896972534e-02
2.591239857673644995e-02
2.512372088432312037e-02
2.525892448425292799e-02
2.596509552001953144e-02
2.598566436767578078e-02
2.610804486274719352e-02
2.589569568634033161e-02
2.622200679779052718e-02
2.589016914367675906e-02
2.590844845771789542e-02
2.614330673217773321e-02
2.605907273292541390e-02
2.607894134521484414e-02
2.596749758720397899e-02
2.605309557914733953e-02
2.588330149650573675e-02
2.568306207656860518e-02
2.619468569755554338e-02
2.518234825134277322e-02
2.568695807456970043e-02
2.579556465148925837e-02
2.520917320251464880e-02
2.599188423156738315e-02
2.646198344230651922e-02
2.601929974555969305e-02
2.605260944366455042e-02
2.616347265243530382e-02
2.599667525291442932e-02
2.584903550148010334e-02
2.620315241813659518e-02
2.614075398445129400e-02
2.599523186683654757e-02
2.600855159759521418e-02
2.600943112373351948e-02
2.521486449241638200e-02
2.609553813934326061e-02
2.605444478988647519e-02
2.645280075073242268e-02
2.612185502052307220e-02
2.622868275642395094e-02
2.607376313209533794e-02
2.617816519737243761e-02
2.604852509498596300e-02
2.511016869544982835e-02
2.411270165443420502e-02
2.612744379043578993e-02
2.601808214187622051e-02
2.582941770553588701e-02
2.596594238281249925e-02
2.612121868133544800e-02
2.607669377326965465e-02
2.582405185699462868e-02
2.576245951652526844e-02
2.607080316543579010e-02
2.592775821685790877e-02
2.596693634986877580e-02
2.621646881103515542e-02
2.642883372306823603e-02
2.646867322921752849e-02
2.660757589340210019e-02
2.638790178298950143e-02
2.651637554168701297e-02
2.639260244369506792e-02
2.658132648468017681e-02
2.645966291427612194e-02
2.675244498252868711e-02
2.650510430335998452e-02
2.593618941307068021e-02
2.536064767837524492e-02
2.585318231582641596e-02
2.605058932304382333e-02
2.618043303489685225e-02
2.592570900917053056e-02
2.615442848205566315e-02
2.615584468841552698e-02
2.627602434158325326e-02
2.614678502082824763e-02
2.591004705429077182e-02
2.619260668754577748e-02
2.603720855712890470e-02
2.607882571220397974e-02
2.572266578674316240e-02
2.636619257926941032e-02
2.616040444374084437e-02
2.595791864395141646e-02
2.638629007339477611e-02
2.643228840827941892e-02
2.621885895729065066e-02
2.645532798767089716e-02
2.635509848594665486e-02
2.612084579467773351e-02
2.612706732749938907e-02
2.595621728897094804e-02
2.598143172264099146e-02
2.613766503334045282e-02
2.557007980346679560e-02
2.643115377426147328e-02
2.613857674598693906e-02
2.610494041442871019e-02
2.575865435600280598e-02
2.607250499725341855e-02
2.606305956840515234e-02
2.612591028213500852e-02
2.623304390907287703e-02
2.599326992034912270e-02
2.630712866783142118e-02
2.655960083007812347e-02
2.605470800399780143e-02
2.605191755294799724e-02
2.662365651130676331e-02
2.595082283020019517e-02
2.558873891830444267e-02
2.425606203079223519e-02
2.636188793182372980e-02
2.629244780540466314e-02
2.636549019813537453e-02
2.602490663528442272e-02
2.644904088973999007e-02
2.602343297004699671e-02
2.590488934516906733e-02
2.619446277618408050e-02
2.613236594200134266e-02
2.621726608276367040e-02
2.603917717933654924e-02
2.634116768836975223e-02
2.615561389923095822e-02
2.628834772109985354e-02
2.633294200897216830e-02
2.613589453697204648e-02
2.529170513153076311e-02
2.616943264007568284e-02
2.634578824043273815e-02
2.662303137779235829e-02
2.600762796401977564e-02
2.606726765632629353e-02
2.659323406219482253e-02
2.599215054512023920e-02
2.613524413108825675e-02
2.627414917945861822e-02
2.634179282188415377e-02
2.694788718223571633e-02
2.629704880714416396e-02
2.629718613624572668e-02
2.618800735473632985e-02
2.618643665313720795e-02
2.626749610900878940e-02
2.626197242736816317e-02
2.562294411659240753e-02
2.600892472267150868e-02
2.639277267456054815e-02
2.614519143104553078e-02
2.637998676300048681e-02
2.651111960411071944e-02
2.606864452362060713e-02
2.660043954849243206e-02
2.662618637084961104e-02
2.634716558456420832e-02
2.648665213584899814e-02
2.619846248626709131e-02
2.625365662574767958e-02
2.648201537132263347e-02
2.616341185569763181e-02
2.655387139320373666e-02
2.620690584182739161e-02
2.675393581390380845e-02
2.642964458465576344e-02
2.651689243316650291e-02
2.639666533470153703e-02
2.674357676506042628e-02
2.654819178581237921e-02
2.694980740547180120e-02
2.641095256805419886e-02
2.690638065338134613e-02
2.639814138412475628e-02
2.703153181076049794e-02
2.690274572372436390e-02
2.668638610839843897e-02
2.648735141754150410e-02
2.517034006118774522e-02
2.447749495506286455e-02
2.658618283271789451e-02
2.638246488571166851e-02
2.601544022560119476e-02
2.659316301345825140e-02
2.639698624610900893e-02
2.637925982475280637e-02
2.676699924468994157e-02
2.663751626014709481e-02
2.637260293960571461e-02
2.651074266433715854e-02
2.634271359443664598e-02
2.660984182357788164e-02
2.644824647903442488e-02
2.679418659210205250e-02
2.647114872932434040e-02
2.644386315345764044e-02
2.655084156990051431e-02
2.645717883110046409e-02
2.655584597587585388e-02
2.659807968139648454e-02
2.538572311401367243e-02
2.631622552871704102e-02
2.649635791778564425e-02
2.657774376869201718e-02
2.634564161300659291e-02
2.656395792961120661e-02
2.642910456657409507e-02
2.646261668205261361e-02
2.721936821937560869e-02
2.642083930969238437e-02
2.635081648826599274e-02
2.659723830223083632e-02
2.633560323715209914e-02
2.640454649925232100e-02
2.680927824974060208e-02
2.627467679977417078e-02
2.512454628944396987e-02
2.594648575782775718e-02
2.692551183700561679e-02
2.668315553665161211e-02
2.660511255264282060e-02
2.723510098457336548e-02
2.656384873390197840e-02
2.685832953453063873e-02
2.646383595466613933e-02
2.699273514747619479e-02
2.508699941635131672e-02
2.471482992172241086e-02
2.658706831932067943e-02
2.617118287086486750e-02
2.673074674606323170e-02
2.653406453132629503e-02
2.665383362770080630e-02
2.685849332809448278e-02
2.658911013603210485e-02
2.639604973793029802e-02
2.700706481933593667e-02
2.720612335205077961e-02
2.724971818923950170e-02
2.669546556472778345e-02
2.688515806198120070e-02
2.665695166587829512e-02
2.675192809104919370e-02
2.658560824394226238e-02
2.619948768615722526e-02
2.644285058975219885e-02
2.655947375297546334e-02
2.628566551208496097e-02
2.658664131164550914e-02
2.709506416320800817e-02
2.674704003334045510e-02
2.623788833618163896e-02
2.662357211112975977e-02
2.675371003150939925e-02
2.657122039794921828e-02
2.681783866882324341e-02
2.659912776947021343e-02
2.655846285820007494e-02
2.684559845924377325e-02
2.666889810562133797e-02
2.665974974632263211e-02
2.656050848960876329e-02
2.639672207832336262e-02
2.696690630912780898e-02
2.671127700805664071e-02
2.542559981346130538e-02
2.642409539222717249e-02
2.673363232612609858e-02
2.622649073600769043e-02
2.705488634109497192e-02
2.677072596549987665e-02
2.643338251113891771e-02
2.696592903137207120e-02
2.705030012130737321e-02
2.702115035057067738e-02
2.663138484954833893e-02
2.646767663955688563e-02
2.652939629554748602e-02
2.730171036720275765e-02
2.661984133720397827e-02
2.681273007392883170e-02
2.664218330383300720e-02
2.691879963874816914e-02
2.661845684051513533e-02
2.677855300903320482e-02
2.673187208175659135e-02
