2.158726800000000000e+07
2.158896800000000000e+07
2.159414000000000000e+07
2.159468800000000000e+07
2.159522000000000000e+07
2.159606800000000000e+07
2.159841200000000000e+07
2.159884800000000000e+07
2.159916400000000000e+07
2.159945200000000000e+07
2.159960400000000000e+07
2.159994400000000000e+07
2.160014000000000000e+07
2.160014400000000000e+07
2.160018000000000000e+07
2.160040800000000000e+07
2.160043600000000000e+07
2.160044800000000000e+07
2.160054800000000000e+07
2.160069600000000000e+07
2.160069600000000000e+07
2.160082000000000000e+07
2.160090800000000000e+07
2.160090800000000000e+07
2.160093200000000000e+07
2.160093200000000000e+07
2.160093200000000000e+07
2.160093200000000000e+07
2.160093200000000000e+07
2.160093200000000000e+07
2.160093200000000000e+07
2.160093200000000000e+07
2.160093200000000000e+07
2.160093200000000000e+07
2.160093200000000000e+07
2.160093200000000000e+07
2.160093200000000000e+07
2.160093200000000000e+07
2.160093200000000000e+07
2.160093200000000000e+07
2.160093200000000000e+07
2.160093200000000000e+07
2.160093200000000000e+07
2.160093200000000000e+07
2.160093200000000000e+07
2.160093200000000000e+07
2.160093200000000000e+07
2.160093200000000000e+07
2.160093200000000000e+07
2.160093200000000000e+07
2.160093200000000000e+07
2.160093200000000000e+07
2.160093200000000000e+07
2.160093200000000000e+07
2.160093200000000000e+07
2.160093200000000000e+07
2.160093200000000000e+07
2.160093200000000000e+07
2.160093200000000000e+07
2.160093200000000000e+07
2.160093200000000000e+07
2.160093200000000000e+07
2.160093200000000000e+07
2.160093200000000000e+07
2.160093200000000000e+07
2.160093200000000000e+07
2.160093200000000000e+07
2.160093200000000000e+07
2.160093200000000000e+07
2.160093200000000000e+07
2.160093200000000000e+07
2.160093200000000000e+07
2.160093200000000000e+07
2.160093200000000000e+07
2.160093200000000000e+07
2.160093200000000000e+07
2.160093200000000000e+07
2.160093200000000000e+07
2.160093200000000000e+07
2.160093200000000000e+07
2.160093200000000000e+07
2.160093200000000000e+07
2.160093200000000000e+07
2.160093200000000000e+07
2.160093200000000000e+07
2.160093200000000000e+07
2.160093200000000000e+07
2.160093200000000000e+07
2.160093200000000000e+07
2.160093200000000000e+07
2.160093200000000000e+07
2.160093200000000000e+07
2.160093200000000000e+07
2.160093200000000000e+07
2.160093200000000000e+07
2.160093200000000000e+07
2.160093200000000000e+07
2.160093200000000000e+07
2.160093200000000000e+07
2.160093200000000000e+07
2.160093200000000000e+07
2.160093200000000000e+07
2.160093200000000000e+07
2.160093200000000000e+07
2.160093200000000000e+07
2.160093200000000000e+07
2.160093200000000000e+07
2.160093200000000000e+07
2.160093200000000000e+07
2.160093200000000000e+07
2.160093200000000000e+07
2.160093200000000000e+07
2.160093200000000000e+07
2.160093200000000000e+07
2.160093200000000000e+07
2.160093200000000000e+07
2.160093200000000000e+07
2.160093200000000000e+07
2.160093200000000000e+07
2.160093200000000000e+07
2.160093200000000000e+07
2.160093200000000000e+07
2.160093200000000000e+07
2.160093200000000000e+07
2.160093200000000000e+07
2.160093200000000000e+07
2.160093200000000000e+07
2.160093200000000000e+07
2.160093200000000000e+07
2.160093200000000000e+07
2.160093200000000000e+07
2.160093200000000000e+07
2.160093200000000000e+07
2.160093200000000000e+07
2.160093200000000000e+07
2.160093200000000000e+07
2.160093200000000000e+07
2.160093200000000000e+07
2.160093200000000000e+07
2.160093200000000000e+07
2.160093200000000000e+07
2.160093200000000000e+07
2.160093200000000000e+07
2.160093200000000000e+07
2.160093200000000000e+07
2.160093200000000000e+07
2.160093200000000000e+07
2.160093200000000000e+07
2.160093200000000000e+07
2.160093200000000000e+07
2.160093200000000000e+07
2.160093200000000000e+07
2.160093200000000000e+07
2.160093200000000000e+07
2.160093200000000000e+07
2.160093200000000000e+07
2.160093200000000000e+07
2.160093200000000000e+07
2.160093200000000000e+07
2.160093200000000000e+07
2.160093200000000000e+07
2.160093200000000000e+07
2.160093200000000000e+07
2.160093200000000000e+07
2.160093200000000000e+07
2.160093200000000000e+07
2.160093200000000000e+07
2.160093200000000000e+07
2.160093200000000000e+07
2.160093200000000000e+07
2.160093200000000000e+07
2.160093200000000000e+07
2.160093200000000000e+07
2.160093200000000000e+07
2.160093200000000000e+07
2.160093200000000000e+07
2.160093200000000000e+07
2.160093200000000000e+07
2.160093200000000000e+07
2.160093200000000000e+07
2.160093200000000000e+07
2.160093200000000000e+07
2.160093200000000000e+07
2.160093200000000000e+07
2.160093200000000000e+07
2.160093200000000000e+07
2.160093200000000000e+07
2.160093200000000000e+07
2.160093200000000000e+07
2.160093200000000000e+07
2.160093200000000000e+07
2.160093200000000000e+07
2.160093200000000000e+07
2.160093200000000000e+07
2.160093200000000000e+07
2.160093200000000000e+07
2.160093200000000000e+07
2.160093200000000000e+07
2.160093200000000000e+07
2.160093200000000000e+07
2.160093200000000000e+07
2.160093200000000000e+07
2.160093200000000000e+07
2.160093200000000000e+07
2.160093200000000000e+07
2.160093200000000000e+07
2.160093200000000000e+07
2.160093200000000000e+07
2.160093200000000000e+07
2.160093200000000000e+07
2.160093200000000000e+07
2.160093200000000000e+07
2.160093200000000000e+07
2.160093200000000000e+07
2.160093200000000000e+07
2.160093200000000000e+07
2.160093200000000000e+07
2.160093200000000000e+07
2.160093200000000000e+07
2.160093200000000000e+07
2.160093200000000000e+07
2.160093200000000000e+07
2.160093200000000000e+07
2.160093200000000000e+07
2.160093200000000000e+07
2.160093200000000000e+07
2.160093200000000000e+07
2.160093200000000000e+07
2.160093200000000000e+07
2.160093200000000000e+07
2.160093200000000000e+07
2.160093200000000000e+07
2.162103600000000000e+07
2.166494400000000000e+07
2.171751600000000000e+07
2.176523200000000000e+07
2.180917600000000000e+07
2.181970800000000000e+07
2.185572800000000000e+07
2.186534000000000000e+07
2.188363600000000000e+07
2.190077600000000000e+07
2.191230400000000000e+07
2.192377600000000000e+07
2.193501200000000000e+07
2.195121200000000000e+07
2.199476800000000000e+07
2.210428400000000000e+07
2.219751200000000000e+07
2.230826800000000000e+07
2.239961600000000000e+07
2.240167600000000000e+07
2.241354000000000000e+07
2.242215200000000000e+07
2.242215200000000000e+07
2.242215200000000000e+07
2.242215200000000000e+07
2.242215200000000000e+07
2.242215200000000000e+07
2.242215200000000000e+07
2.242215200000000000e+07
2.242215200000000000e+07
2.242215200000000000e+07
2.242215200000000000e+07
2.242215200000000000e+07
2.242215200000000000e+07
2.242215200000000000e+07
2.242215200000000000e+07
2.242215200000000000e+07
2.242215200000000000e+07
2.242215200000000000e+07
2.242215200000000000e+07
2.242215200000000000e+07
2.242215200000000000e+07
2.242215200000000000e+07
2.242215200000000000e+07
2.242215200000000000e+07
2.242215200000000000e+07
2.242215200000000000e+07
2.242215200000000000e+07
2.242215200000000000e+07
2.242215200000000000e+07
2.242215200000000000e+07
2.242215200000000000e+07
2.242215200000000000e+07
2.242215200000000000e+07
2.242215200000000000e+07
2.242215200000000000e+07
2.242215200000000000e+07
2.242215200000000000e+07
2.242215200000000000e+07
2.242215200000000000e+07
2.242215200000000000e+07
2.242215200000000000e+07
2.242215200000000000e+07
2.242215200000000000e+07
2.242215200000000000e+07
2.242215200000000000e+07
2.242215200000000000e+07
2.242215200000000000e+07
2.242215200000000000e+07
2.242215200000000000e+07
2.242215200000000000e+07
2.242215200000000000e+07
2.242215200000000000e+07
2.242215200000000000e+07
2.242215200000000000e+07
2.242215200000000000e+07
2.242215200000000000e+07
2.242215200000000000e+07
2.242215200000000000e+07
2.242215200000000000e+07
2.242215200000000000e+07
2.242215200000000000e+07
2.242215200000000000e+07
2.242215200000000000e+07
2.242215200000000000e+07
2.242215200000000000e+07
2.242215200000000000e+07
2.242215200000000000e+07
2.242215200000000000e+07
2.242215200000000000e+07
2.242215200000000000e+07
2.242215200000000000e+07
2.242215200000000000e+07
2.242215200000000000e+07
2.242215200000000000e+07
2.242215200000000000e+07
2.242215200000000000e+07
2.242215200000000000e+07
2.242215200000000000e+07
2.242215200000000000e+07
2.242215200000000000e+07
2.242215200000000000e+07
2.242215200000000000e+07
2.242215200000000000e+07
2.242215200000000000e+07
2.242215200000000000e+07
2.242215200000000000e+07
2.242215200000000000e+07
2.242215200000000000e+07
2.242215200000000000e+07
2.242215200000000000e+07
2.242215200000000000e+07
2.242215200000000000e+07
2.242215200000000000e+07
2.242215200000000000e+07
2.242215200000000000e+07
2.242215200000000000e+07
2.242215200000000000e+07
2.242215200000000000e+07
2.242215200000000000e+07
2.242215200000000000e+07
2.242215200000000000e+07
2.242215200000000000e+07
2.242215200000000000e+07
2.242215200000000000e+07
2.242215200000000000e+07
2.242215200000000000e+07
2.242215200000000000e+07
2.242215200000000000e+07
2.242215200000000000e+07
2.242215200000000000e+07
2.242215200000000000e+07
2.242215200000000000e+07
2.242215200000000000e+07
2.242215200000000000e+07
2.242215200000000000e+07
2.242215200000000000e+07
2.242215200000000000e+07
2.242215200000000000e+07
2.242215200000000000e+07
2.242215200000000000e+07
2.242215200000000000e+07
2.242215200000000000e+07
2.242215200000000000e+07
2.242215200000000000e+07
2.242215200000000000e+07
2.242215200000000000e+07
2.242215200000000000e+07
2.242215200000000000e+07
2.242215200000000000e+07
2.242215200000000000e+07
2.242215200000000000e+07
2.242215200000000000e+07
2.242215200000000000e+07
2.242215200000000000e+07
2.242215200000000000e+07
2.242215200000000000e+07
2.242215200000000000e+07
2.242215200000000000e+07
2.242215200000000000e+07
2.242215200000000000e+07
2.242215200000000000e+07
2.242215200000000000e+07
2.242215200000000000e+07
2.242215200000000000e+07
2.242215200000000000e+07
2.242215200000000000e+07
2.242215200000000000e+07
2.242215200000000000e+07
2.242215200000000000e+07
2.242215200000000000e+07
2.242215200000000000e+07
2.242215200000000000e+07
2.242215200000000000e+07
2.242215200000000000e+07
2.242215200000000000e+07
2.242215200000000000e+07
2.242215200000000000e+07
2.242215200000000000e+07
2.242215200000000000e+07
2.242215200000000000e+07
2.242215200000000000e+07
2.242215200000000000e+07
2.242215200000000000e+07
2.242215200000000000e+07
2.242215200000000000e+07
2.242215200000000000e+07
2.242215200000000000e+07
2.242215200000000000e+07
2.242215200000000000e+07
2.242215200000000000e+07
2.242215200000000000e+07
2.242215200000000000e+07
2.242215200000000000e+07
2.242215200000000000e+07
2.242215200000000000e+07
2.242215200000000000e+07
2.242215200000000000e+07
2.242215200000000000e+07
2.242215200000000000e+07
2.242215200000000000e+07
2.242215200000000000e+07
2.242215200000000000e+07
2.242215200000000000e+07
2.242215200000000000e+07
2.242215200000000000e+07
2.242215200000000000e+07
2.242215200000000000e+07
2.242215200000000000e+07
2.242215200000000000e+07
2.242215200000000000e+07
2.242215200000000000e+07
2.242215200000000000e+07
2.242215200000000000e+07
2.242215200000000000e+07
2.242215200000000000e+07
2.242215200000000000e+07
2.242215200000000000e+07
2.242215200000000000e+07
2.242215200000000000e+07
2.242215200000000000e+07
2.242215200000000000e+07
2.242215200000000000e+07
2.242215200000000000e+07
2.242215200000000000e+07
2.242215200000000000e+07
2.242215200000000000e+07
2.242215200000000000e+07
2.242215200000000000e+07
2.242215200000000000e+07
2.242215200000000000e+07
2.242215200000000000e+07
2.242215200000000000e+07
2.242215200000000000e+07
2.242215200000000000e+07
2.242215200000000000e+07
2.242215200000000000e+07
2.242215200000000000e+07
2.242215200000000000e+07
2.242215200000000000e+07
2.242215200000000000e+07
2.242215200000000000e+07
2.242215200000000000e+07
2.242215200000000000e+07
2.242215200000000000e+07
2.242215200000000000e+07
2.242215200000000000e+07
2.242215200000000000e+07
2.242215200000000000e+07
2.242215200000000000e+07
2.242215200000000000e+07
2.242215200000000000e+07
2.242215200000000000e+07
2.242215200000000000e+07
2.242215200000000000e+07
2.242215200000000000e+07
2.242215200000000000e+07
2.242215200000000000e+07
2.242215200000000000e+07
2.242215200000000000e+07
2.242215200000000000e+07
2.242215200000000000e+07
2.242215200000000000e+07
2.242215200000000000e+07
2.242215200000000000e+07
2.242215200000000000e+07
2.242215200000000000e+07
2.242215200000000000e+07
2.242215200000000000e+07
2.242215200000000000e+07
2.242215200000000000e+07
2.242215200000000000e+07
2.242215200000000000e+07
2.242215200000000000e+07
2.242215200000000000e+07
2.242215200000000000e+07
2.242215200000000000e+07
2.242215200000000000e+07
2.242215200000000000e+07
2.242215200000000000e+07
2.242215200000000000e+07
2.242215200000000000e+07
2.242215200000000000e+07
2.242215200000000000e+07
2.242215200000000000e+07
2.242215200000000000e+07
2.242215200000000000e+07
2.242215200000000000e+07
2.242215200000000000e+07
2.242215200000000000e+07
2.242215200000000000e+07
2.242215200000000000e+07
2.242215200000000000e+07
2.242215200000000000e+07
2.242215200000000000e+07
2.242215200000000000e+07
2.242215200000000000e+07
2.242215200000000000e+07
2.242215200000000000e+07
2.242215200000000000e+07
2.242215200000000000e+07
2.242215200000000000e+07
2.242215200000000000e+07
2.242215200000000000e+07
2.242215200000000000e+07
2.242215200000000000e+07
2.242215200000000000e+07
2.242215200000000000e+07
2.242215200000000000e+07
2.242215200000000000e+07
2.242215200000000000e+07
2.242215200000000000e+07
2.242215200000000000e+07
2.242215200000000000e+07
2.242215200000000000e+07
2.242215200000000000e+07
2.242215200000000000e+07
2.242215200000000000e+07
2.242215200000000000e+07
2.242215200000000000e+07
2.242215200000000000e+07
2.242215200000000000e+07
2.242215200000000000e+07
2.242215200000000000e+07
2.242215200000000000e+07
2.242215200000000000e+07
2.242215200000000000e+07
2.242215200000000000e+07
