2.495412001609802199e-01
7.338310813903808905e-02
6.466546773910522572e-02
6.430793190002441484e-02
6.423903417587280285e-02
6.439127159118653021e-02
6.405867624282836348e-02
6.407021594047546120e-02
6.427292871475219493e-02
6.443294739723205711e-02
6.391024565696716564e-02
6.390066933631896595e-02
6.476495409011841231e-02
6.475242853164672741e-02
6.501833176612853427e-02
6.500906920433044411e-02
6.481411457061767023e-02
6.490371155738830500e-02
6.495410966873169101e-02
6.460685443878173839e-02
6.521183085441589755e-02
6.489312338829041071e-02
6.471516442298888561e-02
6.504418420791625854e-02
6.516129970550536832e-02
6.514680409431457264e-02
6.562559127807617021e-02
6.555243444442748757e-02
6.521778345108032726e-02
6.510399675369263339e-02
6.525513768196106179e-02
6.471394419670105369e-02
6.508255338668823831e-02
6.461700868606568005e-02
6.532934045791626010e-02
6.480555796623230225e-02
6.531485605239868708e-02
6.519975447654724476e-02
6.514314627647399547e-02
6.525363659858703091e-02
6.571105051040648792e-02
6.537949872016907138e-02
6.535432362556457819e-02
6.516352605819701604e-02
6.542981195449829035e-02
6.540809011459350342e-02
6.508833312988281106e-02
6.539635467529296420e-02
6.530356407165527344e-02
6.546692585945129705e-02
6.568674397468567128e-02
6.553245186805725653e-02
6.561763143539428578e-02
6.552768349647522528e-02
6.520649957656859952e-02
6.514752459526061690e-02
6.583489561080932417e-02
6.543880319595336836e-02
6.605685353279114325e-02
6.573508381843566617e-02
6.684390330314636530e-02
6.599834966659545721e-02
6.608546185493469061e-02
6.596656703948974854e-02
6.675732135772705078e-02
6.661471748352050526e-02
6.683645629882813133e-02
6.588207244873046931e-02
6.556540966033935769e-02
6.518692517280579024e-02
6.523592114448546753e-02
6.485469484329223211e-02
6.546113801002502453e-02
6.532285642623901489e-02
6.504673647880554466e-02
6.476354765892028409e-02
6.512189245223999612e-02
6.440310478210449496e-02
6.476008200645447244e-02
6.537996578216552501e-02
6.566351199150086138e-02
6.545144462585449074e-02
6.501262712478637906e-02
6.680617570877074585e-02
6.650802826881409280e-02
6.617357778549194658e-02
6.638579845428466131e-02
6.640756154060363514e-02
6.614571666717529441e-02
6.666771435737610385e-02
6.697475218772888650e-02
6.717963075637817250e-02
6.605355310440062799e-02
6.692235541343688476e-02
6.644732499122620040e-02
6.625545620918274481e-02
6.633589386940003108e-02
6.709812450408934870e-02
6.701722526550292491e-02
6.687073326110840044e-02
6.545183992385864014e-02
6.791467761993408292e-02
6.685401821136474632e-02
6.707835245132445778e-02
6.646170949935913119e-02
6.646398258209228194e-02
6.696995115280150734e-02
6.617516565322875688e-02
6.648377394676208141e-02
6.596668243408203292e-02
6.714933276176453247e-02
6.681011033058166515e-02
6.659087562561034901e-02
6.711991620063781361e-02
6.748459839820861172e-02
6.724951076507568182e-02
6.740069961547850985e-02
6.732020139694214200e-02
6.664928269386291571e-02
6.685461640357971691e-02
6.667779874801635365e-02
6.658988213539122902e-02
6.699725604057311934e-02
6.781063699722289506e-02
6.614589142799377763e-02
6.610506367683410822e-02
6.567520427703857355e-02
6.634114527702331121e-02
6.661539030075072643e-02
6.666360902786254428e-02
6.597500085830688976e-02
6.621369719505310059e-02
6.578661060333251820e-02
6.608225464820861872e-02
6.601903176307678811e-02
6.604289364814758256e-02
6.609464979171753019e-02
6.615570688247680853e-02
6.520221877098084096e-02
6.557076168060302357e-02
6.604371547698974221e-02
6.675489401817322199e-02
6.603405117988586648e-02
6.557491040229797286e-02
6.583323526382446611e-02
6.530892395973206255e-02
6.484709739685058649e-02
6.625963711738586115e-02
6.662782502174377508e-02
6.665730738639831510e-02
6.646909666061401323e-02
6.613582158088683605e-02
6.647833156585693237e-02
6.680394840240479193e-02
6.686415243148803589e-02
6.642957806587218572e-02
6.650765371322632513e-02
6.632455921173095736e-02
6.465572094917297619e-02
6.625777506828307850e-02
6.629911780357361506e-02
6.652452087402344061e-02
6.676716995239258268e-02
6.650758433341980025e-02
6.676077795028687034e-02
6.620264506340026167e-02
6.611694145202637318e-02
6.642162227630615812e-02
6.637851095199584495e-02
6.689065957069396939e-02
6.682819437980651311e-02
6.659123373031616833e-02
6.706057238578796986e-02
6.651413679122925027e-02
6.665969800949096691e-02
6.645025706291199374e-02
6.546596002578734808e-02
6.564002609252929388e-02
6.646864652633667492e-02
6.672053980827331865e-02
6.681115579605102772e-02
6.658480072021484564e-02
6.690303540229797230e-02
6.663505053520202281e-02
6.645846867561340521e-02
6.650308942794799782e-02
6.680124521255492720e-02
6.675999140739441451e-02
6.712655782699585016e-02
6.722622418403625955e-02
6.662341570854186934e-02
6.619218349456787442e-02
6.677033805847168435e-02
6.646637773513794367e-02
6.659520196914672785e-02
6.644988822937011874e-02
6.702924180030822576e-02
6.626610994338989757e-02
6.499182772636413752e-02
6.585761570930480369e-02
6.493576836585998602e-02
6.684121060371399359e-02
6.713181686401367698e-02
6.710162949562072099e-02
6.687252497673035201e-02
6.714087533950806319e-02
6.644240903854370384e-02
6.639270901679993064e-02
6.682922840118407648e-02
6.648928403854370561e-02
6.693593764305114102e-02
6.685878944396972390e-02
6.600093579292297397e-02
6.708007955551147095e-02
6.679185795783997015e-02
6.678215360641479026e-02
6.673386812210083119e-02
6.684966015815735352e-02
6.655794405937194569e-02
6.697620558738708041e-02
6.623276281356811623e-02
6.647597098350524480e-02
6.668271923065186013e-02
6.700303578376770597e-02
6.652042150497436412e-02
6.709347796440125189e-02
6.694167470932006758e-02
6.675971341133117576e-02
6.712620115280151789e-02
6.722888207435608054e-02
6.709715580940246726e-02
6.681461906433106002e-02
6.678340578079224044e-02
6.704549884796143222e-02
6.734108018875122059e-02
6.700244140625000178e-02
6.688596320152283281e-02
6.725241088867187078e-02
6.668747186660767268e-02
6.667649650573730102e-02
6.662385797500609830e-02
6.667648744583129505e-02
6.685452890396118009e-02
6.682978320121765736e-02
6.705102801322937456e-02
6.639262175559997037e-02
6.630520987510681030e-02
6.679939174652099743e-02
6.687061452865600275e-02
6.629720854759216242e-02
6.656621408462524980e-02
6.646339702606200717e-02
6.657906174659729281e-02
6.705739927291870517e-02
6.634564447402954701e-02
6.669005417823790915e-02
6.697724628448485651e-02
6.677802705764770974e-02
6.663787055015564509e-02
6.730941081047057961e-02
6.680482625961303711e-02
6.686080193519591819e-02
6.687805438041687089e-02
6.599548101425170565e-02
6.581704807281493763e-02
6.507162237167359031e-02
6.652160048484802302e-02
6.639276647567748935e-02
6.681936335563659624e-02
6.690129280090331698e-02
6.658255553245544245e-02
6.614775133132934359e-02
6.639912295341492132e-02
6.685092473030090909e-02
6.681237125396728704e-02
6.653077888488768965e-02
6.661191415786743564e-02
6.542145919799804976e-02
6.737528324127196877e-02
6.683545374870300537e-02
6.652331662178039007e-02
6.662181115150452027e-02
6.645994567871094105e-02
6.628839159011841453e-02
6.643064665794372325e-02
6.606090617179870284e-02
6.543791460990905362e-02
6.636972928047180087e-02
6.571233606338501565e-02
6.659633612632750999e-02
6.690187692642211859e-02
6.708102893829345770e-02
6.667922329902649381e-02
6.668059659004212103e-02
6.688012790679931374e-02
6.577384328842163230e-02
6.709342765808105902e-02
6.656508183479309393e-02
6.709129595756531395e-02
6.686870718002319025e-02
6.724360013008118253e-02
6.637848067283630416e-02
6.655135464668274214e-02
6.710270094871520485e-02
6.663638019561766990e-02
6.734679889678954479e-02
6.694788503646850741e-02
6.609630131721497270e-02
6.686776161193846990e-02
6.638872218132019221e-02
6.661031913757324563e-02
6.665320491790771573e-02
6.462601065635681374e-02
6.551691794395446411e-02
6.597943639755249334e-02
6.637129878997802268e-02
6.670536398887634555e-02
6.648709630966186113e-02
6.713428759574889548e-02
6.647494363784789417e-02
6.632689118385315385e-02
6.641998195648193826e-02
6.628784155845642012e-02
6.650167775154114391e-02
6.667168712615967330e-02
6.675730037689209251e-02
6.637435126304626343e-02
6.678589725494385454e-02
6.664165997505187844e-02
6.654218101501464810e-02
6.753187632560729570e-02
6.663592696189880871e-02
6.662286138534545543e-02
6.717509222030638993e-02
6.660458302497863914e-02
6.584746336936950217e-02
6.636197066307067405e-02
6.666174411773681530e-02
6.670361852645874390e-02
6.669155788421630981e-02
6.638096809387207531e-02
6.690593528747558472e-02
6.592387366294860662e-02
6.580179286003112749e-02
6.566312646865844760e-02
6.676899003982543490e-02
6.577866864204406916e-02
6.680245375633239724e-02
6.691522097587584983e-02
6.568275380134581953e-02
6.653437018394470215e-02
6.591886115074158115e-02
6.585815310478210227e-02
6.587439966201781572e-02
6.572642898559570568e-02
6.532744336128235019e-02
6.568650841712951605e-02
6.551061081886291881e-02
6.572144794464111761e-02
6.518526053428649880e-02
6.578648853302002109e-02
6.552605867385864757e-02
6.526268577575683461e-02
6.590580582618713046e-02
6.603196573257445745e-02
6.556652045249938832e-02
6.556821942329406350e-02
6.521313381195067982e-02
6.566136598587035689e-02
6.680342626571655895e-02
6.704465413093567416e-02
6.643677783012390259e-02
6.631144523620605136e-02
6.670162463188171464e-02
6.612897157669067605e-02
6.602130293846129871e-02
6.607176828384399292e-02
6.500435280799865545e-02
6.573158764839172330e-02
6.603578281402587569e-02
6.607852125167847090e-02
6.595254492759704268e-02
6.602310132980346302e-02
6.615887045860290028e-02
6.585105371475219460e-02
6.548356318473816384e-02
6.624629068374633667e-02
6.561857986450195246e-02
6.507962012290954834e-02
6.522230052947998458e-02
6.501605367660522050e-02
6.507006955146789340e-02
6.484612607955932140e-02
6.541953945159911799e-02
6.491396498680114535e-02
6.528464984893798950e-02
6.539275479316711270e-02
6.504007172584533314e-02
6.802751040458679399e-02
6.781630349159241400e-02
6.788531208038330045e-02
6.759441161155700650e-02
6.765707302093505737e-02
6.785945415496826005e-02
6.837329435348510343e-02
6.757870650291443460e-02
6.753193426132202137e-02
6.686429119110107178e-02
6.787383365631104171e-02
6.801667475700377830e-02
6.675651073455809992e-02
6.766951107978820545e-02
6.725546503067016124e-02
6.735298275947571023e-02
6.772895574569702537e-02
6.611176609992980291e-02
6.769643735885620683e-02
6.771316647529601607e-02
6.779654026031493863e-02
6.561371445655822532e-02
6.667765450477600164e-02
6.562581706047057595e-02
6.683452844619751365e-02
6.844516873359679510e-02
6.776047301292419112e-02
6.730343985557556141e-02
6.835740542411804233e-02
6.798839807510376199e-02
6.834823989868163419e-02
6.853263115882873846e-02
6.766753292083740878e-02
6.840328288078308117e-02
6.778652381896972667e-02
6.758411741256713234e-02
6.805376672744750666e-02
6.757170534133910555e-02
6.777649044990539939e-02
6.821177387237549461e-02
6.794164180755615789e-02
6.809301328659057850e-02
6.787710213661193870e-02
6.727513694763183338e-02
6.800370311737061191e-02
6.726636981964111139e-02
6.747790694236754927e-02
6.806440997123718029e-02
6.899144291877747082e-02
6.797505664825440053e-02
6.798659729957580444e-02
6.848250889778137451e-02
6.832211685180664129e-02
6.815955662727356257e-02
6.751422214508057129e-02
6.805140280723571966e-02
6.762939476966857433e-02
6.812534165382384821e-02
6.792482829093933472e-02
6.789637494087219505e-02
6.767763471603394088e-02
6.674231338500977162e-02
6.789869236946105557e-02
6.817009758949280074e-02
6.753400015830993142e-02
6.640444254875182972e-02
6.689490365982055098e-02
6.850855350494385043e-02
6.794430637359619163e-02
6.847008967399596802e-02
6.813770437240600220e-02
6.859723329544067938e-02
6.778914499282837069e-02
6.829925322532653942e-02
6.752353525161743086e-02
6.821756887435913297e-02
6.853392052650451871e-02
6.800820279121398693e-02
6.763963246345519598e-02
6.584032893180846724e-02
6.651070523262024581e-02
6.674004197120667059e-02
6.780595850944519387e-02
6.772158384323119507e-02
6.823511624336242587e-02
6.734086799621581687e-02
6.841703748703002741e-02
6.802755522727965687e-02
6.589622688293457486e-02
6.763651394844055753e-02
6.888469958305358520e-02
6.803460240364074540e-02
6.772995781898498435e-02
6.751692032814025912e-02
6.739359450340270952e-02
6.751111721992492098e-02
6.759026026725768743e-02
6.733223366737366156e-02
6.819003248214722257e-02
6.686130642890930620e-02
6.821596479415893699e-02
6.804072475433349532e-02
6.710217571258544900e-02
6.746624803543091464e-02
6.746497035026549627e-02
6.789995360374451172e-02
6.802565693855285034e-02
6.746351385116576560e-02
6.669025254249573431e-02
6.809401297569274425e-02
6.771101975440979581e-02
6.834778380393981279e-02
6.765938615798949840e-02
6.721859931945800559e-02
6.745095801353453990e-02
6.760401320457458396e-02
6.766037225723266213e-02
6.752984929084777932e-02
6.747140884399413507e-02
6.763961410522460749e-02
6.785224056243896462e-02
6.808364248275756980e-02
6.595613884925842496e-02
6.783106732368469893e-02
6.778014945983887318e-02
6.760143208503723022e-02
6.832007002830504938e-02
6.798344850540161133e-02
6.789291501045227606e-02
6.813002753257751953e-02
6.839145636558532915e-02
6.792829871177673284e-02
6.797138905525207386e-02
6.812506937980651600e-02
6.751030945777893033e-02
6.715756368637085250e-02
6.860321497917175326e-02
6.795939755439758811e-02
6.789572429656982877e-02
6.794698143005370450e-02
6.749047708511352051e-02
6.803417634963988825e-02
6.815525078773498890e-02
6.794010829925536954e-02
6.686732888221741389e-02
6.698632431030272782e-02
6.720624613761902455e-02
6.607582950592040538e-02
6.667197728157044090e-02
6.480832743644714122e-02
6.726849365234374711e-02
6.798425173759460594e-02
6.681581854820251021e-02
6.732742953300475952e-02
6.710674071311950595e-02
6.778353548049927124e-02
6.760215353965759455e-02
6.846339964866637873e-02
6.803263330459594083e-02
6.779093217849731234e-02
6.794231438636780251e-02
6.800854063034057762e-02
