1.458909641115559737e+02
1.446692635126831590e+02
1.637373559104718765e+02
1.643462607591043820e+02
1.533465366853379805e+02
1.451585742632454412e+02
1.449080046440194565e+02
1.217513367632972461e+02
1.124166566726856615e+02
1.159469888250059881e+02
1.211338575604975318e+02
1.121094533329896166e+02
1.096238233149635448e+02
1.026512770522737696e+02
9.770926501654427909e+01
1.085788982773000413e+02
1.153010410979130569e+02
8.655687891123410793e+01
8.388265033094432965e+01
8.572874484087355995e+01
9.019541183460586353e+01
1.136424214344420278e+02
8.046758104542810486e+01
7.283629240554554940e+01
6.456442178035604229e+01
8.559005692821142475e+01
4.805554412418378973e+01
8.469517334349289683e+01
7.849805562642153234e+01
8.757076950812867722e+01
6.071669589269915690e+01
4.513711011158071784e+01
4.132472983728560934e+01
4.424151716810424517e+01
2.526097125645605601e+01
4.619749803386478249e+01
5.509447878054377412e+01
5.660082884613615306e+01
3.285803785663775756e+01
5.401918160604988373e+01
2.132068481243364388e+01
3.345775206935691415e+01
8.328627620971955992e+01
2.022766618669038863e+01
3.425608039889558398e+01
3.609227224129125489e+01
2.879082503089323808e+01
2.591458623514092352e+01
1.823474036797646392e+01
1.812908463374971646e+01
1.690542752397492876e+01
2.090961578655018727e+01
1.376110145537288432e+01
2.627557154583307053e+01
9.555668396441525658e+00
1.896238629286195021e+01
1.107948780945145018e+01
1.081007473143457531e+01
1.742140584453175123e+01
3.185202854660203897e+01
1.638903281350086871e+01
3.852841728543736366e+01
1.043392703199216598e+01
2.473679486804718053e+01
1.212969630212727878e+01
1.236189566395424322e+01
1.858958744040448963e+01
1.177904364865872999e+01
1.780964097314683414e+01
1.315217619964821871e+01
1.128787386837941398e+01
1.147002925919177763e+01
9.964137722398133334e+00
1.286407365867167307e+01
1.671498678167616703e+01
1.238094593573471691e+01
1.440827020453199303e+01
9.101541885614041760e+00
1.137984577442087719e+01
8.147837048985186570e+00
9.922026035149029255e+00
1.883255655742738099e+01
1.031167845204483235e+01
1.003873379301603386e+01
1.188606291137205773e+01
7.400499014405514053e+00
1.148601900845097745e+01
1.071217118830072756e+01
8.904806743249475076e+00
1.284406559506975931e+01
1.239813412103585399e+01
1.114598730996050513e+01
1.019090386788488090e+01
1.135832703757001205e+01
1.157495116093623722e+01
1.617213729492694796e+01
1.177319199889020851e+01
1.735009620341388370e+01
1.013628734887842242e+01
2.186154865897768573e+01
1.370815934357475641e+01
1.690729253780364871e+01
1.585852215005803600e+01
1.202353510037774953e+01
1.026833703549415411e+01
1.019368264838093729e+01
1.504372642481361844e+01
7.877895721914274674e+00
1.111711651222284658e+01
1.276055556087904286e+01
1.104419091910989437e+01
1.950550156028742776e+01
1.309728016524527483e+01
1.598069846633483415e+01
1.563576365549105773e+01
7.579556755772370202e+00
7.385529001215842548e+00
8.796718503086648155e+00
8.637630364312974152e+00
1.073280257911511271e+01
1.018433237321156604e+01
1.080825896021046439e+01
1.267157307770888153e+01
8.574944030595871070e+00
9.684130296271659333e+00
8.087490321286415096e+00
1.027917910957436121e+01
1.320236917628355577e+01
1.850384835701765240e+01
1.263110406987293644e+01
1.047457014500742645e+01
7.758345320010763935e+00
6.805560581549610077e+00
1.075895119692080115e+01
9.392298988982856756e+00
1.403153139171668684e+01
7.856396105062918522e+00
9.551146919416739323e+00
9.944291208765424273e+00
1.178323885661199277e+01
7.177955391497645721e+00
8.647012013555938736e+00
1.158662726945177646e+01
6.963015124148585144e+00
9.568508204318057153e+00
7.088571296014221979e+00
1.178497150256290915e+01
7.681259572322131746e+00
1.099639223201553584e+01
1.003375697316121418e+01
6.471437549470523187e+00
1.397377286425283138e+01
9.022211361174480970e+00
8.017717095206871036e+00
8.490111718793565743e+00
8.527446985283567926e+00
1.379502454950615586e+01
8.149741682880097926e+00
7.845218997840156305e+00
1.425218754307356228e+01
8.677014551698452038e+00
1.892844841172865600e+01
1.147006945551483703e+01
1.227952272501197228e+01
1.069841308688362425e+01
1.335410581538060093e+01
1.434239785522765409e+01
8.622469755376981126e+00
1.077314170449630026e+01
1.618603105181452406e+01
8.445533982755286218e+00
7.059224670683518887e+00
7.839087103247382338e+00
7.472922183185451317e+00
7.528583575488290158e+00
9.822228585654212196e+00
4.769925751559041416e+00
5.841843097271283369e+00
9.293554525953917178e+00
8.510153135816738157e+00
8.967590651723183370e+00
1.314706927842727424e+01
8.214711606172082625e+00
7.814935259294323977e+00
1.533939698262126150e+01
8.252435234032903466e+00
1.025540121649449610e+01
8.320802467499428090e+00
8.067020458730425503e+00
8.072063377377855176e+00
1.058539597991886083e+01
8.290160741732263361e+00
1.276497126647245750e+01
1.242674578053679113e+01
6.880421162482453390e+00
1.091543028544013083e+01
7.483322225582710097e+00
7.101502022773353850e+00
7.155883032289624524e+00
7.646825866164181917e+00
5.575235000208244251e+00
1.220693165487805842e+01
8.897533954018616242e+00
8.164266538032467935e+00
8.684037875617246272e+00
1.333474299100395832e+01
1.272678330264613322e+01
5.701905992816817204e+00
6.749321861573454484e+00
1.073315075916555550e+01
1.096541817796890506e+01
1.228464658803986609e+01
8.977234044869078389e+00
7.737570802626241750e+00
1.114266011842248894e+01
6.640899274928298013e+00
1.004817310639961647e+01
6.048478474631606261e+00
6.323630443231068377e+00
8.714910030951378062e+00
7.400266517709264136e+00
9.801876585069029701e+00
6.783137992447999309e+00
8.950137468202651547e+00
3.933709669454734215e+00
4.777945200818373372e+00
4.443207234899424485e+00
9.005614503657561443e+00
5.337624581235938415e+00
6.586308137911490945e+00
7.725413228517928665e+00
5.725700622989903898e+00
3.841199826104421344e+00
5.142133098629233068e+00
7.698213643477215484e+00
6.213748745235127657e+00
1.338385693138486943e+01
5.538604438831235655e+00
6.293596320288211921e+00
8.902698808550349341e+00
7.870489351056301430e+00
8.157915065415538791e+00
6.961589884769602499e+00
7.286009374597407273e+00
8.818074847231081037e+00
7.956028531681361038e+00
9.727706808749040590e+00
6.126784015919443327e+00
6.735040878232010364e+00
1.129931522677870603e+01
7.190299390041129612e+00
6.946424839762372905e+00
1.322339253587997021e+01
5.548900458188914975e+00
1.124057492013830739e+01
7.219986341578674249e+00
1.118378480270910380e+01
1.375457717869702812e+01
1.094518482976998719e+01
6.618541511666247601e+00
6.341249817641231523e+00
5.371226944739635023e+00
9.108838388084084414e+00
9.283282798721817386e+00
5.044385027889463302e+00
1.032532104740231027e+01
9.657605259715790424e+00
4.790881875286866709e+00
8.555986022718505168e+00
8.364840934533184225e+00
6.284396795875383468e+00
1.483815020887674763e+01
5.339300449183482122e+00
1.109153352875063092e+01
7.968653153561785274e+00
1.007445680129390908e+01
1.018992085399414194e+01
1.026507402256709334e+01
5.992907398972315391e+00
7.649355049496820769e+00
7.330912852634350330e+00
9.052698731461459758e+00
1.058054196526312829e+01
9.079015896544836650e+00
6.643689691141376308e+00
7.701055593013760969e+00
7.352049176749959614e+00
5.006555950291200929e+00
9.576813330441353855e+00
7.592628376985434357e+00
6.745622929188520800e+00
1.016125051054872763e+01
9.094416677549956418e+00
5.909684405629247017e+00
8.207711748600798884e+00
7.162189861980962746e+00
4.157601790599605884e+00
5.475495175224732947e+00
7.230493586676394635e+00
1.048376537257678542e+01
5.510550330087519377e+00
5.528088048211315275e+00
7.074398822434766032e+00
7.576333431054165679e+00
5.159990307552482669e+00
4.954641836259378707e+00
8.976338468959120576e+00
6.266467962104774969e+00
4.118890577562095423e+00
6.061298851128929854e+00
1.396803468350818456e+01
1.126993938914545446e+01
6.684017694185586222e+00
7.474701598410552705e+00
6.429221637500112330e+00
9.380131242648063861e+00
1.448526906978984918e+01
3.922308523114403922e+00
4.725144346211050284e+00
5.911360332553848629e+00
6.346380838516243905e+00
1.150109099840938143e+01
8.777810188207102016e+00
5.622544907961295912e+00
5.898422466352821303e+00
5.188818262621317956e+00
7.149719188438024453e+00
8.885969637111783115e+00
9.539593279966805284e+00
9.911214331087910168e+00
6.607302855740035064e+00
4.683585912325058942e+00
5.812773880808472349e+00
1.354072203100019145e+01
7.162826575819666530e+00
9.261569811481752623e+00
4.294775718922132945e+00
5.290227579859425155e+00
8.348413169628065233e+00
1.762752639548824263e+01
9.405748507536399572e+00
5.592124002066545252e+00
6.593033089907549105e+00
7.627766359791687378e+00
7.402780101640106025e+00
8.718910649616738340e+00
7.321042128523790105e+00
8.160282468116561105e+00
8.195994264173783961e+00
9.035329402338467375e+00
5.065275832402630130e+00
1.059016319227508696e+01
5.510945344847015370e+00
5.392893589378429553e+00
4.508012339226254106e+00
1.056873355195844333e+01
4.930161996156384951e+00
8.899115057573334653e+00
7.220412539446233957e+00
7.200646541400704592e+00
4.827549007305455220e+00
5.353266882121810788e+00
7.213534373656320220e+00
3.666685317921778431e+00
6.296168345859465276e+00
5.322986453067683144e+00
6.226475558472638561e+00
6.602544737026934563e+00
4.451621375302180716e+00
8.846822633199240116e+00
6.869992862416939516e+00
5.201139765495065959e+00
5.319265310121249257e+00
4.640968203647770629e+00
7.565903526136816382e+00
7.263454695822299634e+00
5.540377330797404909e+00
4.991392061638749489e+00
4.094601295559923138e+00
7.471253348940910755e+00
3.556934612758150038e+00
4.628872516869713571e+00
8.303447457019888844e+00
7.899951965596244463e+00
7.728663247933437397e+00
3.737159177845388758e+00
3.328975398135797459e+00
1.090800970570653661e+01
2.421716907877404523e+01
7.528851765417192254e+00
4.016695632326516829e+00
4.680081182241094595e+00
1.035848439301658175e+01
7.752092770381405096e+00
5.132957259845389864e+00
5.549068345617212294e+00
5.242937854300961931e+00
5.155257642744420998e+00
6.008975132475330660e+00
7.878515053595974038e+00
4.708603219620484559e+00
1.423762746984305139e+01
6.038505711145504939e+00
1.279569616352543981e+01
5.916439608712554588e+00
8.463253982971991718e+00
4.950933342012123539e+00
1.253295472602986926e+01
4.244720473254258941e+00
4.106115532218310271e+00
6.509542153520750496e+00
7.651207770293189547e+00
4.368888944731972757e+00
6.128282920448141269e+00
6.560518649872556729e+00
3.457544915820532250e+00
5.857276852452771188e+00
4.678102998833611359e+00
5.194063471292190926e+00
4.798677354592119748e+00
9.355567937675035139e+00
6.038954795799400088e+00
9.081469354037126962e+00
3.953216271522956404e+00
6.290516149446732541e+00
3.488391381445577810e+00
4.190657306741071508e+00
6.381053288672124069e+00
7.417284295810265604e+00
3.531957859401578581e+00
8.724325779807003300e+00
3.784011793498839982e+00
2.893950132579520940e+00
8.571614422413430745e+00
5.624821936594961436e+00
1.036522228962593140e+01
4.763499425453277425e+00
4.101648005569873412e+00
4.051927430785291939e+00
3.501947784371692407e+00
4.060449033527999241e+00
6.301286485262330039e+00
4.053514743408162424e+00
3.769095917691315911e+00
8.083776801618380858e+00
4.905034633767105134e+00
4.410497205232847051e+00
1.132109185597269274e+01
1.226567902921110509e+01
9.116054334855173025e+00
5.197975506218069697e+00
4.650074803019139225e+00
6.452594992099901283e+00
5.328143713794053937e+00
5.782896590986267960e+00
5.821201449181243603e+00
5.226133348029151193e+00
3.835322577219221429e+00
5.261357225652502301e+00
7.049849908167996837e+00
4.409188559685008890e+00
4.889764585322288859e+00
1.157545327084717179e+01
6.698738580250233277e+00
5.354202595191661196e+00
8.684203628047786339e+00
4.371426075626991370e+00
1.630000244937470200e+01
4.409048357681561114e+00
7.523707102510295286e+00
3.277587833706908427e+00
1.502429087080343173e+01
5.469415396766263093e+00
3.906593082768633263e+00
5.637500202527507831e+00
5.550797055070319175e+00
8.728738377406493498e+00
5.290782166822302734e+00
4.984329591669830251e+00
3.805952377626740102e+00
5.229371211387542573e+00
6.343241667753416912e+00
4.657921362322551495e+00
5.743995377420868742e+00
5.184415558284780623e+00
5.328206746993079612e+00
8.262537057180503908e+00
6.628553506731703848e+00
1.094409721571289928e+01
5.250067109850489189e+00
7.070915585588966934e+00
8.147255317431177701e+00
8.350062054637488629e+00
7.728447646984897723e+00
6.930874397092034123e+00
8.348356872752782820e+00
5.018243450584146892e+00
9.624142667095803461e+00
5.500212637332764665e+00
7.760262821931633859e+00
6.658149050224574594e+00
5.952951694959076612e+00
5.189523759842931128e+00
5.767046947150850755e+00
8.573480416148701266e+00
2.048159970302078747e+01
7.025515078785254275e+00
5.812491106146565834e+00
4.511192943959660084e+00
7.127815088607412086e+00
5.429361896454831360e+00
6.667879523745224191e+00
6.750241597854119924e+00
1.059592206038197304e+01
7.480362124406422453e+00
7.567651419468415241e+00
6.298353723547784000e+00
4.360862523632428989e+00
4.554796352435401374e+00
7.674716481739953799e+00
6.627373411315048202e+00
8.179377166464757209e+00
1.805732281588153754e+01
1.048135060175866151e+01
4.927022826838570957e+00
5.642430501449860358e+00
5.069052035699866288e+00
4.250596036096986552e+00
7.889822623800865742e+00
3.992235375428411004e+00
1.306176615395587604e+01
8.356182153174337657e+00
6.316128791197312076e+00
6.181413414210346069e+00
5.170299049555017845e+00
7.728661533995673238e+00
4.430813282831604027e+00
3.508858471939677592e+00
3.358155544200299047e+00
6.204177756771700025e+00
4.973402484749235519e+00
6.083212971619041731e+00
4.347895081420250385e+00
7.673504743605593426e+00
4.559208007788472017e+00
5.101678386012384436e+00
2.763690585639940078e+00
4.056261474954557578e+00
1.455813168858984952e+01
6.156266909634493523e+00
3.811268331149006983e+00
9.138925709033136613e+00
1.088095467103266500e+01
4.790271767888113708e+00
1.303673304756452822e+01
5.462957002458329825e+00
1.794292459037734133e+01
8.317081854542955455e+00
4.383149836339511829e+00
3.175033024816805050e+00
6.169040462812676928e+00
7.645980482837757108e+00
3.363729922380570336e+00
4.035764692616776728e+00
7.109080234431329970e+00
4.323685136086759861e+00
3.983575756622518504e+00
3.729122651302413161e+00
5.822803329600632516e+00
4.358996173735901536e+00
1.149502368415933162e+01
9.907397990203365978e+00
5.686299750673093456e+00
7.345527361273976652e+00
7.984701113686752727e+00
3.616409479857042086e+00
6.133029502552402867e+00
6.724837201812560394e+00
3.397090469766186782e+00
3.519375291583928256e+00
3.794848497456055902e+00
5.062390542276209437e+00
5.703505091095735224e+00
5.338013478812486667e+00
3.986726141004221624e+00
5.981120506747203081e+00
4.134942877757978863e+00
4.274573807471411691e+00
5.618549061227832375e+00
4.658632234208382350e+00
6.510418657626790839e+00
4.268451101152516358e+00
1.203291311821953791e+01
5.208935863889844420e+00
4.821706938171899104e+00
6.245791311850609873e+00
7.230300378747732459e+00
4.233750128987940009e+00
4.268192175547903311e+00
9.649163742017666578e+00
5.168532038044674870e+00
9.179457138636157865e+00
2.940112897348231336e+00
1.135003328416655322e+01
5.045075815191379931e+00
5.136230855115171856e+00
5.630972513141656144e+00
7.808749021995852857e+00
6.549381787072710459e+00
1.714796452584712938e+01
1.065192386748453401e+01
6.440174610833935276e+00
3.653697200595218852e+00
8.660317755507284332e+00
6.230236398779068985e+00
8.291732267920380650e+00
4.461709301635267799e+00
6.066628908733980197e+00
4.225871982419117323e+00
3.717860422299377632e+00
5.282435542677048623e+00
8.894161716096213866e+00
6.312574358252390994e+00
4.824149636358150417e+00
1.236540884461856571e+01
3.114589478128965361e+00
4.428367023960375626e+00
3.318869238042735148e+00
1.221270496131902661e+01
6.757793802732730448e+00
5.214980517173089858e+00
1.521075269529826990e+01
3.882776530763619505e+00
3.977861096712032030e+00
6.971750246877119750e+00
7.306038884834492819e+00
3.701360303914963623e+00
6.151292839085312991e+00
1.004083305991508546e+01
5.492752251662909480e+00
3.924281391386677864e+00
8.503285533226126347e+00
5.915887117192135669e+00
9.967953850009516614e+00
4.233201727917998092e+00
5.049728242960455304e+00
4.875588398679454372e+00
5.549076658250164051e+00
6.630290224992738679e+00
3.273953874000078645e+00
4.955414838332171001e+00
5.120619339067865816e+00
7.507792095933698562e+00
4.974583702708808453e+00
9.895095852521638591e+00
7.585380845737133448e+00
4.695612544043490821e+00
4.997307346347425572e+00
1.577858654399859439e+01
9.814425294370137109e+00
5.082457348450858170e+00
4.730895877602734778e+00
9.199640841819105574e+00
7.173446450531553609e+00
5.264402642728104986e+00
1.986847828158690987e+01
1.752606400007328702e+01
5.647624658838055645e+00
3.320526116031150998e+00
9.022189946288078133e+00
4.023312827859565566e+00
3.676171881106766293e+00
8.622264726377515842e+00
5.233703417155900262e+00
1.005780573613495754e+01
5.787611471598385293e+00
8.791218374451263529e+00
3.331679820399537917e+00
8.123876589728281417e+00
4.539551182069978985e+00
6.539682299618729822e+00
7.039426651411111457e+00
6.441687173963654089e+00
7.335568345421101810e+00
4.514003924608198659e+00
6.387318506510827554e+00
4.368642186431968000e+00
7.990799342269034433e+00
3.640088060587503893e+00
8.211817708657706660e+00
5.916649002242672317e+00
3.938780272777129277e+00
5.512617643648696664e+00
5.435697213354933943e+00
4.319704001475876076e+00
5.542630515850927253e+00
6.853604758741243863e+00
1.904167172296949317e+01
4.764497285177325736e+00
6.260316321010254370e+00
6.001669134596892441e+00
6.311202292936929581e+00
5.725109605167797433e+00
5.759261259026886570e+00
3.266195991271757304e+00
7.694099543665950058e+00
7.059092588148614844e+00
1.553242002546747003e+01
4.589557288551300296e+00
4.230443756548128320e+00
7.904645669414502862e+00
5.698980858807840555e+00
1.182429976827779505e+01
6.079864997429334394e+00
1.329820758395698022e+01
4.178534109390692919e+00
7.242299149162203520e+00
5.068610987617579333e+00
1.360314200656708472e+01
4.152215963477541294e+00
5.639695522467739863e+00
9.220409412495891743e+00
3.718826925727111377e+00
5.509014261790286859e+00
8.260884581211579203e+00
1.205905066589532915e+01
1.454174309001231435e+01
8.298849641517680453e+00
5.620987814810346705e+00
1.185417915213248996e+01
1.296380236402995578e+01
1.125639783498269253e+01
4.279096227963017363e+00
5.032273255301300097e+00
1.194860389232919928e+01
3.864630866909376739e+00
3.232491568228757828e+00
7.064299072956925052e+00
7.214442063322107579e+00
5.339250474294847670e+00
9.603415391858261430e+00
3.558971124237809036e+00
6.343111005867568153e+00
1.071375838560794769e+01
6.100784241584984890e+00
5.325450696269420803e+00
3.380059576608276384e+00
8.612227897860519121e+00
1.354371919397509672e+01
5.004580569435259640e+00
4.404195960345676397e+00
1.225363799817162302e+01
8.415686333939857988e+00
4.534418241524436510e+00
6.139751100253712401e+00
4.774125268168631031e+00
5.986607011879671703e+00
6.455726498039553896e+00
1.181777460486967080e+01
6.893258829648487129e+00
4.574557245649613968e+00
1.204767191440868501e+01
6.077006655664621171e+00
7.644292824395834351e+00
1.965839805761618919e+01
1.036381711880522793e+01
6.815354601489683972e+00
1.110739123400506223e+01
2.485540723924991724e+01
7.210666128490167637e+00
6.137538961178074182e+00
4.026766185959162136e+00
4.698851220265328088e+00
4.961282411338341802e+00
1.211644441292270358e+01
9.403546500356902982e+00
5.162733482310688515e+00
1.213698778054328642e+01
1.146025823862477644e+01
4.832328910894402085e+00
6.478309320280295935e+00
4.435201851823782349e+00
2.290036495339168088e+00
3.281477518682041072e+00
5.858250481620816963e+00
6.011927660086509029e+00
4.653028949406663450e+00
6.242529532026339645e+00
1.270871628154220012e+01
8.360125176585841089e+00
8.462403775578893672e+00
3.688397367449654851e+00
4.680359166625871481e+00
8.482211669490379080e+00
5.624844705571247161e+00
6.863636693177378234e+00
9.543399954858889700e+00
2.082395055787877070e+01
1.802865029808830499e+01
1.266117551236468408e+01
9.483866984622917329e+00
2.369994418901516298e+01
7.218979284497510918e+00
7.329613907880095702e+00
4.248618166359380055e+00
6.504814375009352112e+00
6.038965896254027577e+00
7.334218976844344873e+00
5.705030783499223546e+00
1.035464087014652357e+01
5.123469530967182273e+00
1.326514212536146786e+01
1.034319423375284330e+01
1.614610477338465344e+01
2.105135261916467826e+01
3.041438260567118412e+00
2.124103592478778069e+01
7.158574327182370745e+00
6.461079628040990563e+00
9.577441667934492031e+00
4.656600673981130534e+00
7.331670166919988851e+00
1.582391386601169003e+01
3.684072287357110564e+00
1.217059583239251630e+01
5.074953437210716345e+00
4.772074744569814619e+00
3.050324785861612487e+00
6.269055525630963466e+00
5.498830433407329465e+00
6.601530507414999249e+00
6.105303493837313411e+00
8.274882206644914362e+00
6.451348110973694538e+00
3.589113943408877816e+01
1.435284325439969599e+01
8.807911146983556705e+00
9.710524681350223730e+00
4.191517899970573779e+00
6.455151204520274355e+00
4.883005601517155014e+00
3.306636975087183572e+00
3.723470710322247079e+00
4.772617068611498148e+00
7.560693012592984097e+00
4.045775112274375473e+00
1.750762253618799136e+01
5.589987273782815791e+00
6.569199126689357904e+00
3.150264079149500684e+00
6.907925991492191109e+00
5.831977420010550084e+00
1.159162760545476267e+01
8.154944109696844023e+00
8.749191532176091357e+00
5.489814994766684997e+00
1.496625388003220536e+01
4.814670028960009063e+00
4.813825689003376596e+00
8.252685606402975438e+00
9.001286362380238160e+00
6.761636300201093519e+00
6.544487566528372824e+00
6.272905919451678081e+00
1.641055403984683281e+01
1.066249426111784260e+01
6.017026820288426059e+00
6.583647815510899726e+00
7.474399464616768185e+00
1.023657763725015002e+01
3.836456457809920728e+00
2.137105414030776984e+01
1.532835896829556432e+01
6.906158457474672829e+00
4.750039554496457761e+00
3.770595818043887881e+00
3.015057875925245323e+00
1.356302461316363583e+01
1.130463336353563264e+01
4.226053676992049368e+00
1.369582491272304381e+01
9.116494165436227703e+00
6.483166642434544436e+00
1.525430154786264936e+01
7.380168494298344761e+00
9.697958019477733060e+00
6.255303556822902955e+00
7.910617652076913586e+00
1.964881036411546589e+01
5.020742273416614054e+00
3.245289099563614776e+00
3.507295638665951287e+01
8.980669950040102378e+00
2.080022741501038652e+01
3.820798411310803111e+00
5.024062361014197009e+00
3.507025585188494610e+00
5.442319411624541914e+00
5.556947561560320104e+00
8.788540456606529716e+00
2.618845148759465147e+01
4.466373207503094633e+00
1.985679144585801481e+01
7.984263860545377511e+00
7.223764333648230895e+00
9.908672499769851427e+00
8.532888371055811660e+00
6.398396984380060104e+00
5.560010120147388157e+00
5.521790475849377877e+00
1.660957265763760660e+01
9.650557792173767524e+00
6.712860414130734199e+00
1.102033453153873843e+01
7.500999220407635448e+00
2.447083359535900371e+01
9.260566931366739141e+00
4.217237679723243815e+00
8.839610526333796514e+00
3.890754630544864590e+00
9.625119243516113698e+00
6.922325993615790374e+00
4.448135677659956322e+00
4.101173070821602984e+00
5.883469934067607987e+00
2.491853426214568756e+01
8.956444870105608302e+00
1.161913788932451119e+01
6.961512151431509032e+00
1.732830787282349050e+01
5.358524144205359718e+00
5.501009047678900643e+00
4.523207527636027514e+00
5.786907831018470283e+00
6.384634131978943472e+00
7.248746881786320095e+00
7.037938500822152221e+00
6.399894400534178018e+00
1.166641214292032025e+01
1.218286429977133700e+01
1.317381999877429166e+01
5.914227975745346200e+00
2.231483120553517097e+01
1.016220090270198995e+01
4.450167249187773955e+00
4.847452475181276199e+00
4.444202410935365499e+00
5.302858989512230892e+00
5.195346909235269983e+00
1.862315743090536913e+01
6.824494653716078219e+00
2.672415670093448270e+00
1.073162653559923818e+01
3.931222823108019071e+00
1.739474430185397935e+01
4.555597261734630976e+00
1.281848760748486171e+01
4.074738408231570297e+00
1.462763811014030857e+01
4.202418782189866420e+00
6.579766648899481041e+00
6.387224323908282209e+00
2.085906374587039025e+01
8.261014807915740832e+00
1.933170790149878471e+01
7.998176848408773409e+00
1.799471054631519351e+01
2.903727255413056429e+00
7.764252353253786154e+00
4.439015185804228381e+00
6.675430865062391916e+00
1.009527897130347540e+01
4.190257157051999748e+00
6.111186272695579014e+00
1.032907062408178156e+01
5.287021044530774816e+00
7.267482231867951725e+00
6.605729268463342407e+00
4.640178873726283904e+00
3.790861773684012004e+00
4.541811202780174916e+00
1.801672965042360985e+01
8.783381599504721748e+00
3.113223040526086560e+00
8.201981352484615684e+00
1.005674248626731782e+01
1.026357390165671113e+01
5.773216207805637268e+00
7.521748673353938486e+00
6.165242649844013378e+00
4.327485744609643525e+00
5.398580457635016039e+00
6.738569800260871823e+00
3.244785545640665791e+00
4.283185804720840650e+00
8.966612270432840148e+00
6.614944010847870537e+00
9.409228956010725398e+00
6.746205583030222108e+00
