2.104845111370086674e-01
3.407929539680480679e-02
3.341744089126586631e-02
3.297180223464965532e-02
3.315277433395386053e-02
3.300120902061462469e-02
3.335485887527465942e-02
3.307935309410095504e-02
3.330404639244079895e-02
3.315934658050537220e-02
3.310271883010864474e-02
3.300451445579528909e-02
3.287972307205200284e-02
3.296531987190246676e-02
3.304043841361999773e-02
3.328406119346618425e-02
3.304515767097473272e-02
3.308992671966552723e-02
3.319159626960754145e-02
3.328026676177978788e-02
3.324942541122436618e-02
3.302415490150451688e-02
3.284871411323547069e-02
3.303157162666321006e-02
3.297637653350830172e-02
3.382658457756042292e-02
3.353633522987365528e-02
3.333669281005859075e-02
3.352585124969482272e-02
3.321895408630370916e-02
3.309530234336852811e-02
3.306376338005066057e-02
3.323900580406188854e-02
3.328776812553405767e-02
3.320481777191162248e-02
3.339083862304687705e-02
3.366150307655334240e-02
3.358496308326721497e-02
3.328708386421203730e-02
3.312472271919250644e-02
3.341918706893921148e-02
3.342626547813415394e-02
3.331430864334106179e-02
3.338354754447937084e-02
3.326941156387329401e-02
3.332356142997741633e-02
3.337087965011596713e-02
3.315499186515807883e-02
3.321719813346862837e-02
3.325218081474304310e-02
3.324445319175720059e-02
3.362356233596801997e-02
3.347994160652160989e-02
3.347232389450073564e-02
3.400944995880127164e-02
3.409162473678589017e-02
3.433557295799255504e-02
3.411129164695739929e-02
3.368291020393371360e-02
3.413953399658203186e-02
3.373896384239196550e-02
3.443701219558716053e-02
3.439332914352417198e-02
3.408785986900329801e-02
3.420034265518188260e-02
3.425216698646545155e-02
3.439330410957336381e-02
3.362665152549743769e-02
3.385509872436523460e-02
3.408363676071166776e-02
3.428063797950744312e-02
3.414687967300415045e-02
3.441140890121460044e-02
3.401420474052429394e-02
3.398591828346252119e-02
3.439469003677367992e-02
3.413425445556640681e-02
3.425669312477111483e-02
3.450991225242614618e-02
3.468733668327331210e-02
3.432143664360046142e-02
3.449286985397338745e-02
3.388827705383300887e-02
3.431132149696350386e-02
3.425907373428344754e-02
3.434839081764221036e-02
3.398713350296020397e-02
3.334322404861449901e-02
3.398110580444335671e-02
3.411589717864989962e-02
3.421338176727294761e-02
3.416946840286255033e-02
3.386896538734435885e-02
3.344782972335815646e-02
3.401681780815124512e-02
3.396717000007629106e-02
3.354503750801086231e-02
3.319674968719482644e-02
3.356273055076599426e-02
3.390301775932311884e-02
3.394005036354064836e-02
3.401018095016479503e-02
3.373553371429443420e-02
3.354550504684448292e-02
3.370152139663696450e-02
3.390487027168274242e-02
3.398325681686401034e-02
3.378893113136291482e-02
3.401519608497619723e-02
3.392982578277587563e-02
3.414235353469848716e-02
3.413623166084289728e-02
3.406112289428710888e-02
3.383019447326660045e-02
3.348388457298278470e-02
3.368809223175048967e-02
3.419326233863830694e-02
3.461074161529541227e-02
3.399299359321594077e-02
3.434760427474975453e-02
3.419774055480957059e-02
3.448575401306152449e-02
3.438673067092895552e-02
3.445690035820007241e-02
3.399314999580383551e-02
3.416009330749511519e-02
3.366791248321533009e-02
3.448538279533386319e-02
3.468612980842590565e-02
3.436421108245849704e-02
3.379761981964111289e-02
3.450606274604797047e-02
3.396100950241089100e-02
3.392192292213439681e-02
3.444471335411071478e-02
3.442476677894592413e-02
3.462962555885314847e-02
3.423774528503417680e-02
3.407007575035095326e-02
3.412942004203796398e-02
3.488848280906677035e-02
3.463704252243041820e-02
3.477018094062805237e-02
3.466844820976257291e-02
3.452570319175720520e-02
3.443326902389526323e-02
3.462416291236877774e-02
3.456346535682678495e-02
3.491184568405151373e-02
3.475658845901489352e-02
3.483717751502990456e-02
3.491423034667968939e-02
3.462976717948913763e-02
3.490796041488647417e-02
3.492634987831115534e-02
3.489308452606201122e-02
3.470257496833801386e-02
3.477988910675049172e-02
3.492798304557800243e-02
3.454479646682739186e-02
3.442990469932556002e-02
3.406649589538573997e-02
3.462537527084350725e-02
3.449899935722351013e-02
3.468176603317260631e-02
3.466424155235290488e-02
3.491494178771972767e-02
3.459132719039916676e-02
3.466717123985290500e-02
3.498459100723266824e-02
3.499209690093994102e-02
3.450297594070434598e-02
3.442662739753723361e-02
3.497540402412414873e-02
3.444459939002991050e-02
3.500610303878784468e-02
3.488407039642334173e-02
3.499088263511657831e-02
3.506554031372070140e-02
3.512522459030151256e-02
3.491988468170165866e-02
3.492420363426208818e-02
3.495908951759338357e-02
3.491324830055236861e-02
3.432581639289856296e-02
3.485803651809692150e-02
3.496882176399231101e-02
3.450615978240966636e-02
3.356955885887145941e-02
3.479042744636535317e-02
3.535000419616698975e-02
3.455863356590271190e-02
3.521526646614074607e-02
3.485473370552062689e-02
3.512310194969177346e-02
3.531002426147460821e-02
3.502882647514343056e-02
3.504838824272155789e-02
3.508291006088257169e-02
3.505755901336669866e-02
3.507328391075134610e-02
3.492505884170532537e-02
3.490482854843139637e-02
3.427854919433593467e-02
3.484640455245971435e-02
3.505460953712463690e-02
3.522005820274352883e-02
3.477888488769530911e-02
3.480350923538207825e-02
3.496403980255127081e-02
3.504896354675293008e-02
3.495626783370971852e-02
3.499787688255309726e-02
3.390115976333617914e-02
3.512977099418640448e-02
3.443389058113097839e-02
3.498839235305786083e-02
3.502369022369384438e-02
3.552078795433044611e-02
3.516808462142944486e-02
3.520316219329833879e-02
3.517921662330627391e-02
3.535800385475158791e-02
3.531144118309020863e-02
3.512411928176879805e-02
3.488440227508544933e-02
3.518082952499389932e-02
3.493585014343261741e-02
3.481972908973694075e-02
3.416051483154296936e-02
3.511091399192810270e-02
3.504385948181152483e-02
3.497910833358764543e-02
3.517307710647583213e-02
3.526872348785400207e-02
3.531862878799438277e-02
3.504131412506103493e-02
3.537462759017944575e-02
3.511606931686401395e-02
3.506293511390685957e-02
3.487548732757568548e-02
3.508274340629577437e-02
3.531158161163330117e-02
3.535725140571593927e-02
3.465387105941772350e-02
3.418969106674194652e-02
3.514926648139953674e-02
3.433616328239440935e-02
3.503582477569579939e-02
3.515721249580383567e-02
3.525895595550537082e-02
3.531587696075439570e-02
3.544697070121765464e-02
3.507419371604919567e-02
3.496088480949401806e-02
3.553919100761413624e-02
3.563241338729858376e-02
3.530439162254333380e-02
3.559827065467834756e-02
3.586927032470703380e-02
3.558135700225829867e-02
3.405608129501342535e-02
3.381679677963256997e-02
3.506870841979980308e-02
3.514166307449340804e-02
3.543429493904113464e-02
3.549524879455566440e-02
3.486574482917785545e-02
3.516893863677978543e-02
3.535597062110901190e-02
3.535564136505126714e-02
3.545011305809021157e-02
3.548226594924926841e-02
3.519635343551635875e-02
3.528593802452087425e-02
3.538853955268859985e-02
3.556527996063232194e-02
3.539529323577880748e-02
3.531871056556701999e-02
3.531926512718200351e-02
3.534584474563598477e-02
3.481865048408508412e-02
3.534155797958374312e-02
3.545000338554381986e-02
3.527465271949768028e-02
3.545870876312255671e-02
3.539165472984313887e-02
3.537334656715392794e-02
3.588699698448181291e-02
3.525249242782593079e-02
3.559094905853271706e-02
3.550824332237243613e-02
3.568317818641662809e-02
3.527632045745849459e-02
3.551687407493591547e-02
3.588958215713500960e-02
3.513020944595336703e-02
3.535207986831664928e-02
3.563529944419861067e-02
3.549749612808227733e-02
3.573146486282348377e-02
3.569959640502929493e-02
3.563392925262451327e-02
3.591390275955200218e-02
3.587424921989441212e-02
3.571108365058899003e-02
3.566123270988464516e-02
3.558563327789306813e-02
3.520267748832702631e-02
3.544336509704589661e-02
3.572859430313110596e-02
3.570754146575928073e-02
3.583585619926452775e-02
3.515491914749145630e-02
3.545907211303710865e-02
3.515304255485534463e-02
3.563115143775939797e-02
3.555606865882873779e-02
3.568408012390136830e-02
3.539954876899719521e-02
3.551679110527038857e-02
3.534808802604675476e-02
3.560898876190185525e-02
3.609399390220641851e-02
3.563238978385925571e-02
3.587872266769408930e-02
3.563826966285705417e-02
3.549680590629577387e-02
3.501879858970641940e-02
3.537164306640624978e-02
3.539661550521850525e-02
3.582919239997863631e-02
3.578158831596374434e-02
3.560522508621215970e-02
3.526360344886779463e-02
3.526332712173461947e-02
3.579770231246948153e-02
3.585924935340881192e-02
3.579461407661437694e-02
3.545480704307556186e-02
3.586536431312561252e-02
3.537149286270141468e-02
3.428892421722411904e-02
3.575678014755249295e-02
3.575276827812194635e-02
3.599518346786498985e-02
3.563411760330199851e-02
3.555209279060363853e-02
3.597304201126098888e-02
3.576150727272033730e-02
3.587948918342589999e-02
3.558877992630005149e-02
3.556402420997619579e-02
3.565612554550171009e-02
3.562167453765869435e-02
3.556023168563842568e-02
3.596174383163452254e-02
3.584560251235961725e-02
3.573845410346984663e-02
3.560348558425903420e-02
3.573214459419250810e-02
3.572780728340149009e-02
3.573672199249267739e-02
3.574813127517700168e-02
3.573289680480957325e-02
3.608447408676147133e-02
3.621404242515564170e-02
3.575271081924438765e-02
3.561115169525146812e-02
3.598503160476684837e-02
3.576991224288940396e-02
3.622911334037780956e-02
3.615854859352111983e-02
3.610269069671630943e-02
3.598572683334350791e-02
3.543702697753906006e-02
3.536123681068420455e-02
3.613260793685912908e-02
3.588791155815124201e-02
3.591045284271240229e-02
3.576577830314636025e-02
3.542143321037292264e-02
3.589692187309265203e-02
3.602738165855407654e-02
3.579246211051941018e-02
3.560338807106017828e-02
3.553794384002685602e-02
3.577155017852783059e-02
3.580425834655761447e-02
3.598020052909851191e-02
3.544599223136901678e-02
3.530703854560852256e-02
3.551929974555969455e-02
3.539946436882018821e-02
3.557548260688781633e-02
3.599473977088928078e-02
3.563664197921753013e-02
3.550251626968383561e-02
3.569483828544616627e-02
3.513559317588806075e-02
3.573248457908630160e-02
3.591877651214599870e-02
3.597497963905334217e-02
3.593924450874328574e-02
3.564149403572082486e-02
3.557404923439026062e-02
3.580984258651733615e-02
3.583445596694946611e-02
3.437053918838500755e-02
3.498899722099304416e-02
3.605058002471923928e-02
3.477078390121460250e-02
3.567384147644042658e-02
3.585255289077758645e-02
3.587017989158630682e-02
3.582529568672180448e-02
3.583774638175964145e-02
3.581000876426696650e-02
3.609903645515442211e-02
3.597728347778320068e-02
3.592061424255370977e-02
3.586179041862487538e-02
3.583425569534301469e-02
3.581396436691284407e-02
3.524450540542602844e-02
3.574784159660339411e-02
3.615755534172058333e-02
3.582206749916076738e-02
3.576316404342651245e-02
3.586379623413085693e-02
3.587190866470336970e-02
3.600130724906921292e-02
3.620793890953064031e-02
3.592724061012268072e-02
3.511154818534851368e-02
3.566814184188842746e-02
3.597132205963134849e-02
3.606153297424316562e-02
3.579107069969177102e-02
3.600488901138305942e-02
3.604434847831725769e-02
3.618709397315979237e-02
3.592268633842467945e-02
3.577547430992126382e-02
3.605189490318298079e-02
3.597836494445801059e-02
3.630194687843323054e-02
3.558741521835327021e-02
3.583306860923766990e-02
3.493102931976318354e-02
3.569586086273193043e-02
3.607357740402221402e-02
3.626049160957336287e-02
3.589509606361389327e-02
3.621390080451965254e-02
3.612491416931152416e-02
3.578574395179748291e-02
3.584433293342590560e-02
3.478152060508728216e-02
3.483471798896789484e-02
3.491923499107360551e-02
3.476411819458007785e-02
3.537172126770019714e-02
3.599343419075012179e-02
3.589997935295104886e-02
3.588098788261413763e-02
3.565219092369079773e-02
3.613925886154174816e-02
3.581846284866332941e-02
3.616404581069946472e-02
3.561584234237671204e-02
3.584150743484497414e-02
3.588773608207702914e-02
3.596303677558899264e-02
3.608906793594360285e-02
3.624386358261108554e-02
3.603775954246520724e-02
3.578077411651611056e-02
3.567103290557861045e-02
3.637760901451110584e-02
3.596124458312988104e-02
3.614582109451294073e-02
3.632085323333740512e-02
3.618920207023620939e-02
3.623066544532775601e-02
3.593899393081664839e-02
3.594116234779357738e-02
3.584716725349425953e-02
3.611470222473144726e-02
3.664370918273925776e-02
3.656730675697326960e-02
3.604161334037780939e-02
3.581991219520568731e-02
3.584329843521118220e-02
3.573301959037780695e-02
3.601137614250183444e-02
3.631213593482970903e-02
3.619502997398376526e-02
3.576716518402099643e-02
3.411209940910339689e-02
3.618166351318359564e-02
3.470688295364379727e-02
3.616103029251098444e-02
3.585920739173888844e-02
3.621798872947692982e-02
3.599404954910278426e-02
3.593166685104370178e-02
3.636736869812011441e-02
3.587012290954590121e-02
3.653965616226196450e-02
3.619323325157165760e-02
3.619381999969482205e-02
3.590505647659301969e-02
3.603274059295654558e-02
3.623493862152099565e-02
3.651197504997253512e-02
3.623064589500427091e-02
3.598043107986450412e-02
3.563667368888855103e-02
3.620817685127258184e-02
3.585053086280822615e-02
3.639209437370300587e-02
3.634120965003967418e-02
3.627460193634033520e-02
3.653412747383117526e-02
3.638352799415588146e-02
3.611649560928344854e-02
3.611320304870605652e-02
3.638941550254821966e-02
3.615813350677490184e-02
3.642691540718078630e-02
3.618258023262024142e-02
3.595524311065673856e-02
3.629008674621581748e-02
3.651481962203979165e-02
3.645463967323302884e-02
3.620739817619323536e-02
3.630256199836730951e-02
3.607269549369811895e-02
3.615990185737610191e-02
3.617136764526367176e-02
3.622258043289184465e-02
3.665919351577758695e-02
3.622290611267089955e-02
3.618629741668701050e-02
3.625314450263977112e-02
3.592567133903503546e-02
3.677602076530456232e-02
3.629704236984252624e-02
3.616707801818847684e-02
3.621443271636962807e-02
3.504449963569641197e-02
3.637773704528808605e-02
3.617841815948486667e-02
3.663180184364318859e-02
3.530216288566589283e-02
3.661214518547058205e-02
3.661377859115600569e-02
3.627368402481079279e-02
3.653803181648254683e-02
3.661719632148742465e-02
3.693545866012572926e-02
3.674839282035827909e-02
3.692320132255554055e-02
3.663833069801330361e-02
3.678935384750366133e-02
3.658870458602905135e-02
3.607917165756225480e-02
3.647251367568969671e-02
3.535048246383667297e-02
3.614538145065307462e-02
3.575727176666259471e-02
3.603791522979736539e-02
3.535779118537903110e-02
3.548879218101501365e-02
3.370454359054565752e-02
3.517066168785094871e-02
3.582045221328735568e-02
3.596847653388977190e-02
3.574619245529174483e-02
3.534278440475464161e-02
3.605932784080505271e-02
3.588551831245422041e-02
3.571425271034240484e-02
3.609241509437560724e-02
3.586228013038635087e-02
3.584733390808105685e-02
3.579126834869384571e-02
3.434710097312927007e-02
3.487814855575561285e-02
3.626935529708862072e-02
3.582569909095763977e-02
3.548870515823364380e-02
3.550152635574340548e-02
3.589768791198730269e-02
3.582201766967773454e-02
3.593128681182861106e-02
3.567533469200134116e-02
3.592783379554748829e-02
3.565655279159545693e-02
3.540636634826660467e-02
3.599393534660339650e-02
3.560069203376770020e-02
3.596996593475342008e-02
3.583296990394592429e-02
3.586757111549377514e-02
3.583659958839416348e-02
3.607369089126587214e-02
3.637793397903442416e-02
3.565960073471069469e-02
3.596861791610717757e-02
3.580875968933105308e-02
3.587936472892760964e-02
3.585160064697265336e-02
3.582771277427673068e-02
3.608350658416747958e-02
3.597975277900695990e-02
3.572123456001281838e-02
3.616952896118164062e-02
3.599461150169372403e-02
3.627886152267455894e-02
3.623266744613647117e-02
3.648691153526305991e-02
3.620326352119445507e-02
3.608946752548217868e-02
3.607093930244445468e-02
3.548205685615539451e-02
3.583305954933166393e-02
3.589780092239380077e-02
3.596834468841552529e-02
3.580078530311584656e-02
3.538292145729064753e-02
3.498077964782714960e-02
3.617026901245116999e-02
3.623344755172729775e-02
3.620824217796325684e-02
3.608014082908630321e-02
3.433871054649353244e-02
3.613429379463195534e-02
3.578082346916199030e-02
3.603908181190490501e-02
3.591484832763671559e-02
3.646818733215331787e-02
3.614750432968139721e-02
3.601365947723388777e-02
3.577381849288940180e-02
3.614667510986328131e-02
3.603923535346984647e-02
3.624583983421325595e-02
3.635453581809997697e-02
3.600864672660827881e-02
3.640206027030944841e-02
3.648524427413940563e-02
3.600673484802246332e-02
3.615783667564392151e-02
3.623543310165405068e-02
3.568002915382385148e-02
3.620548152923584034e-02
3.602803373336792292e-02
3.654232835769653104e-02
3.640456199645995816e-02
3.626852893829345809e-02
3.630626630783081316e-02
3.619311380386352334e-02
3.475388240814208940e-02
3.654598760604858138e-02
3.634558033943176281e-02
3.558067774772644132e-02
3.437851643562316734e-02
3.587827515602112077e-02
3.582714366912841814e-02
3.611251473426818626e-02
3.621898984909057567e-02
3.639611792564392129e-02
3.457800745964050015e-02
3.537371683120727611e-02
3.588890790939330833e-02
3.596636271476745528e-02
3.601403713226318526e-02
3.635786104202270302e-02
3.608269071578979609e-02
3.642070817947387629e-02
3.624585795402526789e-02
3.588848018646240146e-02
3.666221642494201655e-02
3.642837786674499312e-02
3.611163616180419755e-02
3.635956120491028176e-02
3.612680935859680087e-02
3.611246323585510370e-02
3.588568902015686068e-02
3.605134034156799033e-02
3.608915615081786932e-02
3.624123930931091170e-02
3.633677625656128035e-02
3.628817415237426541e-02
3.684398913383483964e-02
3.677389550209045344e-02
3.599164843559265331e-02
3.626033043861388860e-02
3.642101097106933277e-02
3.593877148628234902e-02
3.641072058677673196e-02
3.612370562553406106e-02
3.642197942733764460e-02
3.649834132194518937e-02
3.646398758888244607e-02
3.653102803230285495e-02
3.602981472015381187e-02
3.575984072685241960e-02
3.484570646286010848e-02
3.620099401473998724e-02
3.644077157974243142e-02
3.692769837379455272e-02
3.683324432373046714e-02
3.661389636993408331e-02
3.624325895309448570e-02
3.626105976104736228e-02
3.665909671783447454e-02
3.639891242980956843e-02
3.634347391128540244e-02
3.609639167785644309e-02
3.647781634330749673e-02
3.588831400871277111e-02
3.651817321777343917e-02
3.655952668190002447e-02
3.596718978881836143e-02
3.671574401855468711e-02
3.638773250579833973e-02
3.635321331024170266e-02
3.659041166305541937e-02
3.678622436523437678e-02
3.630643343925476357e-02
3.635578989982604647e-02
3.634328889846801663e-02
3.653490734100341836e-02
3.660054826736450218e-02
3.688555192947387540e-02
3.635908651351928839e-02
3.600376534461974948e-02
3.663732838630676114e-02
3.631991219520568775e-02
3.607788848876953419e-02
3.505962681770324885e-02
3.494005179405212241e-02
3.589953422546386663e-02
3.628116106986999795e-02
3.631197261810302501e-02
3.644763541221618386e-02
3.637448930740356384e-02
3.651616001129150135e-02
3.664340758323669095e-02
3.651960587501525829e-02
3.669330692291259549e-02
3.641979026794433388e-02
3.644358348846435391e-02
3.644412922859192189e-02
3.668972754478454917e-02
3.657062911987304932e-02
3.663449335098266368e-02
3.661115503311157537e-02
3.524182748794555536e-02
3.541162514686584800e-02
3.572712230682373313e-02
3.655578160285949396e-02
3.562670803070068504e-02
3.660925984382629172e-02
3.668203544616699396e-02
3.695132827758788874e-02
3.697258234024047852e-02
3.626687121391296287e-02
3.662295842170715243e-02
3.647171998023986811e-02
3.676441502571105996e-02
3.678758621215820479e-02
3.627805018424987843e-02
3.638886499404907215e-02
3.663913059234619185e-02
3.643646860122680409e-02
3.645783686637878163e-02
3.651592707633972285e-02
3.667384958267212031e-02
3.666970014572143444e-02
3.652752542495727589e-02
3.656719589233398127e-02
3.661412549018859541e-02
3.688280820846557423e-02
3.693369245529174588e-02
3.696166205406188621e-02
3.634048748016357328e-02
3.634689593315124784e-02
3.604649066925048884e-02
3.628539538383483698e-02
3.629699468612671009e-02
3.645168662071227722e-02
3.713028407096862632e-02
3.698892450332641468e-02
3.642891263961792192e-02
3.660192584991454889e-02
3.660808634757995589e-02
3.626445150375365994e-02
3.651059293746948542e-02
3.616330528259277532e-02
3.702025413513183871e-02
3.671684932708740162e-02
3.673167610168456831e-02
3.679093265533447260e-02
3.500414991378784230e-02
3.507106280326843101e-02
3.670747017860412353e-02
3.695367908477783375e-02
3.679494667053222895e-02
3.700407028198242354e-02
3.634388637542724371e-02
3.666409230232238470e-02
3.634691548347473294e-02
3.665383386611938132e-02
3.652662324905395219e-02
3.669382882118225192e-02
3.659279537200927496e-02
3.691247415542602689e-02
3.667430305480957192e-02
3.688937377929687317e-02
3.701879549026489136e-02
3.658008623123169128e-02
3.620252037048339588e-02
3.662324070930481068e-02
3.661639857292175310e-02
3.614371967315673645e-02
3.681652975082397306e-02
3.706170177459716664e-02
3.694378304481506226e-02
3.651925945281982167e-02
3.634173369407654036e-02
3.695070457458496382e-02
3.573688840866089123e-02
3.663937711715697931e-02
3.672216296195984081e-02
3.665917372703552529e-02
3.704516649246215876e-02
3.710206103324890231e-02
3.659552168846130077e-02
3.638205718994140525e-02
3.681439661979675482e-02
3.689786219596862676e-02
3.663987803459167747e-02
3.684171628952026545e-02
3.634902739524841636e-02
3.675916075706481961e-02
3.689398145675659019e-02
3.656701159477233898e-02
3.714717698097229348e-02
3.634486889839172452e-02
3.683201456069946228e-02
3.698737001419067499e-02
3.684298491477966397e-02
3.554150295257568065e-02
3.643415188789368014e-02
3.654472279548644925e-02
3.672014641761779663e-02
3.664289069175720448e-02
3.715736889839172524e-02
3.660671377182006525e-02
3.697372364997864036e-02
3.679015398025512612e-02
3.658945345878601013e-02
3.674868249893188665e-02
3.676662778854369873e-02
3.683719515800475824e-02
3.657441163063049339e-02
3.677331018447876215e-02
3.700930142402648892e-02
3.679893994331359663e-02
3.713330531120300620e-02
3.632754731178283736e-02
3.593475675582885609e-02
3.631807994842529280e-02
3.675513577461242409e-02
3.723123455047607638e-02
3.682395410537719904e-02
3.710484480857849376e-02
3.677610158920287947e-02
3.654364252090454290e-02
3.675807094573974726e-02
3.683549761772155623e-02
3.668331146240234181e-02
3.700238823890686368e-02
3.698734569549560341e-02
3.629188823699951161e-02
3.699219012260437228e-02
3.669125175476074113e-02
3.660918235778808788e-02
3.674936795234680365e-02
3.734640550613403664e-02
3.685646152496337841e-02
3.708402633666992021e-02
3.686600375175476396e-02
3.707967472076416360e-02
3.691196489334106628e-02
3.632840490341186779e-02
3.705781435966491733e-02
3.695153474807739286e-02
3.673373246192931929e-02
3.708699154853820762e-02
3.711410498619079762e-02
3.738840198516845542e-02
3.692301726341247481e-02
3.688521170616149841e-02
3.719661903381348000e-02
3.697513389587402111e-02
3.695981955528259560e-02
3.724166083335876676e-02
3.663956856727600131e-02
3.697184133529662908e-02
3.698016238212585571e-02
3.720273447036743369e-02
3.745064258575439564e-02
3.652454543113708291e-02
3.705959439277648620e-02
3.699239087104797680e-02
3.700833082199096735e-02
3.686579871177673301e-02
3.681148457527160661e-02
3.730944085121154496e-02
3.703843545913696605e-02
3.719897699356079085e-02
3.779962491989135448e-02
3.756935620307922524e-02
3.688997030258178711e-02
3.693597483634948608e-02
3.754468131065368669e-02
3.680625462532043785e-02
3.702089500427246244e-02
3.700805830955505166e-02
3.714178228378296059e-02
3.681499695777892822e-02
3.690485119819641308e-02
3.710495066642761214e-02
3.667846441268921009e-02
3.692662119865417619e-02
3.711160850524902050e-02
3.724683570861816312e-02
3.710621094703674128e-02
3.704796600341796892e-02
3.704913067817688227e-02
3.688996934890747398e-02
3.710091590881347406e-02
3.694447922706604187e-02
3.760683703422546681e-02
3.686496424674987754e-02
3.705225372314453064e-02
3.711016750335693198e-02
3.660189676284789778e-02
3.750687885284424011e-02
3.730066084861755060e-02
3.682285809516906705e-02
3.725147700309753424e-02
3.734077453613281194e-02
3.682745552062988148e-02
3.728791546821594305e-02
3.741500830650329457e-02
3.707288455963134860e-02
3.703222346305846957e-02
3.655656433105469033e-02
3.702716469764709417e-02
3.726595020294189153e-02
3.682190036773681785e-02
3.717185163497924855e-02
3.725610065460205345e-02
3.721949219703674094e-02
3.721436524391174422e-02
3.741888284683227844e-02
3.672248864173888877e-02
3.694096040725707714e-02
3.704732179641723883e-02
3.742983651161194136e-02
3.723852443695068598e-02
3.725428605079651040e-02
3.736834359169006331e-02
3.687529468536376864e-02
3.700088882446288946e-02
3.718247365951538042e-02
3.680349683761596769e-02
3.524300527572631764e-02
3.740562367439270036e-02
3.714587521553039395e-02
3.724780464172363498e-02
3.513771796226501654e-02
3.710967516899108670e-02
3.715541315078735307e-02
3.660869026184081915e-02
3.724670886993407953e-02
3.726911211013794051e-02
3.688851666450500277e-02
3.746854305267333790e-02
3.749731373786926308e-02
3.739029765129089217e-02
3.709803462028503362e-02
3.733435153961181530e-02
