1.473888780358652184e+02
1.715834641285833584e+02
1.832305243075249166e+02
1.673731548851391153e+02
1.783367657446662804e+02
1.757081288210154923e+02
1.634031777086392196e+02
1.505566971225778730e+02
1.295105513518885800e+02
1.208459745538947629e+02
1.173554568951309847e+02
1.191095777556389095e+02
1.276592570777529687e+02
1.244253241341235707e+02
1.254908121529786911e+02
1.285605427093699973e+02
1.342593695395976283e+02
1.291684763227002861e+02
1.270132867425635368e+02
1.127723404284528499e+02
1.284894543838533991e+02
1.091832564591654489e+02
1.348793584481162213e+02
1.324455631886802962e+02
1.319622805700474544e+02
1.188848247231288724e+02
1.126985474148317508e+02
1.264957338050111701e+02
9.850065535827195617e+01
1.168343408868958164e+02
1.142520938480097783e+02
1.062712402813602210e+02
9.974498410704771345e+01
1.006376334563474870e+02
8.204493683838134643e+01
1.030958524898857434e+02
1.030565728882038883e+02
8.990780457029570982e+01
8.192958387944383958e+01
1.189729686087646741e+02
1.054823882649890550e+02
1.157194038019310227e+02
1.218424218018804908e+02
1.171848555929293241e+02
1.138505273977034307e+02
1.215128813548933806e+02
9.021253565730860657e+01
8.557774073944382565e+01
8.765546584350529713e+01
7.562482765583818889e+01
7.099324143919690755e+01
9.237362966690704980e+01
6.648369316247740812e+01
6.394812243147066511e+01
5.395499300045347013e+01
4.329561486970982997e+01
5.615106200306725981e+01
4.037276785621154573e+01
5.408852540737152026e+01
4.226491575531599665e+01
3.539522314303311390e+01
3.374500967227097448e+01
5.271430940407054067e+01
3.999321619502639891e+01
3.480012810275398749e+01
3.992617056809873333e+01
4.010279775739930841e+01
4.892795340669224657e+01
4.014751600670280141e+01
2.634658991833500252e+01
4.092510334642212655e+01
3.289931486506042546e+01
2.374802422754358844e+01
2.585491742891801792e+01
4.061741885744255853e+01
2.706231433815739607e+01
3.168705183161166872e+01
2.720390650820288059e+01
4.038059470804018503e+01
2.396772283030034600e+01
2.009169461853503691e+01
2.753296979644479947e+01
2.290232726128936136e+01
2.341410400480319609e+01
3.268047141261575916e+01
1.887999412435760505e+01
1.993655407463239015e+01
1.916713530669474252e+01
3.602363191941477538e+01
2.461780148192660889e+01
3.216774126412499868e+01
2.245555015437857449e+01
2.607323799509559947e+01
3.176699330596463611e+01
3.184354190871379586e+01
2.151032228760886156e+01
2.634163600005374306e+01
3.626114157894634360e+01
1.709853991461257650e+01
2.067133764069782842e+01
2.475575782374195910e+01
3.411997769688554172e+01
2.300591859390279126e+01
2.294274592445999517e+01
1.767897919252164840e+01
2.547165512522141384e+01
2.090626545541043768e+01
1.955805991642801800e+01
2.078757544167179461e+01
1.767724046770847579e+01
3.550452866921049377e+01
3.418847070742833694e+01
1.881049640098112619e+01
1.794265478823503912e+01
2.086210217711794357e+01
2.809098340573870090e+01
1.946361574346648737e+01
2.474878991898376412e+01
2.268042815051025940e+01
2.359780227302528743e+01
2.632659227263862078e+01
1.770228242994475565e+01
1.288045268938684984e+01
2.328242553384860614e+01
2.350726055845372287e+01
1.881819044570275778e+01
1.886075669236959484e+01
1.506742997113539140e+01
1.472900531419376868e+01
1.575085176326767389e+01
2.369985170957265552e+01
3.227230340499605887e+01
2.558815092098130961e+01
1.573824689177478398e+01
2.387304505081102945e+01
2.340700721274223639e+01
3.147927432054184393e+01
1.561932864667536514e+01
1.740696963018269372e+01
2.004820969452206114e+01
2.581081765893526025e+01
1.727938333594757836e+01
1.668726988401810729e+01
9.798467339273837950e+00
1.434134621259074116e+01
4.229716949571590590e+01
7.849166953424469462e+00
1.643984462838700722e+01
2.694560004331060199e+01
1.713582097990902042e+01
1.812251349840087755e+01
1.846885762564764377e+01
2.570602655553121707e+01
1.897305783770548260e+01
1.527658336543115247e+01
1.611560188124220971e+01
1.546512542211343266e+01
1.536633609707595838e+01
1.561806875862788502e+01
1.631333311810784537e+01
1.940175980893784313e+01
1.945602087293449145e+01
2.114599496624511232e+01
2.150128409864930745e+01
1.993547998579839131e+01
1.510653087431168728e+01
1.125616860815576636e+01
1.376506396309872571e+01
1.699998902219112296e+01
1.619483885451491290e+01
1.646108096899605044e+01
3.082486266391550345e+01
1.489496367346504080e+01
1.961436357608368297e+01
1.488946956985636128e+01
2.710941047209306376e+01
1.449767119617271049e+01
1.720433338051230976e+01
2.021752238793609635e+01
1.644436450696750285e+01
1.059777111707033725e+01
1.664358229722267524e+01
1.612090037237218709e+01
1.202792277140285115e+01
1.389129534676180633e+01
1.754205752057939449e+01
1.381250475801057398e+01
1.311106147195659055e+01
1.279573315312368820e+01
1.432487340234334638e+01
1.796857709997274455e+01
1.346373496082019727e+01
1.788466685720122484e+01
8.298055011149385152e+00
3.112885561067628615e+01
1.941198601338147256e+01
1.278550046905604098e+01
2.146886272593318878e+01
2.397864174546128879e+01
1.301353195232755766e+01
1.168089071441612603e+01
1.467805888072870601e+01
1.698871526816252953e+01
2.139946386198801775e+01
2.036819894078108817e+01
1.099218249075205556e+01
1.177289068808971173e+01
1.850577724699080662e+01
8.151483520215997203e+00
1.498437666017092340e+01
1.714718704321792231e+01
8.486373864443699233e+00
1.247556807609853813e+01
1.228024514387139732e+01
1.266248970442867794e+01
1.701720554844051136e+01
2.007334412295372061e+01
1.593057950977556203e+01
1.046194902066109123e+01
1.700924640078582328e+01
1.056475077479601943e+01
8.569996209706374657e+00
6.821344267923144855e+00
1.441445949735595988e+01
1.044331985368290638e+01
1.607589710123318838e+01
9.589902795430377935e+00
9.756237075560120431e+00
1.219176925356275376e+01
2.400664777356480428e+01
2.141057749928241449e+01
1.314557003604919316e+01
1.126910758388054035e+01
1.075823025936724164e+01
1.565060968594531943e+01
1.214569766023167219e+01
1.177750207829790874e+01
1.794138173195350561e+01
1.225956617858135544e+01
1.760283598860372578e+01
8.821637622939119794e+00
9.359339535067745075e+00
1.149527965850438882e+01
1.504794426980389233e+01
1.274844393126406139e+01
9.062402745750507194e+00
2.464801021788953150e+01
1.662832291901446879e+01
1.437564533860897242e+01
8.807465049218139441e+00
1.283108003774344752e+01
1.146711929836870425e+01
1.218748977479728346e+01
1.211660917061673537e+01
1.493972447486665800e+01
1.283053463486778689e+01
1.019997709228550953e+01
8.910286691760363809e+00
1.081060687570956347e+01
1.127187725022094078e+01
1.631098789027155505e+01
1.256511050369676497e+01
7.864136746289977609e+00
1.342097223147220930e+01
6.324121837108945599e+00
8.611179909803377441e+00
5.279881858959536878e+00
1.016790940424720269e+01
8.199708419529303072e+00
9.794953428298978082e+00
8.158902923244371053e+00
8.211521808238035902e+00
9.528581314420785375e+00
7.034238033114516675e+00
1.309526870338141435e+01
1.543895327110410065e+01
9.605369590908075850e+00
7.723404416594579658e+00
1.204163923104865219e+01
9.313206727237451688e+00
1.161947779287421945e+01
1.117299718532082053e+01
5.702280775645253819e+00
1.066274715546107288e+01
1.034375990715954430e+01
1.240303992562880531e+01
1.326130147593733177e+01
9.689143274203750877e+00
9.620197344841237452e+00
7.871199993112280247e+00
1.124063180275958196e+01
1.371027885039796423e+01
1.119905642308266280e+01
9.490995311944661950e+00
9.715056569127156649e+00
9.318017326175237258e+00
7.145009023367821399e+00
1.126243325964830611e+01
8.110734014512170020e+00
8.881315189698836932e+00
1.286572249657827172e+01
1.219010255530077202e+01
9.494578783594056048e+00
1.183483277232273778e+01
9.412404590613265398e+00
6.689569755046234079e+00
8.470106954221353845e+00
1.087445283363612170e+01
1.051476437011142551e+01
9.301300569371960592e+00
1.069323786107051966e+01
8.264553157928384408e+00
1.367477530929653540e+01
6.174504681491472802e+00
7.269482229173483745e+00
9.494432593541633381e+00
7.174492365867487287e+00
7.643198662220830997e+00
8.646411701766663072e+00
1.066543885723050167e+01
9.077961217376872227e+00
1.801934615752715274e+01
8.108041117482644111e+00
1.017771839894738939e+01
1.666660988760652273e+01
1.289666067216093204e+01
9.549183605087538496e+00
7.725600974208133742e+00
7.387402283146827564e+00
7.582623162739253075e+00
8.609366186928681941e+00
1.153788732935425010e+01
7.937034749761068042e+00
1.006983283684965791e+01
8.028260903574532037e+00
8.954689763155821325e+00
1.458738285893828213e+01
7.661818607712945983e+00
1.093064285814647896e+01
8.962577547831012126e+00
8.599510258899973891e+00
1.273096862286269193e+01
8.705800472172928295e+00
9.282846536012922201e+00
8.674184550334151922e+00
1.177227775933215348e+01
1.822601408917702770e+01
8.321734917313325042e+00
6.593777825666795600e+00
8.354123650469725604e+00
8.859771149332225093e+00
6.513261420942536795e+00
1.046604789523585133e+01
1.245239362142710959e+01
7.439786682740347601e+00
1.059182279623641065e+01
1.199626850752097695e+01
5.796474419212310991e+00
9.862912653555232723e+00
9.016641849363230321e+00
7.044698449264462425e+00
6.634989817198798434e+00
1.157071592558692430e+01
6.910197306560329267e+00
1.071652551682993249e+01
8.024916735807405388e+00
1.035820708660362222e+01
8.382200461259008861e+00
7.815585911748343939e+00
8.637192749174580797e+00
7.446774659799216600e+00
1.016971312968195207e+01
9.027133367004132936e+00
6.772836420310111016e+00
9.860918351607111276e+00
7.773297758148406622e+00
1.076104703050648226e+01
1.683089804318244376e+01
5.511275055631513986e+00
7.230657081471300707e+00
9.390104071460839918e+00
5.559571755188481568e+00
1.111606298868056086e+01
6.424867243641904757e+00
1.005937552896622833e+01
1.542674360738026351e+01
9.807583330213381245e+00
6.643490816464329818e+00
4.504485468852479357e+00
7.942289185287761732e+00
7.027316060170923251e+00
6.240492560687187940e+00
7.412008635939192125e+00
1.327429592430040906e+01
1.088386212621489868e+01
6.725352303861524383e+00
7.719528862719410078e+00
8.353404400648132722e+00
6.490332006485566296e+00
8.317147520454042819e+00
1.260636177899189470e+01
6.095215865329621785e+00
1.068211258306562073e+01
5.228683478976559051e+00
1.074181607211319012e+01
7.031970884978452574e+00
1.113618641769195605e+01
1.021291169412907252e+01
3.874539982578858677e+00
7.763666861850265555e+00
8.631101212480254858e+00
5.038936999741054024e+00
5.815402532774186284e+00
7.607611788530606489e+00
8.935746487943035277e+00
9.041528502842082204e+00
1.081513541516653376e+01
9.126837464620569662e+00
8.282073524924634000e+00
6.111691226925295872e+00
7.405756254566476571e+00
1.177433378211580894e+01
6.733337360917506231e+00
1.225866702276590203e+01
7.970151096158687665e+00
7.903122777837134905e+00
8.172949352545847646e+00
4.710838057030199089e+00
6.275530362566132503e+00
6.528024962582448687e+00
8.234362177758526968e+00
4.390900145238171071e+00
7.700595928468207063e+00
8.363925178261730764e+00
1.052726827892887940e+01
6.259212627029040021e+00
8.183105944188366010e+00
1.240816727209785064e+01
1.193619129383010424e+01
5.016347391995412686e+00
1.413816739071042861e+01
5.046846349411696409e+00
6.751656833908334043e+00
1.024898666965378702e+01
9.025485453561461924e+00
1.172637183037007347e+01
1.024564494589977137e+01
6.014656783994128730e+00
1.253970716032337229e+01
1.123942906415809517e+01
5.988124206410156525e+00
5.940743529732059436e+00
7.707935467084081615e+00
5.862621477013727933e+00
7.417889986405161729e+00
6.766391551203538413e+00
7.671451389390848696e+00
5.952563370734222481e+00
1.050207662241942863e+01
7.210272879080890540e+00
9.843044905973481917e+00
8.336312352316950225e+00
9.940681696355328612e+00
5.471164701844520195e+00
9.257019860367838859e+00
5.436362180782658093e+00
6.998733477140316239e+00
6.070795977644120711e+00
6.492357181299603042e+00
6.850436386689908730e+00
6.537020059582193454e+00
1.164622220360029026e+01
5.651367288370820141e+00
7.297088985190869792e+00
