3.646621901988983394e-01
1.514068346023559608e-01
1.500082399845123204e-01
1.494389295578003041e-01
1.493188009262085003e-01
1.489991152286529452e-01
1.491567444801330522e-01
1.492458236217498735e-01
1.492181162834167463e-01
1.491106102466583372e-01
1.492670547962188787e-01
1.494101574420929057e-01
1.495124154090881341e-01
1.494243018627166852e-01
1.494286060333251953e-01
1.495637974739074672e-01
1.493407645225524882e-01
1.494346072673797543e-01
1.495045874118804963e-01
1.494788651466369689e-01
1.496611988544463978e-01
1.497940790653228826e-01
1.496975107192993204e-01
1.493164050579071089e-01
1.495262653827667265e-01
1.507616288661956794e-01
1.503309876918792753e-01
1.506827032566070423e-01
1.505653629302978469e-01
1.504480645656585680e-01
1.506314713954925444e-01
1.501894364356994582e-01
1.509481837749481192e-01
1.505882430076599110e-01
1.513418071269989063e-01
1.503625218868255564e-01
1.504279770851135178e-01
1.508565690517425506e-01
1.506894080638885580e-01
1.508251464366912875e-01
1.506374871730804532e-01
1.510552809238433769e-01
1.509303059577941919e-01
1.512689521312713670e-01
1.517126903533935478e-01
1.504298229217529426e-01
1.511583254337310889e-01
1.510053377151489296e-01
1.510458769798278811e-01
1.507975242137908900e-01
1.512985110282897838e-01
1.513429801464080682e-01
1.508233926296234095e-01
1.511411318778991819e-01
1.509723930358886634e-01
1.513144216537475606e-01
1.508238680362701534e-01
1.509567375183105409e-01
1.514858896732330373e-01
1.512626852989196746e-01
1.515631573200225957e-01
1.506393413543701265e-01
1.514783279895782486e-01
1.512578139305114644e-01
1.501641011238098178e-01
1.498252804279327499e-01
1.502601666450500417e-01
1.499857723712921254e-01
1.500209586620330771e-01
1.507367186546325621e-01
1.499225518703460602e-01
1.502147593498230072e-01
1.502528328895568754e-01
1.504614500999450766e-01
1.501826796531677277e-01
1.503007786273956314e-01
1.495628199577331563e-01
1.501448574066162056e-01
1.496577110290527313e-01
1.487149543762207038e-01
1.490889868736267054e-01
1.499436790943145803e-01
1.491894030570983798e-01
1.513347477912902750e-01
1.507703018188476518e-01
1.503029544353485236e-01
1.502138574123382531e-01
1.507173793315887411e-01
1.504855704307556108e-01
1.500868396759033330e-01
1.506920659542083651e-01
1.504625995159149243e-01
1.505924592018127450e-01
1.506708936691284195e-01
1.501082434654235909e-01
1.506288578510284470e-01
1.507743132114410523e-01
1.504076874256133900e-01
1.502743291854858332e-01
1.503216691017150997e-01
1.508151371479034553e-01
1.501530468463897761e-01
1.501210787296295146e-01
1.493617293834686166e-01
1.501273767948150539e-01
1.504360978603362931e-01
1.504999024868011459e-01
1.509660737514495754e-01
1.507302033901214700e-01
1.515063409805297856e-01
1.504839479923248402e-01
1.519839661121368535e-01
1.502234680652618504e-01
1.507278695106506472e-01
1.509599668979644815e-01
1.506898422241211011e-01
1.505673563480377231e-01
1.507436747550964240e-01
1.506155321598053043e-01
1.504056792259216291e-01
1.511156494617462154e-01
1.507961943149566664e-01
1.510098876953125113e-01
1.512934765815734939e-01
1.504052112102508554e-01
1.516194083690643180e-01
1.516630010604858303e-01
1.509617502689361568e-01
1.513774642944336057e-01
1.508591904640197712e-01
1.508766777515411495e-01
1.515618441104888969e-01
1.513150467872619587e-01
1.510100729465484737e-01
1.508342530727386499e-01
1.506224038600921522e-01
1.509689743518829452e-01
1.514069917201995852e-01
1.510837922096252561e-01
1.512703208923339981e-01
1.512881958484649791e-01
1.520009021759033130e-01
1.515555520057678129e-01
1.514502623081207255e-01
1.504967348575592112e-01
1.502652873992919857e-01
1.503165683746337800e-01
1.505980954170227093e-01
1.505988628864288192e-01
1.504181766510009899e-01
1.502866935729980369e-01
1.503553669452667163e-01
1.502951219081878620e-01
1.506418457031249991e-01
1.501553473472595213e-01
1.503094227313995224e-01
1.504450979232788144e-01
1.502286443710327268e-01
1.504985284805297752e-01
1.512011988162994258e-01
1.507070527076721234e-01
1.503991253376007198e-01
1.507113299369811921e-01
1.505781030654907149e-01
1.507248301506042554e-01
1.502011859416961803e-01
1.509274361133575437e-01
1.498601763248443575e-01
1.502104442119598371e-01
1.515871839523315334e-01
1.514965703487396176e-01
1.515466470718383751e-01
1.514103398323058958e-01
1.518639440536498908e-01
1.520832552909850977e-01
1.516731820106506368e-01
1.517012066841125495e-01
1.513754267692565825e-01
1.512733836174011137e-01
1.514636666774749618e-01
1.513083357810974250e-01
1.517516319751739395e-01
1.521609563827514555e-01
1.518443574905395388e-01
1.515065689086914080e-01
1.518586680889129625e-01
1.519247338771820000e-01
1.514504611492157038e-01
1.518523075580597015e-01
1.521679017543792756e-01
1.518854749202728227e-01
1.517966699600219738e-01
1.510106744766235298e-01
1.514282276630401491e-01
1.510660445690155118e-01
1.502629001140594611e-01
1.496033844947814995e-01
1.512912046909332398e-01
1.509013526439666741e-01
1.502974908351898120e-01
1.500616974830627504e-01
1.501603963375091610e-01
1.494436378479003791e-01
1.500117561817169154e-01
1.497217538356780953e-01
1.494350492954254206e-01
1.497790822982787984e-01
1.496752209663391175e-01
1.494934873580932577e-01
1.496747491359710636e-01
1.497691535949706998e-01
1.491524777412414626e-01
1.487474193572997927e-01
1.496387479305267276e-01
1.498418085575103642e-01
1.493518106937408441e-01
1.492845647335052373e-01
1.496523694992065445e-01
1.491923186779022248e-01
1.495944800376892148e-01
1.495090377330779985e-01
1.498465132713317771e-01
1.499392206668853644e-01
1.498490386009216357e-01
1.494525496959686339e-01
1.495647227764129727e-01
1.502713053226470974e-01
1.501657543182373100e-01
1.500949892997741619e-01
1.501915774345397858e-01
1.502714092731475826e-01
1.503175096511840947e-01
1.505938539505004836e-01
1.500636792182922230e-01
1.506423735618591386e-01
1.507321426868438730e-01
1.500286855697631760e-01
1.501221442222595293e-01
1.511308400630951010e-01
1.504387457370758019e-01
1.500442147254943959e-01
1.504210028648376440e-01
1.502804665565490860e-01
1.505998120307922294e-01
1.497896010875701955e-01
1.501189916133880697e-01
1.508999481201171999e-01
1.506840775012970035e-01
1.504105210304260143e-01
1.504667994976043588e-01
1.494350490570068302e-01
1.505484342575073298e-01
1.505282540321350171e-01
1.503943674564361677e-01
1.521958582401275739e-01
1.519202973842620763e-01
1.519101376533508185e-01
1.518875472545623828e-01
1.521941268444061413e-01
1.518742036819457908e-01
1.505125150680541868e-01
1.502147300243377726e-01
1.505738012790679980e-01
1.505293974876403817e-01
1.510673208236694431e-01
1.512627062797546329e-01
1.513426072597503780e-01
1.512039794921875013e-01
1.514733376502990780e-01
1.508985924720764038e-01
1.512228240966796977e-01
1.513141527175903278e-01
1.510685207843780464e-01
1.510799231529235953e-01
1.513692917823791506e-01
1.498626573085784786e-01
1.510844352245330757e-01
1.512760386466980023e-01
1.516362674236297614e-01
1.504483807086944569e-01
1.508059415817260829e-01
1.512241592407226609e-01
1.508827054500579967e-01
1.521199090480804539e-01
1.524487092494964668e-01
1.524753065109252792e-01
1.517106373310089240e-01
1.518483083248138299e-01
1.527577784061431854e-01
1.522877683639526358e-01
1.522403757572174110e-01
1.524294610023498586e-01
1.514896161556243959e-01
1.521580512523651174e-01
1.522219426631927497e-01
1.527653579711913956e-01
1.524627408981323318e-01
1.523414235115051196e-01
1.523333802223205691e-01
1.521906311511993515e-01
1.524253947734832693e-01
1.525573339462280298e-01
1.526592409610748324e-01
1.531672244071960454e-01
1.519044575691223253e-01
1.522992610931396540e-01
1.523178529739379894e-01
1.521388382911681991e-01
1.528392190933227646e-01
1.508139150142669693e-01
1.511433706283569212e-01
1.517800049781799221e-01
1.521771140098571728e-01
1.523237247467041089e-01
1.513985092639923147e-01
1.515922040939330917e-01
1.513569052219390920e-01
1.511682112216949370e-01
1.510200390815734928e-01
1.507294828891754257e-01
1.506449182033538781e-01
1.507799205780029350e-01
1.509686300754547184e-01
1.507307825088501085e-01
1.507290713787078906e-01
1.509209499359130957e-01
1.506751062870025637e-01
1.504881935119628811e-01
1.505323748588562049e-01
1.506895587444305462e-01
1.508285772800445623e-01
1.505137231349945037e-01
1.507776339054107684e-01
1.508195149898529097e-01
1.505837011337280151e-01
1.505696380138397128e-01
1.505131037235259983e-01
1.505937151908874616e-01
1.505973730087280249e-01
1.510975284576416000e-01
1.533311626911163239e-01
1.526243793964386086e-01
1.523934516906738368e-01
1.525413222312927142e-01
1.525314805507659854e-01
1.524802715778350859e-01
1.524900376796722301e-01
1.520369613170623746e-01
1.533137054443359237e-01
1.528569729328155546e-01
1.526317877769470255e-01
1.526642162799835278e-01
1.524453494548797527e-01
1.527391459941863927e-01
1.531145248413085802e-01
1.527325768470764178e-01
1.533246064186096214e-01
1.531047594547271795e-01
1.527888014316558796e-01
1.532071373462677022e-01
1.527361211776733507e-01
1.528222393989563110e-01
1.529715332984924181e-01
1.526565680503845224e-01
1.530159549713134837e-01
1.527746534347534102e-01
1.530684514045715372e-01
1.511447322368621726e-01
1.526618762016296316e-01
1.532320449352264358e-01
1.527206914424896200e-01
1.525884389877319447e-01
1.519536938667297443e-01
1.525374050140380910e-01
1.524210278987884470e-01
1.527643709182739395e-01
1.501098062992095861e-01
1.510902094841003462e-01
1.523909294605255149e-01
1.525573074817657415e-01
1.521311202049255296e-01
1.525240173339843797e-01
1.522952027320861879e-01
1.518713436126709060e-01
1.527058200836181601e-01
1.524458694458007690e-01
1.521222133636474516e-01
1.517103819847107071e-01
1.516066348552703724e-01
1.513278083801269658e-01
1.510665462017059257e-01
1.500462179183960076e-01
1.499537892341613887e-01
1.488485546112060520e-01
1.497593667507171600e-01
1.495897705554962154e-01
1.496711356639862101e-01
1.494217851161956656e-01
1.533386840820312458e-01
1.538246808052063097e-01
1.530244631767272989e-01
1.534870386123657338e-01
1.531768131256103505e-01
1.533977949619293180e-01
1.523351094722747712e-01
1.531228122711181527e-01
1.537534019947051911e-01
1.534531476497650038e-01
1.532215752601623626e-01
1.531236109733581652e-01
1.522317180633545042e-01
1.529668221473693968e-01
1.530341286659240851e-01
1.534125671386718792e-01
1.530895938873290951e-01
1.536585495471954332e-01
1.528908958435058474e-01
1.525622234344482520e-01
1.531100726127624378e-01
1.528185641765594516e-01
1.532400963306427000e-01
1.531495628356933647e-01
1.537367470264434932e-01
1.535065050125122010e-01
1.535754067897796560e-01
1.529444811344146671e-01
1.535189695358276374e-01
1.530528798103332477e-01
1.532134578227996868e-01
1.532420110702514549e-01
1.537429733276367283e-01
1.532367122173309282e-01
1.529713063240051296e-01
1.534787280559539724e-01
1.531250336170196513e-01
1.532404048442840561e-01
1.529279241561889713e-01
1.527637681961059590e-01
1.531706357002258212e-01
1.535533189773559681e-01
1.533965113162994442e-01
1.529428725242614751e-01
1.531524796485900786e-01
1.531869254112243617e-01
1.530174553394317571e-01
1.532687518596649034e-01
1.536299374103546056e-01
1.540557863712310738e-01
1.535565104484558074e-01
1.537461843490600666e-01
1.531758854389190794e-01
1.528454902172088625e-01
1.508696835041046236e-01
1.521342236995696928e-01
1.530058753490448065e-01
1.531504807472229002e-01
1.530084943771362338e-01
1.528353400230407777e-01
1.531296842098236188e-01
1.539037957191467243e-01
1.530341093540191766e-01
1.532274873256683212e-01
1.530782630443572878e-01
1.535671236515045168e-01
1.541839237213134817e-01
1.534117264747619502e-01
1.530975265502929616e-01
1.526104314327239864e-01
1.518741009235382022e-01
1.526539740562438963e-01
1.534606137275695836e-01
1.534417517185211188e-01
1.535152606964111377e-01
1.531981520652770934e-01
