1.476297347192179359e+02
1.366699142423489093e+02
1.449261046691336219e+02
1.587998859060635368e+02
1.550575791732389064e+02
1.439136455228104126e+02
1.461933607341614731e+02
1.210074956040667900e+02
1.132140719219596576e+02
1.191051445239813091e+02
1.162176601805562228e+02
1.297093169192670530e+02
1.092450427552840466e+02
1.241390559600180978e+02
1.115188124342170681e+02
1.092188677725626462e+02
9.983413827969637566e+01
1.175617144898729549e+02
8.319247260708475267e+01
7.543575512094105306e+01
1.170197656957330423e+02
9.786190394111169155e+01
1.056587952333932776e+02
1.303866064096818036e+02
7.833493517882973833e+01
5.754490829327223622e+01
6.057552463714399948e+01
5.130944103580660709e+01
6.267032919263020574e+01
3.907726212727206416e+01
9.936322949688327810e+01
7.110815492574127461e+01
4.272520147089479536e+01
2.841727831355342815e+01
7.448870942118888649e+01
9.548421303994291520e+01
5.300495869882171007e+01
3.328012708217127624e+01
3.071601310584534517e+01
5.799287330521662653e+01
2.603596419428005149e+01
3.037210968717145931e+01
3.166169724205409963e+01
5.747989729448308793e+01
2.784777932427790859e+01
1.103084760306835932e+01
3.277672795255393368e+01
1.321151007847423564e+01
1.661923636834996287e+01
3.094912408979800134e+01
2.405471167112716202e+01
1.316078919109506984e+01
1.717545072513161486e+01
1.330748022027837330e+01
1.224152856568986003e+01
2.693050259049039497e+01
2.275002287388077704e+01
8.643993907852843606e+00
2.283210574537485016e+01
8.156925161073555586e+00
1.154846757024184534e+01
1.614114205388584367e+01
1.011395829968770066e+01
8.080056924784269512e+00
2.859018414730193669e+01
8.301756273587738377e+00
1.031641854843706341e+01
1.785427557814185207e+01
1.298921975980483268e+01
1.035743079601027894e+01
1.670935256511535982e+01
7.522106055403014579e+00
1.632798664173996883e+01
8.910010859715480791e+00
1.076812335623582939e+01
1.327547685296211277e+01
1.136574220580906136e+01
1.254994627154174758e+01
2.422047214131236004e+01
8.115886532679633447e+00
1.442750914941098372e+01
8.441227577054972286e+00
8.773443224622704761e+00
1.118931579583734681e+01
1.701737306872835376e+01
1.053571617333083488e+01
9.120150046926838172e+00
9.175047051700767398e+00
1.358157892728017657e+01
7.691466215233478287e+00
8.251119786560282776e+00
9.340259408023293020e+00
7.981044640967983383e+00
7.831742247739426510e+00
1.409347140074482319e+01
1.823916662683674872e+01
1.353803489812914407e+01
1.372964532075944710e+01
1.007145788477764015e+01
5.931432969966599522e+00
6.292983322580915306e+00
1.017663584137406296e+01
1.458650532481985707e+01
1.046811271908228491e+01
9.377305736748120069e+00
1.068541484688532961e+01
8.028154155927540003e+00
7.951531287189913755e+00
8.027364437390133389e+00
5.356975347509739471e+00
5.921424853773816110e+00
7.459012792841018147e+00
7.913094067645387142e+00
6.653340274201466009e+00
6.374184977471125890e+00
1.002276772192494114e+01
1.135277633274767339e+01
1.004147272578674510e+01
1.149027860023018555e+01
6.877455866602974588e+00
1.093354868747917585e+01
1.277706132167437580e+01
1.210802547853423938e+01
9.172631744257367714e+00
1.026514585959342796e+01
1.429089586317411253e+01
8.443159923171290160e+00
1.231898778517057380e+01
8.379431048107907287e+00
8.371777911804699102e+00
6.425314436105812987e+00
5.653064594211225646e+00
7.096401257472321866e+00
1.230957734506376688e+01
8.210346955584185480e+00
5.447962140263919117e+00
1.134786581922347359e+01
9.416009129603928329e+00
1.164645116668894431e+01
7.173940689970816464e+00
6.324170104397092373e+00
7.291298399682844433e+00
8.431890077377376613e+00
6.939688405037113483e+00
7.809674526526127813e+00
6.887680352274043294e+00
1.677156719583554789e+01
6.301530430322674903e+00
9.024946335338551506e+00
1.295484235229127989e+01
1.127296121968397458e+01
1.043496573939433247e+01
7.653189186859308712e+00
1.102511965410204908e+01
6.701692194756545540e+00
8.671630086862689879e+00
7.008901914786880738e+00
5.950214309051388817e+00
6.988815543797437968e+00
6.238238677382764052e+00
4.574398606663828915e+00
1.177517978593587600e+01
4.565693804914959131e+00
9.011945164219556048e+00
7.905319307120739936e+00
6.330831938200120135e+00
5.926141218978600911e+00
7.295211162344841682e+00
8.478675105734103212e+00
9.109873396372847765e+00
6.414188697322795285e+00
1.264522290732531395e+01
7.386328811794526494e+00
7.108812621471326310e+00
9.552582596698135475e+00
5.954580351674800376e+00
7.965455927517984591e+00
5.344487020798784016e+00
6.844319249781370296e+00
5.549203555899485885e+00
6.445032958518670085e+00
5.419224104753737947e+00
5.900740124172375367e+00
7.379463283755493208e+00
1.069887035602691583e+01
6.056652188329718633e+00
3.420353035183127943e+00
6.029153151473925831e+00
3.007786262989379011e+00
4.898596604384444220e+00
1.023942773051597399e+01
6.436633879480777587e+00
1.097620581384170357e+01
7.094405361242707819e+00
5.382906377822918920e+00
5.770664368686917456e+00
3.969091318328013429e+00
6.263048882734488565e+00
8.893118331528237164e+00
7.360279381859977654e+00
4.118268671234506684e+00
4.534256467934570267e+00
4.212935841647032831e+00
7.576000027725673824e+00
4.215881256568341229e+00
3.927108956277317375e+00
6.062644913853834083e+00
5.712635689626093694e+00
6.117725785301989738e+00
5.547884134712441018e+00
4.985761509337065078e+00
5.840390945485718355e+00
8.738077376036432753e+00
5.687975014238236149e+00
7.396571812849696670e+00
4.979576998221229012e+00
4.597614408881806725e+00
3.680086616496664131e+00
5.018145949550030238e+00
1.026241654677130910e+01
4.059447039209509001e+00
8.778021996089927725e+00
7.160098198882006493e+00
7.863657749615798664e+00
4.488470450820775781e+00
7.758459808884972553e+00
5.871692658174884727e+00
8.839404765864976810e+00
4.091578392098404571e+00
8.773819071936530989e+00
5.401739568565951721e+00
5.389865583233854451e+00
7.466395023856074786e+00
5.526287492993311901e+00
6.520302783832918614e+00
1.215050894730102016e+01
1.153658396567085020e+01
3.648713513838835798e+00
8.727775408622585829e+00
3.636719317627926884e+00
5.135246914804368679e+00
5.082493352096257411e+00
5.399318449828045985e+00
4.477134563276967683e+00
3.372169176986460570e+00
7.153989478405282654e+00
1.044331468451084000e+01
5.034286285133440231e+00
5.578989369401370801e+00
4.021508649130388413e+00
8.967621923114585059e+00
5.003174486517820263e+00
5.430647587770119245e+00
5.262204013258497071e+00
3.132336257727497131e+00
9.508475786190977885e+00
4.146736361567273654e+00
6.397695280805126394e+00
8.083956735978256702e+00
4.358393815333815091e+00
5.278412069700300080e+00
8.702493853769183829e+00
6.569238406761546578e+00
5.208641201283176869e+00
3.530345860336889352e+00
4.064769000177425262e+00
4.863392118136638409e+00
6.751182020914438198e+00
4.784271481606152676e+00
2.741185123118650147e+00
9.123174550850274400e+00
4.286447187964792960e+00
6.336468389790584688e+00
1.274098385798644628e+01
6.882880053289809119e+00
4.645295335812849480e+00
3.721931235684939221e+00
9.718171832548065936e+00
4.212577661225202164e+00
4.284974024435867612e+00
6.050043782006248705e+00
7.637880988309317942e+00
6.642841569714403427e+00
1.100335141190200083e+01
5.130145376019873638e+00
4.257512364887603873e+00
5.356322340271664650e+00
3.847113636216977550e+00
4.195980304739668654e+00
7.269812530196895217e+00
4.056145244526021543e+00
1.076091695284789118e+01
7.822300264121930802e+00
7.810849543434309261e+00
3.825444128768679786e+00
4.960531713601554316e+00
5.806787566740631235e+00
9.227942096040589348e+00
4.750599293527872469e+00
3.399998945785866589e+00
4.574739176928255269e+00
4.564853091265372420e+00
4.306721247838078526e+00
4.283733533255629666e+00
5.510274203413742633e+00
5.584852812765430663e+00
6.562753846407992420e+00
6.470735160085252069e+00
7.260077436965853614e+00
6.365488540365180192e+00
4.849790850865723257e+00
6.172174020709907616e+00
5.522026136758270809e+00
4.678392903852908624e+00
5.904739246516525597e+00
4.188666485879263490e+00
2.543245468776938800e+00
6.181250588483583996e+00
5.917129112917757894e+00
4.007841712416234436e+00
3.751198151599875796e+00
5.515079445644438749e+00
3.518045954134044973e+00
4.957717800401859165e+00
4.282142969557162893e+00
3.876466532833387824e+00
3.323738419231236030e+00
3.047015100791242936e+00
4.371894981222950172e+00
5.122080919029422752e+00
8.322084903957597035e+00
4.101245526884701675e+00
5.491788474305677958e+00
5.086828541081344746e+00
5.760442118196043459e+00
4.088385829622839474e+00
3.635386461674161129e+00
4.138484800530743968e+00
9.105933493444823057e+00
4.187952944695162216e+00
5.852838283412347131e+00
4.318356584443924895e+00
9.120191057767188525e+00
7.570806695809430664e+00
5.340581999843811545e+00
4.540055950669301232e+00
3.631168096504676424e+00
5.986311946437484544e+00
8.086308921776947045e+00
4.006675228041037151e+00
2.983285205887543423e+00
3.217331492277279548e+00
7.508502422981673696e+00
4.005320269971082148e+00
4.920819023514420465e+00
7.401712415062807970e+00
1.114049170972820413e+01
4.520322334523513952e+00
5.791129685671866589e+00
6.830010447645925353e+00
7.075800454090594549e+00
4.168230825687287755e+00
5.601578656889625307e+00
4.418718907377974681e+00
4.619108118872253144e+00
7.920864382749681631e+00
6.849703758976962931e+00
5.518690896164029525e+00
6.963409505982658843e+00
4.096276239628265259e+00
5.659133921021364699e+00
6.592901467884193956e+00
4.991182794455761851e+00
6.284551110308171040e+00
3.274665276142073811e+00
9.600988507090749025e+00
5.246021344831091504e+00
6.951262273006596715e+00
3.882067208590646246e+00
4.282944832732352047e+00
8.805502112703253559e+00
5.632176406938069313e+00
6.223025227426004058e+00
3.973108607851334906e+00
5.056533116439688058e+00
4.042970401219952770e+00
1.153959700610506012e+01
3.500852694134399368e+00
5.374978275275763551e+00
3.823182925773350949e+00
8.250857086735704726e+00
3.975663014913264348e+00
3.340923969639117086e+00
4.971885367493606545e+00
4.357718774817479712e+00
6.839352826201554159e+00
6.468210300017103620e+00
4.302477779942631919e+00
3.240817399285557787e+00
3.914351988476386879e+00
6.017351681034282862e+00
8.051747367097709329e+00
6.244189367148092806e+00
4.692822701962079179e+00
4.326963305334919241e+00
4.113039725275910996e+00
5.747448022615451180e+00
5.208746960835328288e+00
3.564475360041658103e+00
5.204066989368360652e+00
3.710335338432237506e+00
3.395037416306547762e+00
7.283172692807418969e+00
5.853956904935200711e+00
5.079146934724427354e+00
4.806852680121561860e+00
5.307140074489954173e+00
3.768087647937730988e+00
5.167882546453360426e+00
4.296413052503218921e+00
3.401811437082239653e+00
2.767287642532406888e+00
5.325820745023722047e+00
4.745396257120163774e+00
5.015261063907538563e+00
5.174647782408528407e+00
5.397189231614709648e+00
4.255692705581362034e+00
4.318566371939445148e+00
6.278309692007367104e+00
4.340612485281940103e+00
8.239142974679698028e+00
8.658175734781060839e+00
4.223895181472689941e+00
4.700318798823479582e+00
6.146174037111771682e+00
2.863228872107471012e+00
3.164351011065104746e+00
1.029861128841172757e+01
4.671564396962564203e+00
3.154225294214891395e+00
4.622111046873634166e+00
4.750065735179360260e+00
4.014607788862273985e+00
4.306780770318899165e+00
5.869548469103428090e+00
3.071240468553963598e+00
4.236236378191434504e+00
5.395096687300648064e+00
6.681486845575664191e+00
4.686303330555861457e+00
1.053288213002277018e+01
5.526314847852449752e+00
4.833295772086085407e+00
5.116898014500267600e+00
2.826299603748652967e+00
4.342739454407692712e+00
4.605870351790114725e+00
5.166693117635273502e+00
5.451402461356713580e+00
4.381698905499147756e+00
5.670608839701733572e+00
5.130075462423765664e+00
5.424178102272084523e+00
1.100275445333889124e+01
4.057848619823531067e+00
5.070556001034040250e+00
4.285653115407928482e+00
3.443982120283299420e+00
2.934493508860895883e+00
3.262471836869225150e+00
2.977580128384329061e+00
3.905747297747320435e+00
4.477504424019788765e+00
5.152000165338878723e+00
7.011276632006378406e+00
6.346552403936760456e+00
3.687567070393313884e+00
3.512333104220021429e+00
7.100587512991808126e+00
3.158505508331506562e+00
3.256659109699700849e+00
4.285496331202640619e+00
4.505044553615205061e+00
4.220561993560484559e+00
4.102873349461788166e+00
4.197688255793578627e+00
6.622753149252138094e+00
8.868389462219472108e+00
6.148046756877894481e+00
2.402886908022621171e+00
8.264545640835581963e+00
4.049685739890421132e+00
2.425628177063794855e+00
4.637133754402415597e+00
6.478986080539985259e+00
3.010647987318991525e+00
5.803098078263546178e+00
6.748807172106500829e+00
4.673139420205985495e+00
7.930379056519502257e+00
3.430939526930470773e+00
5.269958694473000804e+00
3.403863451944473262e+00
3.633130116947251853e+00
3.577477821180379713e+00
7.440545699133291002e+00
3.080379244275030182e+00
3.890186711809988651e+00
4.862334570829863978e+00
5.088772016119619046e+00
2.778448595068776505e+00
3.918575525334760723e+00
4.256107458015566003e+00
3.519097646011465130e+00
4.206677085051362397e+00
2.594371948917312931e+00
7.392530748662466067e+00
2.460743537573020667e+00
8.980389691946891517e+00
3.582124309131149431e+00
4.119909308333197906e+00
4.025159639366042263e+00
4.846438398989260321e+00
5.072279958914168496e+00
4.456519807359356378e+00
6.195127260882109965e+00
4.349277491387359085e+00
6.205706974682722254e+00
3.026217317349588765e+00
6.500426271110377741e+00
6.054526464478607650e+00
2.975765538957836576e+00
5.461524299030204865e+00
4.291070581169069698e+00
5.595803194825334614e+00
3.484927311934622907e+00
4.383882494092027571e+00
3.214955434793715039e+00
5.976834007534550075e+00
7.003723956734229539e+00
7.853610820802289005e+00
4.528901608346475705e+00
3.775161956431298371e+00
4.137431738495860323e+00
5.237434385409334148e+00
4.565548135842052879e+00
2.976476288905525180e+00
3.554684414316663155e+00
7.787099815639783706e+00
5.580417715157449443e+00
4.538343795692324711e+00
4.133478954841235620e+00
6.771087397727136192e+00
8.058809578707480270e+00
5.040625191809367855e+00
8.359443865308715971e+00
3.139550419110576751e+00
4.305691281287220562e+00
8.980842146408448912e+00
7.975337098615443487e+00
9.563850847482942896e+00
5.006255587269034635e+00
3.369387711408327490e+00
6.209922446852753630e+00
3.795326393498680506e+00
9.654665733202349998e+00
5.603389325537476928e+00
4.860024583867931902e+00
5.532230928496046474e+00
5.129003701846060359e+00
7.467835708352922097e+00
7.332734997903466834e+00
3.772030390936455202e+00
4.835930552442255781e+00
6.021371842471190838e+00
8.713804595334305958e+00
9.269316532834070088e+00
3.742990379325008998e+00
5.779843033861329360e+00
6.925261554498831629e+00
5.381696823159142440e+00
3.870947531419488996e+00
4.463457077081377733e+00
5.534178336520695574e+00
5.690435081022865660e+00
4.718607448595698806e+00
4.145272882554020377e+00
5.323021945467443672e+00
5.305237741770020499e+00
8.671469534770304577e+00
9.675503631353160827e+00
6.988802516525764119e+00
4.396274575649224303e+00
5.011075500939712768e+00
5.309652690705188860e+00
5.195201172862670802e+00
3.521527389892672666e+00
5.797310469471337768e+00
6.041094048869391386e+00
2.610360907069585679e+00
4.782813076893236648e+00
3.108875704634565196e+00
5.307741804341782554e+00
7.868421602406497684e+00
2.886487680722178872e+00
4.972006462675794047e+00
6.195236831281766499e+00
3.853882249068049326e+00
4.758027896165183179e+00
4.750848193598210756e+00
3.765030625178682921e+00
3.559900784772048521e+00
6.447551340402538855e+00
3.800774509933136702e+00
3.231914075071452785e+00
6.906919706290866046e+00
4.788316223121380055e+00
3.528014589880271945e+00
3.397362847254686180e+00
2.515967113212283834e+00
5.212767558044840932e+00
3.760078152416402641e+00
3.282548470136478436e+00
5.019059696830296069e+00
4.289769282248354187e+00
2.575146507081784719e+00
8.300093663601934679e+00
3.294586995995996581e+00
4.122820735164678396e+00
5.467213714046670781e+00
4.086725763877614881e+00
2.637107290523001080e+00
4.764246761605309466e+00
8.728263425949293719e+00
4.145432598593861151e+00
4.228175105695852309e+00
5.938614070488594798e+00
3.104199646492743270e+00
4.213647674400954557e+00
3.410860474693875766e+00
4.892965638576381338e+00
5.357024112966541018e+00
6.428550306424133609e+00
5.422687390540421148e+00
3.529949323815549711e+00
3.600209162033293886e+00
3.493645396961774896e+00
3.824638699139558895e+00
5.602192462290201291e+00
4.729419357369710752e+00
4.792944692080118863e+00
5.235142452079647235e+00
9.243369295065562596e+00
7.592695360139100735e+00
3.564477581820149954e+00
3.331238524167611459e+00
4.785397315470042656e+00
3.555859336453274899e+00
3.064819833249512460e+00
3.803842076614357470e+00
4.668149900940172792e+00
5.148520521379073678e+00
3.971851811296215562e+00
3.715726869420859391e+00
3.262473750762189706e+00
6.950282204777269435e+00
3.499204602058821667e+00
5.809141755692212250e+00
4.676718214057877354e+00
4.446333288014064244e+00
3.814759023570525098e+00
4.361398873591317837e+00
4.190942438585719465e+00
4.807767668694692631e+00
4.952112153329832012e+00
6.223376884160901845e+00
6.945519943906685256e+00
5.080562155222366982e+00
5.626001682861432762e+00
5.500994832999053230e+00
2.731784312133943349e+00
5.964168494687334565e+00
3.262485106184070727e+00
9.120594715854851486e+00
3.144721614350415972e+00
1.172774881404787095e+01
1.100204932092301036e+01
2.942434984316351088e+00
5.789573643206358255e+00
4.879855268155441017e+00
5.831141687778737648e+00
2.854402403638810259e+00
3.991874243167417458e+00
4.020846781372839018e+00
3.363620083048270093e+00
3.634304511558569484e+00
3.570876299991171621e+00
4.194936278387507045e+00
5.686334825273612559e+00
4.489295784488433583e+00
4.119412444909776205e+00
3.310381192031604414e+00
4.337995618531313546e+00
3.533320112890847575e+00
3.768480626668802458e+00
4.327201158119136082e+00
3.196670145211421676e+00
4.169232547114472887e+00
5.052035264237880519e+00
3.579520679350000290e+00
4.220898953865630077e+00
6.959289100127749705e+00
4.443137277721035616e+00
3.659969380345273304e+00
3.483221100589330543e+00
3.847076133066935189e+00
2.978540489256939594e+00
5.261895881225260752e+00
6.207453065224507682e+00
3.591979608987798667e+00
3.229175004359971179e+00
4.143983451521280337e+00
1.020164175218712899e+01
3.610233507211439541e+00
6.082287172520749685e+00
4.759692418671558123e+00
8.410051854319130271e+00
4.111601067208330740e+00
7.204387245660715422e+00
6.088266237273975534e+00
3.168522309976744999e+00
5.907979985892826136e+00
2.590751842562693419e+00
3.554479382108245211e+00
5.430832465602119186e+00
7.033683131448641213e+00
5.237959850015816876e+00
4.163297878260554086e+00
4.687727420289930613e+00
2.811056556132823125e+00
3.454503090794998066e+00
6.845089464281441494e+00
3.640322715747823956e+00
4.770869807874095869e+00
5.676412723620655854e+00
7.809925087673554422e+00
4.257887416474974707e+00
4.443149112080707397e+00
3.019027563249789825e+00
5.303544064617160991e+00
5.771120418608371772e+00
7.068113394665648030e+00
2.783658622044199671e+00
3.663349510045152524e+00
3.275718380080845815e+00
7.666169994982984903e+00
6.220343567214578151e+00
4.107686589539937927e+00
4.468077850678120910e+00
2.605899392680943283e+00
3.889019121236229282e+00
5.854055156250673519e+00
4.397535916975054526e+00
4.817906621764755926e+00
7.301862146406490339e+00
2.674839277638690671e+00
3.625854565405039143e+00
4.890916888428652243e+00
3.951614550332806175e+00
4.050846558469512360e+00
4.741593435239922272e+00
5.664691776332191786e+00
4.409533528186202034e+00
4.497824143465232183e+00
3.740164334281162795e+00
4.835563011480788376e+00
2.450096408629756528e+00
6.237639333200037051e+00
2.729054078152282514e+00
5.622920950866038048e+00
3.077992797972795014e+00
3.274370422505851863e+00
3.756064060712940300e+00
3.430898306212430526e+00
8.793768546232399785e+00
9.379572773358262339e+00
2.753567350213014020e+00
2.686137617979500014e+00
4.100475817976377613e+00
3.172170602857383059e+00
5.348430669189003339e+00
3.126072503749684817e+00
4.429832774374761861e+00
8.568753536217947442e+00
6.539203350204328302e+00
2.654216445031081228e+00
3.969685470218894618e+00
4.155375377036611084e+00
4.197522616090645364e+00
2.273355906786606262e+00
3.423625734472706572e+00
9.550722301731418895e+00
6.789748908963725071e+00
3.760119395872832282e+00
1.018442996186722027e+01
2.692774864388409295e+00
2.639290777520178377e+00
2.836371574060432721e+00
3.211229988956911363e+00
3.145185306156488725e+00
2.639725433015768896e+00
3.466427116992493840e+00
3.399196444331865852e+00
3.424043338787820190e+00
3.107912695425734118e+00
4.551939558551764797e+00
4.505962975427598494e+00
5.184572080229777669e+00
4.106066000416790374e+00
3.078768613561139844e+00
4.452482740330271582e+00
5.272139285270549536e+00
7.817711467164694561e+00
9.234490799047057052e+00
4.245113903915877174e+00
5.617508389556831183e+00
5.953052682859139466e+00
3.552917657265435736e+00
4.555398019845156021e+00
6.778644837434263160e+00
4.589656330889688718e+00
2.908370558529057348e+00
3.227494105991449924e+00
3.307843971214057710e+00
4.619754012526588127e+00
8.090583157708515216e+00
3.546174989788298593e+00
5.427614093316671884e+00
5.097941609502745663e+00
2.492518927573487364e+00
3.011377309639463817e+00
3.931236767405295485e+00
4.640093041636559335e+00
