2.886447303295135436e-01
8.358331513404845814e-02
8.239449548721312910e-02
8.192145752906798695e-02
8.195888042449951671e-02
8.202521920204162986e-02
8.230531144142150257e-02
8.211848092079163108e-02
8.203670573234557450e-02
8.229773831367492853e-02
8.201029157638549394e-02
8.228033947944640714e-02
8.226131510734557839e-02
8.236238145828246593e-02
8.225245380401610684e-02
8.234680366516113070e-02
8.215170001983643222e-02
8.222207140922546675e-02
8.239168047904968373e-02
8.253695225715637629e-02
8.314382243156433205e-02
8.276251292228699319e-02
8.275452804565429366e-02
8.304595851898192993e-02
8.275588655471802224e-02
8.279150509834289073e-02
8.309495806694031095e-02
8.295143961906432939e-02
8.343253207206725863e-02
8.302358937263489003e-02
8.325471711158752286e-02
8.296444439888001066e-02
8.344761061668395929e-02
8.271748709678650169e-02
8.312404751777649481e-02
8.362327432632446489e-02
8.318986892700194757e-02
8.323982691764832131e-02
8.291266846656798750e-02
8.333898377418517966e-02
8.321489405632019609e-02
8.343238282203674361e-02
8.302143192291260021e-02
8.188212990760802834e-02
8.277524662017822499e-02
8.333999085426330167e-02
8.296622729301453281e-02
8.322214174270629872e-02
8.308860993385315530e-02
8.358273577690124301e-02
8.330641102790832531e-02
8.294326519966124800e-02
8.287832379341125710e-02
8.287487387657165028e-02
8.391490340232848899e-02
8.314922928810120073e-02
8.338929343223572266e-02
8.343110299110412242e-02
8.351838946342468595e-02
8.406383681297302513e-02
8.380843257904052601e-02
8.360541176795958929e-02
8.394960045814514604e-02
8.359160351753235074e-02
8.354928779602051325e-02
8.348039817810058716e-02
8.406071186065673662e-02
8.362963724136351917e-02
8.367133450508117132e-02
8.365805387496948187e-02
8.374612689018250122e-02
8.378844952583312800e-02
8.437515759468078302e-02
8.428440093994141180e-02
8.405590653419495184e-02
8.408473801612853515e-02
8.373495411872863836e-02
8.421616315841674860e-02
8.409651541709900480e-02
8.446304202079772672e-02
8.427560973167419478e-02
8.290410733222960959e-02
8.302716612815856656e-02
8.324981284141540205e-02
8.298443341255187788e-02
8.309836959838867720e-02
8.382644772529601607e-02
8.336503052711487227e-02
8.398858928680419389e-02
8.402347278594970992e-02
8.342508459091187156e-02
8.373942995071410877e-02
8.365230393409729681e-02
8.390122914314269986e-02
8.268591380119323653e-02
8.408392095565796198e-02
8.357903409004210915e-02
8.371921324729919567e-02
8.369267034530639138e-02
8.330306196212768077e-02
8.374554657936096602e-02
8.417935371398925504e-02
8.441575002670288763e-02
8.429104590415954779e-02
8.429823732376098833e-02
8.391196250915528010e-02
8.390802597999572066e-02
8.364949321746825706e-02
8.294103789329529408e-02
8.395742106437682761e-02
8.399850249290466420e-02
8.290364694595336870e-02
8.406648874282836303e-02
8.373754906654358454e-02
8.413832879066467096e-02
8.444306731224060503e-02
8.408672404289245506e-02
8.423864102363586015e-02
8.283952856063843406e-02
8.399068212509155917e-02
8.388329195976257369e-02
8.390434479713440585e-02
8.378432464599609719e-02
8.395912885665893222e-02
8.397848701477050870e-02
8.396375608444213434e-02
8.336681389808654752e-02
8.378130197525024414e-02
8.359717440605163308e-02
8.318905782699584361e-02
8.276333141326903953e-02
8.309120011329651501e-02
8.286042928695679100e-02
8.308291459083556874e-02
8.244004201889038042e-02
8.163587427139282204e-02
8.225699901580810214e-02
8.197712969779968883e-02
8.196228957176208973e-02
8.205289554595947277e-02
8.277389550209045266e-02
8.288136720657349188e-02
8.247273397445678556e-02
8.304940652847289662e-02
8.320004367828369440e-02
8.309314632415772117e-02
8.293621897697449341e-02
8.282592701911926925e-02
8.280220603942871349e-02
8.262767505645751687e-02
8.267176723480224032e-02
8.311247372627258989e-02
8.307102680206299161e-02
8.318071317672728893e-02
8.288802194595336348e-02
8.254992842674255260e-02
8.289378213882446500e-02
8.292057490348815618e-02
8.225235342979431152e-02
8.297241759300232056e-02
8.297210431098937800e-02
8.274579930305481223e-02
8.259748578071594849e-02
8.290371870994567294e-02
8.268398571014404230e-02
8.289485073089600253e-02
8.310772466659545332e-02
8.250815582275390636e-02
8.287384247779845670e-02
8.264636278152465154e-02
8.300436592102050648e-02
8.284322857856750433e-02
8.282519268989563255e-02
8.235545611381531184e-02
8.303741121292114447e-02
8.335927462577820413e-02
8.282229375839234020e-02
8.333176660537719438e-02
8.174939084053040039e-02
8.283205842971801125e-02
8.330351185798645641e-02
8.351886606216431252e-02
8.176387524604797341e-02
8.300722527503967552e-02
8.330846643447875621e-02
8.310610079765319569e-02
8.227183747291565152e-02
8.325618815422057561e-02
8.329506635665893943e-02
8.364751434326171686e-02
8.338805031776427845e-02
8.343536472320556285e-02
8.290010190010070612e-02
8.319536924362182229e-02
8.319844245910644476e-02
8.323107886314391746e-02
8.344954919815063266e-02
8.321463584899901900e-02
8.327774763107299860e-02
8.259515523910522516e-02
8.315936613082886009e-02
8.378449559211731401e-02
8.391923165321349409e-02
8.423808145523070667e-02
8.373127961158752242e-02
8.311914157867431041e-02
8.365520644187927901e-02
8.290604186058044001e-02
8.294848847389221791e-02
8.339699840545654330e-02
8.355461239814758467e-02
8.336227059364319236e-02
8.286001920700072909e-02
8.348608827590942028e-02
8.336866879463196434e-02
8.304306888580322010e-02
8.369231700897217241e-02
8.330932021141052024e-02
8.378614664077758956e-02
8.325943756103515447e-02
8.322821712493896906e-02
8.299007058143616222e-02
8.315870571136474432e-02
8.349792504310607488e-02
8.360608100891113448e-02
8.327071881294249855e-02
8.368776035308837791e-02
8.280618429183959905e-02
8.330056619644164717e-02
8.383743977546691262e-02
8.336552786827088057e-02
8.175513553619384588e-02
8.351724886894226763e-02
8.215974068641662686e-02
8.335142374038696789e-02
8.352022314071655407e-02
8.410555267333984231e-02
8.351098918914795499e-02
8.341209506988525590e-02
8.301839995384216464e-02
8.340762710571289484e-02
8.265254735946654663e-02
8.305656170845031327e-02
8.390580677986145264e-02
8.344138669967651745e-02
8.324674534797668612e-02
8.368152475357056030e-02
8.363927483558654397e-02
8.378848314285278209e-02
8.315401196479797752e-02
8.358014154434204035e-02
8.348564434051514160e-02
8.358289384841918745e-02
8.369669461250305031e-02
8.277622914314269886e-02
8.388971328735352062e-02
8.429966044425964145e-02
8.468265390396118031e-02
8.409795761108398993e-02
8.368703126907348078e-02
8.409048581123351740e-02
8.377136516571044578e-02
8.388818883895873824e-02
8.353095364570617409e-02
8.368277859687804632e-02
8.385483312606811790e-02
8.383454966545104969e-02
8.332444357872009766e-02
8.378771281242371194e-02
8.411480331420898016e-02
8.266422057151794067e-02
8.331862235069274758e-02
8.391124105453491577e-02
8.434459352493285655e-02
8.402714681625365889e-02
8.320558476448058904e-02
8.398883581161499523e-02
8.360612535476684426e-02
8.342869305610656205e-02
8.444306874275207819e-02
8.405060744285583474e-02
8.403216266632079767e-02
8.466571187973022383e-02
8.504157519340514726e-02
8.509678626060486473e-02
8.497830653190613370e-02
8.500647592544555153e-02
8.459926652908325573e-02
8.369628024101256891e-02
8.525129055976868320e-02
8.476287269592285012e-02
8.439564728736877186e-02
8.450358271598816529e-02
8.458911037445068781e-02
8.426213574409484319e-02
8.338706922531127774e-02
8.472476887702941328e-02
8.478097176551818714e-02
8.520795106887817105e-02
8.380576324462890581e-02
8.409414219856262140e-02
8.448873949050902943e-02
8.478650903701781538e-02
8.347676658630370783e-02
8.479180288314819292e-02
8.421659278869629561e-02
8.472239375114440363e-02
8.436935305595398560e-02
8.444527864456176369e-02
8.297722268104552878e-02
8.359054589271545932e-02
8.476387214660643932e-02
8.508670473098754738e-02
8.510935807228088568e-02
8.557826733589171675e-02
8.485580611228943360e-02
8.479000926017761508e-02
8.356169891357421997e-02
8.525058269500732089e-02
8.440770149230956976e-02
8.516093111038207375e-02
8.445469045639038275e-02
8.413437914848327648e-02
8.468272995948791793e-02
8.495018005371093861e-02
8.465370750427246571e-02
8.499781680107117154e-02
8.475644493103026700e-02
8.470425653457641646e-02
8.496446013450623114e-02
8.510769295692444114e-02
8.480408644676208640e-02
8.520584082603455123e-02
8.502058053016663119e-02
8.520471715927123435e-02
8.501401066780089888e-02
8.512244105339050737e-02
8.506784415245055575e-02
8.380474519729613769e-02
8.504247856140136064e-02
8.507561421394348178e-02
8.495268392562865811e-02
8.494897985458374490e-02
8.552408242225646717e-02
8.526286506652831776e-02
8.447619366645812977e-02
8.447320961952209384e-02
8.446418190002441539e-02
8.457409095764159557e-02
8.402626585960387695e-02
8.373759388923644742e-02
8.448681712150574175e-02
8.386898064613342030e-02
8.392098999023436812e-02
8.331811189651489036e-02
8.279010653495788574e-02
8.297195553779601607e-02
8.326254129409789428e-02
8.302053856849669899e-02
8.288507294654846869e-02
8.271261239051819203e-02
8.314091753959655662e-02
8.293640923500060491e-02
8.278549313545227606e-02
8.262603855133056341e-02
8.278942465782165860e-02
8.237868785858154519e-02
8.302469372749328447e-02
8.299256849288939863e-02
8.259837007522582986e-02
8.441744112968445346e-02
8.489095544815063177e-02
8.528933358192443415e-02
8.488674020767211781e-02
8.468359971046447721e-02
8.473850345611572132e-02
8.518529939651489635e-02
8.489914298057556208e-02
8.480009627342223466e-02
8.505792164802551680e-02
8.401680254936218228e-02
8.456365561485290616e-02
8.480592441558837402e-02
8.522842335700989147e-02
8.393893384933472090e-02
8.509613513946533148e-02
8.458796501159668302e-02
8.488305497169494618e-02
8.484195876121521096e-02
8.451250171661377208e-02
8.431793069839477184e-02
8.462882375717163674e-02
8.348768448829650690e-02
8.452879118919372214e-02
8.508750367164612249e-02
8.507420730590820046e-02
8.477050232887267667e-02
8.479071092605590387e-02
8.284884190559387018e-02
8.457495546340942916e-02
8.486539983749390170e-02
8.554206371307372658e-02
8.474975967407226418e-02
8.482203555107116488e-02
8.534894633293152455e-02
8.570450186729430819e-02
8.577131605148315130e-02
8.527463078498839777e-02
8.502886509895324352e-02
8.571894502639770819e-02
8.521830558776855025e-02
8.521895146369934393e-02
8.617821788787841109e-02
8.563213133811950484e-02
8.527030491828918590e-02
8.509836339950561934e-02
8.582053399085998180e-02
8.584291434288024436e-02
8.539147090911865245e-02
8.556030488014221280e-02
8.537021589279174261e-02
8.539565539360045865e-02
8.543088865280151767e-02
8.485202479362487227e-02
8.536094260215759677e-02
8.549937796592711747e-02
8.554275488853455012e-02
8.563863420486450551e-02
8.546928882598876787e-02
8.595586538314820002e-02
8.559219503402709650e-02
8.546977043151855746e-02
8.520009279251099243e-02
8.489124155044555642e-02
8.582895278930663396e-02
8.545204210281372170e-02
8.551002836227417081e-02
8.530413222312926980e-02
8.560905146598815629e-02
8.565649104118347457e-02
8.563234591484070179e-02
8.567642807960509921e-02
8.571379518508910611e-02
8.552595162391662953e-02
8.550371742248534523e-02
8.551059341430664040e-02
8.517688131332397383e-02
8.587691211700439198e-02
8.590412545204162420e-02
8.500342440605163086e-02
8.306764173507689974e-02
8.445567107200623036e-02
8.576623868942261086e-02
8.582970309257507979e-02
8.524204349517822132e-02
8.523492407798767545e-02
8.600074338912963579e-02
8.565665340423583851e-02
8.421498894691467618e-02
8.303898811340332253e-02
8.549734663963318160e-02
8.537438368797302390e-02
8.495983076095581232e-02
8.439337539672851773e-02
8.515945982933044445e-02
8.520987057685852628e-02
8.513860273361205377e-02
8.547496128082275602e-02
8.590346336364745872e-02
8.577384281158446921e-02
8.533075070381164473e-02
8.556928277015686535e-02
8.559959411621093084e-02
8.509599709510803911e-02
8.347168064117431452e-02
8.440543508529663175e-02
8.553704452514648837e-02
8.571349334716796275e-02
8.558037543296813376e-02
8.535256958007812755e-02
8.627734708786011231e-02
8.634450006484985229e-02
8.578679299354553811e-02
8.555795073509216142e-02
8.598100447654724587e-02
8.630360865592956454e-02
8.622341656684875955e-02
8.559605050086975531e-02
8.589187407493591164e-02
8.639019727706909180e-02
8.649015855789184137e-02
8.603728508949279319e-02
8.596814227104186690e-02
8.608514642715453524e-02
8.635548281669616633e-02
8.614768576622008900e-02
8.622854542732238947e-02
8.650119495391846158e-02
8.573193430900573342e-02
8.527979111671447898e-02
8.587502193450927135e-02
8.606733608245849265e-02
8.670494890213012451e-02
8.608176684379577337e-02
8.674304366111755538e-02
8.549495983123779619e-02
8.600187587738036821e-02
8.607906126976012928e-02
8.567440867424011564e-02
8.569372940063477162e-02
8.597667598724365035e-02
8.562633728981018655e-02
8.597898149490355857e-02
8.517309260368347013e-02
8.603525567054748358e-02
8.559688854217528675e-02
8.586274886131287087e-02
8.637156081199645619e-02
8.611295938491821123e-02
8.631680774688720026e-02
8.607264995574950839e-02
8.642651367187499656e-02
8.656598210334777443e-02
8.652641010284424505e-02
8.593828701972960893e-02
8.623902773857117232e-02
8.582411527633666826e-02
8.510390353202819391e-02
8.593814229965210383e-02
8.688158345222472823e-02
8.523049998283385720e-02
8.539227843284606656e-02
8.617751264572143244e-02
8.637166690826415805e-02
8.610143661499022882e-02
8.658653712272644520e-02
8.617020988464355047e-02
8.592740082740783769e-02
8.638520479202270452e-02
8.474825763702392711e-02
8.552286100387573864e-02
8.645317268371581487e-02
8.614311504364013938e-02
8.646189212799072765e-02
8.641125273704529375e-02
8.664150667190552435e-02
8.654878354072570446e-02
8.657828283309935979e-02
8.627751374244689575e-02
8.653598093986511475e-02
8.626601099967956543e-02
8.626095223426819003e-02
8.611315679550170243e-02
8.670502305030822199e-02
8.633480858802795865e-02
8.642416381835937855e-02
8.633159470558166015e-02
8.634318280220031061e-02
8.577762818336487349e-02
8.652891588211059082e-02
8.667786478996276911e-02
8.663432931900023892e-02
8.636295723915099476e-02
8.635832643508911666e-02
8.657623839378357500e-02
8.527310204505920976e-02
8.641631293296814231e-02
8.681973934173584095e-02
8.694335556030273471e-02
8.675254654884338723e-02
8.643992447853088290e-02
8.700892400741577770e-02
8.658456993103026689e-02
8.646619367599486794e-02
8.621951484680176470e-02
8.646702361106872736e-02
8.687694334983825373e-02
8.579547309875487637e-02
8.577588486671447465e-02
8.573211002349853671e-02
8.543008112907410356e-02
8.540082192420959950e-02
8.524499320983887352e-02
8.506041598320007724e-02
8.505447268486023005e-02
8.550215005874634011e-02
8.544178700447083163e-02
8.521815800666808494e-02
8.506236839294432917e-02
8.450169682502746415e-02
8.455858969688415105e-02
8.480291461944580722e-02
8.471423196792603194e-02
8.451399183273315685e-02
8.442572760581970592e-02
8.400359106063842729e-02
8.434247183799743752e-02
8.387776470184325761e-02
8.345686793327330988e-02
8.415862679481506126e-02
8.434161376953125400e-02
8.523427391052246227e-02
8.559729838371277211e-02
8.544066238403320857e-02
8.531916403770446744e-02
8.548594856262206609e-02
8.535991644859314276e-02
8.559505295753479237e-02
8.484272551536560514e-02
8.618929648399352439e-02
8.547507858276366666e-02
8.528048801422119518e-02
8.544251489639281827e-02
8.550439906120300970e-02
8.531676292419433649e-02
8.521130108833313566e-02
8.521698021888732266e-02
8.499669504165649481e-02
8.511073303222656261e-02
8.554500102996825950e-02
8.577196526527404441e-02
8.564095401763915927e-02
8.535989809036255427e-02
8.523043036460876964e-02
8.532469367980957675e-02
8.562471580505370827e-02
8.538392806053161921e-02
8.549698877334595271e-02
8.648934340476989446e-02
8.613345909118652610e-02
8.623665714263915871e-02
8.546755242347717219e-02
8.572317123413085438e-02
8.604402160644530895e-02
8.662288856506347723e-02
8.631829333305358898e-02
8.613455319404601795e-02
8.609508299827575706e-02
8.657332897186278964e-02
8.587232327461243042e-02
8.600554585456848811e-02
8.647534346580505737e-02
8.607345128059387673e-02
8.624735355377197155e-02
8.631252026557922896e-02
8.575449943542480524e-02
8.620068645477295399e-02
8.537970685958862216e-02
8.703579568862915283e-02
8.620338296890259211e-02
8.616090536117554377e-02
8.625641822814941739e-02
8.614165377616882224e-02
8.610038805007934337e-02
8.587434148788451738e-02
8.580292415618896718e-02
8.593334341049194136e-02
8.703301882743835760e-02
8.652073931694030662e-02
8.650781631469726951e-02
8.683027076721192006e-02
8.697511196136474554e-02
8.713306474685668379e-02
8.689204621315002597e-02
8.673893761634826616e-02
8.623262071609497093e-02
8.705546164512634189e-02
8.713413453102111794e-02
8.723549318313598977e-02
8.686528086662292925e-02
8.686464262008666837e-02
8.691425275802612538e-02
8.689800477027892489e-02
8.717700529098511286e-02
8.720502233505249279e-02
8.714872336387634311e-02
8.656134581565856634e-02
8.708342385292053289e-02
8.653006553649902899e-02
8.654632806777953768e-02
8.649598646163940419e-02
8.718795418739318237e-02
8.680442285537719183e-02
8.705444788932800715e-02
8.650888824462890647e-02
8.711685299873352106e-02
8.688109636306762251e-02
8.723431015014648793e-02
8.727847027778624922e-02
8.625134849548339588e-02
8.741596794128417280e-02
8.674023509025573231e-02
8.683938169479370195e-02
8.684443950653075728e-02
8.712788796424865423e-02
8.663306403160095370e-02
8.757565045356750788e-02
8.687809062004089866e-02
8.630545496940612848e-02
8.718999290466308838e-02
8.670443558692932096e-02
8.628975462913512917e-02
8.663227605819702470e-02
8.684621715545653986e-02
8.649323678016662686e-02
8.655341744422911932e-02
8.651265883445739824e-02
8.662885284423828269e-02
8.656576490402222157e-02
8.665041232109069180e-02
8.620740723609923717e-02
8.666681623458862005e-02
8.707189035415649481e-02
8.692887496948242809e-02
8.783899688720703258e-02
8.804376864433288707e-02
8.835169315338134433e-02
8.797535753250121382e-02
8.781003117561340943e-02
8.774544954299927368e-02
8.699802303314209395e-02
8.756238317489624390e-02
8.737843251228331887e-02
8.758426618576049816e-02
8.658229136466980003e-02
8.673030543327331365e-02
8.776130700111389737e-02
8.748717761039734309e-02
8.724488091468811379e-02
8.708678960800170232e-02
8.690590596199035400e-02
8.755272293090819724e-02
8.755832600593567439e-02
8.761825346946716664e-02
8.747457265853882113e-02
8.752556943893433083e-02
8.827367329597472778e-02
8.812863111495972124e-02
8.697176074981689819e-02
8.762374067306519243e-02
8.735668182373046431e-02
8.742377901077270919e-02
8.768039369583130460e-02
8.807961750030517123e-02
8.738098931312561490e-02
8.744974923133849720e-02
8.753832197189330422e-02
8.750983452796935735e-02
8.783775138854980902e-02
8.724450397491455289e-02
8.739610671997070923e-02
8.707083702087402288e-02
8.743409705162048795e-02
8.736067271232604570e-02
8.720703959465027355e-02
8.748400473594665494e-02
8.737530446052550748e-02
8.768182277679442693e-02
8.791066884994507002e-02
8.729706954956054088e-02
8.727931356430053411e-02
8.753079223632811989e-02
8.777530312538146806e-02
8.730807042121886685e-02
8.753970408439636086e-02
8.728992867469786976e-02
8.756618404388427646e-02
8.765801525115966830e-02
8.796132397651672263e-02
8.798892521858214799e-02
8.766514921188355014e-02
8.776398348808288341e-02
8.729393815994263006e-02
8.657225656509399958e-02
8.752521753311157116e-02
8.771354985237121704e-02
8.773505973815917680e-02
8.709099388122558405e-02
8.737129759788513084e-02
8.734222221374511597e-02
8.732199406623840365e-02
8.734141850471496826e-02
8.769938945770264227e-02
8.790427637100219072e-02
8.762354207038879073e-02
8.740373039245605269e-02
8.734466266632080755e-02
8.596749186515807717e-02
8.814224195480346857e-02
8.751987075805664484e-02
8.803406143188476085e-02
8.706392002105713124e-02
8.626741743087767977e-02
8.806745100021362571e-02
8.728952360153198475e-02
8.768073058128357522e-02
8.769342899322510321e-02
8.737057089805602694e-02
8.765436410903930387e-02
8.756941843032836625e-02
8.797282457351685014e-02
8.763075566291808616e-02
8.713017010688781094e-02
8.816699290275573087e-02
8.747911548614502319e-02
8.703541159629821222e-02
8.695987629890442050e-02
8.681176519393921098e-02
8.690996098518372071e-02
8.659580707550049161e-02
8.640377926826477151e-02
8.506768250465393533e-02
8.473798370361328158e-02
8.629715490341186013e-02
8.652287817001343140e-02
8.626978015899658403e-02
8.598019838333130493e-02
8.562474131584167647e-02
8.551478433609008278e-02
8.535378694534301314e-02
8.540712809562682473e-02
8.428856801986694958e-02
8.536881303787231812e-02
8.549957489967345559e-02
8.510915279388427124e-02
8.528545713424683095e-02
8.541624164581299028e-02
8.507981920242309315e-02
8.573984766006469138e-02
8.512788152694701627e-02
8.568213725090026434e-02
8.571168041229247636e-02
8.551706814765930309e-02
8.576132321357726740e-02
8.582842540740966142e-02
8.550372982025146451e-02
8.539736390113830677e-02
8.553255486488342552e-02
8.588060307502747015e-02
8.582011675834655406e-02
8.556575632095336781e-02
8.546129512786865279e-02
8.564591860771178511e-02
8.536838507652282082e-02
