1.462523113724456607e+02
1.234067055959753247e+02
1.451725933299012752e+02
1.610457473348718906e+02
1.512366202565088429e+02
1.405527934770507841e+02
1.340193115690086927e+02
1.214650853841966835e+02
1.248217125618741221e+02
1.225451294453880422e+02
1.238442339153808689e+02
1.298859895117766428e+02
1.239733911461478186e+02
1.203318863914140451e+02
1.048395789204830919e+02
9.920299444750048679e+01
8.240298610468850882e+01
9.207002767387490394e+01
7.866921687693718468e+01
7.798311115493474688e+01
4.908452102935423511e+01
6.496512546107895503e+01
4.435924201878874129e+01
4.445548518406551608e+01
4.590372044644216487e+01
3.880852669781151576e+01
3.452508503421932318e+01
5.213210518620789458e+01
3.101556501185173431e+01
3.648882574915008803e+01
3.409934199441221381e+01
2.562700007454693463e+01
2.168882285227940088e+01
4.520754530856461173e+01
1.813673158094468718e+01
1.848589357764752350e+01
1.767403993318890087e+01
3.042855677278417659e+01
2.104173859130828461e+01
2.036013244548890810e+01
3.242502335256676105e+01
1.107581513501826542e+01
2.382859735909967114e+01
1.843574360086945418e+01
1.826214250104109738e+01
1.326279528886166759e+01
1.712135088082112944e+01
2.379286310603731636e+01
8.555776919830641702e+00
1.116592337748683406e+01
1.668810964766663929e+01
1.414105058952515570e+01
1.175241854183560442e+01
1.613351684867094349e+01
1.276352984847804173e+01
1.866787644595951789e+01
1.482078785017674427e+01
1.777192039263196932e+01
1.584739758449111235e+01
1.452666997466555543e+01
1.171126596512539031e+01
1.399794708330609083e+01
9.410639984718377704e+00
1.774927147662856797e+01
1.650629374511107983e+01
2.140054566877763875e+01
8.418109528859982760e+00
1.057664750611596638e+01
9.662717461928743035e+00
1.257156248475771498e+01
1.025008025077815432e+01
1.812600937247182387e+01
1.467361598951995916e+01
1.213194033524477256e+01
1.404193869453737165e+01
1.312257258138967231e+01
1.411907920954800488e+01
1.710832017957112328e+01
8.320571000546845397e+00
1.550625869341903851e+01
1.567629390606792938e+01
9.308897403317402564e+00
1.357479680278336787e+01
9.961505125045356124e+00
9.341607696258378724e+00
8.607959724883780694e+00
1.364865971917723364e+01
8.971162097783910383e+00
1.536191161585204235e+01
1.322938555234323843e+01
1.443047682977519308e+01
6.731605326565953895e+00
1.349153968171121321e+01
1.106961293307741201e+01
9.353578693904564645e+00
1.187515524493016450e+01
8.411517377659425421e+00
1.017020898079567104e+01
1.104097571164906988e+01
6.118786257189368527e+00
1.001925116952265959e+01
1.638172601408326656e+01
1.027809852913105360e+01
1.214969611233291324e+01
1.335470262117175544e+01
1.633873044042223555e+01
1.321437715837110893e+01
1.170758973155473370e+01
1.180672592429634093e+01
9.835397452396453133e+00
1.491539942994083212e+01
1.159321872738548720e+01
1.225560334765459736e+01
1.041388047502321790e+01
8.869186825639905791e+00
1.388088580287227458e+01
7.009634301312412497e+00
1.139235891948435686e+01
9.317203058118792569e+00
1.397653010156636455e+01
7.353561814072206992e+00
9.316968342217929688e+00
1.419111921104312124e+01
1.100970351060694696e+01
9.893310207053453098e+00
9.618804114300637309e+00
9.095524887720101148e+00
9.769969200696991152e+00
9.122739295509436630e+00
7.685720724591576847e+00
9.007244042135546636e+00
1.906718946956380378e+01
9.002066797265415588e+00
1.801563520014292763e+01
1.058126659747455101e+01
7.478333317935421221e+00
8.737798403065568209e+00
1.732369291759083652e+01
9.743118507564417996e+00
2.313811854932126266e+01
9.133513602267887777e+00
4.489179285604470770e+00
8.411796038835468892e+00
6.107704990377657239e+00
8.076835940608955156e+00
8.620491471159686725e+00
1.073273336739736905e+01
1.076211724822672444e+01
1.086671563386823891e+01
1.032235865891582094e+01
1.603943591997287754e+01
6.666100422249667368e+00
1.344905046288488215e+01
5.454297601691479258e+00
7.711295141055813041e+00
1.170597271857870858e+01
6.438624880669260975e+00
8.048263322692877253e+00
1.008239395343048983e+01
1.036075227509988572e+01
1.339509104770193559e+01
9.105389483500076153e+00
9.447297152856499736e+00
1.364776843720761867e+01
7.416667680496424886e+00
8.206699495780885201e+00
1.058075664018356576e+01
9.457946318907096028e+00
6.159042190260830552e+00
9.126446791163560945e+00
6.645869663018952878e+00
9.047248090873614146e+00
7.999106762625173062e+00
8.838340568795885588e+00
1.120944656659777117e+01
8.366407952683875493e+00
9.087208164521605624e+00
7.093896764955307077e+00
5.702451067065885226e+00
1.176851521343376739e+01
4.664983221065645225e+00
6.983329648376434662e+00
6.669501835278907720e+00
9.465036183786246227e+00
2.108457288738547319e+01
1.102930344877036895e+01
9.323619407942215886e+00
1.200347713749862955e+01
2.260776305878433234e+01
9.705371432383397945e+00
8.281386003119001415e+00
1.165408712005484126e+01
1.405264314941481629e+01
1.042763631158149273e+01
5.695068819087678591e+00
1.074159107568391214e+01
7.636800114374500126e+00
3.758065597896985022e+00
4.865132706336609658e+00
4.074223531305791290e+00
5.913797578895863438e+00
8.013827511087374234e+00
5.701778281842053708e+00
5.174051118933268079e+00
5.689382449163589150e+00
4.175027068584852508e+00
8.945265302678500063e+00
8.073250323170274356e+00
5.340681174021522537e+00
1.264985833946930960e+01
9.124654785314554317e+00
8.951956564067458544e+00
1.094062095706039273e+01
7.060919634885591378e+00
3.895477466611410033e+00
9.366111519525407658e+00
4.185618983444735264e+00
8.434264147907805764e+00
5.930117454188580162e+00
9.676897340525615121e+00
8.466058521509873813e+00
5.599949533641356503e+00
6.399107914418187271e+00
5.117720679696836861e+00
8.236728110145865145e+00
4.855791290685760764e+00
5.715976396875666943e+00
5.496540102799229999e+00
8.533018865168378042e+00
5.191302946008597097e+00
8.887628714943184960e+00
8.031212731303593699e+00
5.495034202516518640e+00
6.193914439826704310e+00
6.986946582422421947e+00
5.510692001571617205e+00
5.804692131848752545e+00
4.654013784112779106e+00
6.226491064197889003e+00
7.707894667577205539e+00
7.912357164784864949e+00
5.978976900958859808e+00
3.831087841728407106e+00
3.775747859062196898e+00
5.627890356966506857e+00
7.204559901901157914e+00
4.271421973544761386e+00
7.225124785348540968e+00
9.562476899326824764e+00
4.903931669991753672e+00
2.894187898265420777e+00
9.493930998971494617e+00
4.206649146452863697e+00
4.079469647677013810e+00
1.058979439600467920e+01
6.586688032765387391e+00
4.726751437671811829e+00
9.069430592998378060e+00
4.603971173429816766e+00
7.544641250089545892e+00
1.101124941481243447e+01
7.430356091119445061e+00
4.677033859882623545e+00
6.006574645974096960e+00
5.445364765970099441e+00
9.693769584035949904e+00
9.427336905956931190e+00
1.103929272410825035e+01
7.452995450384342746e+00
1.183215288052672598e+01
5.823761262043714027e+00
8.689823041325119846e+00
1.091676048505303420e+01
8.030631046557479280e+00
5.717080502514938267e+00
4.619371427135471109e+00
2.692059146013715765e+00
3.250391955191297644e+00
1.150993877491803197e+01
5.854091273368603687e+00
9.769409887998310893e+00
1.004700278571406891e+01
9.738865507629853369e+00
4.110004915844355011e+00
2.729185178767917108e+00
4.748064881182285646e+00
3.734886409600369106e+00
4.171966118967418424e+00
5.467219588667495245e+00
4.653491761332537280e+00
7.666506544146320046e+00
4.014779202385221346e+00
5.767051022240400115e+00
4.148823500274735565e+00
7.838933068688286099e+00
6.758236970903292118e+00
5.719338142480964393e+00
5.473410922059298578e+00
4.074225444079563552e+00
4.031093580274293764e+00
2.920632116214746166e+00
7.274994445643853780e+00
6.255531908544474717e+00
4.335963928181560512e+00
4.549879642989531625e+00
6.758710437670553794e+00
4.269466148528917593e+00
8.166303181090015073e+00
5.145143940493630552e+00
5.064702607168795723e+00
1.202692231693542446e+01
1.438298554332469870e+01
8.415124749305933349e+00
3.472624855207004035e+00
5.106566872363800691e+00
4.658851363656648203e+00
6.078469394926757197e+00
1.510838847512934713e+01
1.496984898171822564e+01
3.976431724267221135e+00
5.228910630707330753e+00
1.140565345697432775e+01
8.537581711634640413e+00
4.983254345611020319e+00
6.532236126661302045e+00
3.484438316871254049e+00
6.199756004846130431e+00
3.841828520491874066e+00
6.197413838949417553e+00
7.275835030357717947e+00
7.775127847283006766e+00
5.947834644798732917e+00
4.826314479628078580e+00
8.618855195320238138e+00
3.533759781824023172e+00
3.856618820978053197e+00
5.950607209576979528e+00
6.126626033919422731e+00
2.247859013685552299e+00
6.801580954036614557e+00
2.952833018621021655e+00
6.561805753758489068e+00
8.950392006006069323e+00
5.785366351624340098e+00
7.411569415218173695e+00
4.636477705105597202e+00
4.909434756788323639e+00
1.325311725981179656e+01
4.982456380956885589e+00
6.781444965008049941e+00
5.140179622313574725e+00
4.911442594938847606e+00
2.728208106496690100e+00
5.990053883218028119e+00
4.100859998538446405e+00
1.436733111204826763e+01
2.655638663340107009e+00
4.093016718519695729e+00
5.951087543747654252e+00
4.977552552888522719e+00
6.104444874008629895e+00
3.721185264957565408e+00
4.646888070031022444e+00
4.592954779000115728e+00
4.430145303344432683e+00
5.429365496369628730e+00
4.174059425592372641e+00
7.865722588341463428e+00
4.049823447712206814e+00
5.830101652917525357e+00
3.354635637503823986e+00
3.433340479922914579e+00
5.122456468036415522e+00
5.262009821850532454e+00
4.293878133695820942e+00
1.120677369393523115e+01
4.181575910538579244e+00
4.688969275970412021e+00
3.187328644395089228e+00
1.131612048391757064e+01
4.975815826889539828e+00
5.236428190128399329e+00
5.987797381551959397e+00
6.899943721064183855e+00
6.271548740142447009e+00
3.232959156095349229e+00
6.168050921707028955e+00
3.460883645773015438e+00
4.654572237101825216e+00
6.238033249930995616e+00
4.950920426821716624e+00
5.630387547618301625e+00
6.227873247121864075e+00
3.215154620832783472e+00
2.460666286185349882e+00
4.308016104530560497e+00
5.960393060936128862e+00
3.468429194191939402e+00
5.785737511383443277e+00
5.354918538034804776e+00
4.341921623301582933e+00
5.416498100295801699e+00
5.140842262088145986e+00
5.739431815453149177e+00
5.325855700421340266e+00
1.011841447461852184e+01
5.147875272600305863e+00
3.502356154367446628e+00
4.570441927523885894e+00
5.738493147148789220e+00
9.406977441260899298e+00
5.137085826647638243e+00
9.134571058389665765e+00
5.008282574129625964e+00
4.837939271089295445e+00
4.066742987887896454e+00
5.117723615487155264e+00
7.668535178552666309e+00
9.274758578186972358e+00
3.687524956305392010e+00
4.434650034425668963e+00
7.108565570419782986e+00
3.455314860299736335e+00
4.002919470239203470e+00
5.047798368551394077e+00
6.623172621623415246e+00
4.356579085698087717e+00
2.961105694872425698e+00
4.109686533237847605e+00
7.245319164042400395e+00
4.643835589134632791e+00
4.232002042354999993e+00
3.885973484207529527e+00
8.519407936062810549e+00
4.358822897056643164e+00
2.750427968494829400e+00
5.839509271883598807e+00
4.247261236738462564e+00
3.766055184989762772e+00
7.515110021011454755e+00
6.404916320993746304e+00
5.079611534758151414e+00
6.986960967319912896e+00
5.100792964475914459e+00
4.292293128748892350e+00
8.669422717149119606e+00
6.330561288159502809e+00
8.364744257611899769e+00
2.555367683739401929e+00
5.192190446214413058e+00
5.860782242056174596e+00
3.338481475222583761e+00
6.992977004478196257e+00
4.542186762088691765e+00
7.266370622754302566e+00
6.864913682407788542e+00
5.343652042072376318e+00
5.631255031979919501e+00
4.681693334415735208e+00
6.117729190406745232e+00
3.307865356797944578e+00
4.226440647431020103e+00
8.750527976828088583e+00
3.598107199589452687e+00
5.165682147940572122e+00
1.051785232075700094e+01
4.105530518929927375e+00
4.170586818063021894e+00
4.814552474905209323e+00
4.984584837290868542e+00
4.442134778229963388e+00
3.205518089619946664e+00
5.099997344567847257e+00
4.389294001567293435e+00
6.644980857490206283e+00
4.456735526193754460e+00
8.084648291091253824e+00
3.882221453842387593e+00
7.565164102226021647e+00
1.078760065007897495e+01
3.302598989610763702e+00
4.106924996440412201e+00
5.752819542386294671e+00
4.149731253332011427e+00
6.143094148972006785e+00
3.051789773053880328e+00
3.650556666436631126e+00
5.704347623552536106e+00
5.705327921306775352e+00
5.186205972490253835e+00
3.454879944218045118e+00
6.813464915983272085e+00
5.613056794721956066e+00
5.765202978595516115e+00
4.551091243791586471e+00
4.324363201327014572e+00
6.617961476269024423e+00
4.128838444789357354e+00
6.755834433747503809e+00
1.359571450412565952e+01
3.772118423645700602e+00
4.414100685424834580e+00
9.652796000453024661e+00
4.081502062190659252e+00
6.232589137603192775e+00
3.540543708890846908e+00
3.146386019183606830e+00
2.673321650986731246e+00
8.243639652351641089e+00
2.332630908174752715e+00
4.559761000606133763e+00
3.697173784627530768e+00
1.177842872029958166e+01
8.296741945144937347e+00
3.106919039958899731e+00
3.893463519776814596e+00
6.767728360197422077e+00
2.693572066927802489e+00
4.742162904117298794e+00
3.328861464988302377e+00
6.359619295083265733e+00
3.944307718427468856e+00
3.583355424981774728e+00
5.036719804487324481e+00
6.389373012206494451e+00
2.899878313332709290e+00
4.724728416691688082e+00
4.781849070273390012e+00
4.551917827956889262e+00
3.243301258016193067e+00
5.416267878061360008e+00
6.706543588860130356e+00
7.085582514184937786e+00
4.613032074794726434e+00
1.192500647163254968e+01
1.274017808189556789e+01
3.688281906965173551e+00
5.749428299849608237e+00
7.029139718150975824e+00
5.237823451639099126e+00
5.347077372277152740e+00
5.822305083578848794e+00
6.188162958614341846e+00
5.111928736962220832e+00
4.842663132876015908e+00
8.504557120333165798e+00
4.418549822315799958e+00
8.974624082547672188e+00
9.954643796889788732e+00
4.177071411089124275e+00
6.986336629997608405e+00
3.627873681225805669e+00
3.172180254003767796e+00
4.117880029089000971e+00
3.618568580694251580e+00
3.677453349436115904e+00
5.836442947016650784e+00
4.172024200744090194e+00
7.088001301265970611e+00
6.033278705280038956e+00
7.266291436168723195e+00
2.713917624737891998e+00
1.218922143057411489e+01
5.850530696878235126e+00
4.124379286164192138e+00
6.481710692209604829e+00
7.866146576021888492e+00
7.032183233823115387e+00
8.091046371025369055e+00
8.208096947176764857e+00
7.988855929498828168e+00
2.162608625751520819e+01
7.308470256585827940e+00
7.706353884361753614e+00
5.292248902263831489e+00
7.791055972074161673e+00
3.861584108408861571e+00
2.414530703445201709e+00
3.883318679191280598e+00
8.222947779274504043e+00
3.344406872955517418e+00
9.112952470304987784e+00
3.761918465950756740e+00
3.920224340457197698e+00
4.792171653753378280e+00
7.927640994121865070e+00
1.011802080595551345e+01
5.383761446774495418e+00
2.434003739953916057e+00
4.643867512498667693e+00
6.060519951260940452e+00
3.060617004184193579e+00
4.302941331543803649e+00
7.391674531055088870e+00
4.257660354477446063e+00
7.157954761896527351e+00
4.284563866121667175e+00
3.268980132254559301e+00
3.743104545886078771e+00
5.560728825947867549e+00
6.349904533747187330e+00
5.912961729646123210e+00
4.688919664570507351e+00
3.975325540076197761e+00
4.964529862404364557e+00
5.014178465141696073e+00
5.787701059531482173e+00
6.287234009805035662e+00
8.749624327935453749e+00
2.905055660570017295e+00
3.644122497233361457e+00
6.089673509929474982e+00
6.097072695404017750e+00
4.273518185247549006e+00
5.550336210727976116e+00
6.385106003816687803e+00
7.330312175091186155e+00
3.189138031702665632e+00
3.358706969244607432e+00
7.690806352026404724e+00
1.458680900854312412e+01
3.234917012315354778e+00
6.307774617694461128e+00
8.318851785807266808e+00
5.925785366148854649e+00
3.615211312923108711e+00
4.423382897981551487e+00
4.722635450861063511e+00
9.003429195258581430e+00
6.142667004903079153e+00
3.251685082705108698e+00
2.993083435326906017e+00
6.581460554337539293e+00
5.653071852999305591e+00
5.272501041978104652e+00
6.843572199143556745e+00
5.429699059403167105e+00
5.960515325111060747e+00
7.563252271361846191e+00
9.973527627079421976e+00
4.925779853871047997e+00
4.815511065581333128e+00
6.559131346847367539e+00
3.296561001369406885e+00
5.028584966120795308e+00
4.966860356887382366e+00
5.964619069423571673e+00
4.044994477805244237e+00
4.500562683190111102e+00
5.190452876430860840e+00
5.241009108022547380e+00
4.206300820531502893e+00
3.038485176099045226e+00
7.002436185370217281e+00
4.918963748424211246e+00
1.141125596518908658e+01
6.220638512812985965e+00
6.839189676887109215e+00
2.927883479634754149e+00
1.055299250751536455e+01
7.982703150135494141e+00
4.345222219626480253e+00
3.106236190688012044e+00
7.332390415065266787e+00
3.660886811537582997e+00
4.477029529395645469e+00
6.101086141437312982e+00
9.650096612595147505e+00
3.466668094454337989e+00
4.987515850778954096e+00
2.760564691418075700e+00
1.419367853307280747e+01
3.361778716625829944e+00
8.351741047004454188e+00
4.199716411452046216e+00
4.408554051584034461e+00
8.572040651366299002e+00
3.233112334605162896e+00
3.698913349623313973e+00
4.153940239851431571e+00
3.317061762996443175e+00
7.800571266855662600e+00
8.604320292761720168e+00
5.568958401900037991e+00
5.097895398357749741e+00
6.482423392125461703e+00
3.118462775296517719e+00
7.975632998295911769e+00
4.219459778103287206e+00
7.869146575669254240e+00
3.317290036039715950e+00
7.373938603835488159e+00
4.067384764921695428e+00
7.839182786416643900e+00
3.695166028063512353e+00
4.200237953806316149e+00
6.994393429992801892e+00
3.892811775628151061e+00
4.093640190461615092e+00
4.304711250418900015e+00
6.017729614917517011e+00
5.613729944493790924e+00
5.329253447677381850e+00
7.744433564464891617e+00
5.888072859198015152e+00
5.605117710402680586e+00
1.049514471763064805e+01
5.105710575439262655e+00
4.426710770708366383e+00
4.107014497154072963e+00
2.671989231808606480e+00
2.872753719135628270e+00
4.149692872632750884e+00
5.055415174899097863e+00
5.075786555020412649e+00
3.137644430933782758e+00
4.611746955468758458e+00
3.166728201298803835e+00
5.851553315836603097e+00
6.447025774985331914e+00
2.493631270951393475e+00
3.494344824675565064e+00
9.530237140468409862e+00
3.924149686879093935e+00
5.069599338073225603e+00
1.372500959547686605e+01
3.235907308360774337e+00
5.054525733978988633e+00
5.990668459259416601e+00
4.448213564063880021e+00
5.640868793996223651e+00
7.588295663276951153e+00
3.404629700362075795e+00
5.518453570076037096e+00
7.154278537609711108e+00
2.805083281436234088e+00
5.118114253849816109e+00
6.011907306114300908e+00
5.211442270586890579e+00
9.575412994519648890e+00
6.386552048489678057e+00
3.541966251439030877e+00
1.322455264901067551e+01
3.158792944897600208e+00
3.227584219816288069e+00
4.503994581824978027e+00
3.363718883236470614e+00
4.368794921072756132e+00
3.488655747396775642e+00
5.947776664476695174e+00
2.613867772669580258e+00
2.593029587337224218e+00
3.976256802715007588e+00
2.731175917841803358e+00
6.240427550109617805e+00
4.787366087920235103e+00
3.437699091154065911e+00
5.909984583445088369e+00
3.656473163390762782e+00
6.360610430908609558e+00
4.943144567996329286e+00
4.559072620290252509e+00
8.849846198736678105e+00
2.438613479251595884e+00
2.928763866138438754e+00
4.228497352172744250e+00
6.171869293358700048e+00
9.630620968857057207e+00
5.851914223547619365e+00
4.972548704496037253e+00
5.087283178367593806e+00
4.597835810402563617e+00
6.132109375931452000e+00
1.823003902015572564e+01
6.765880629034491278e+00
4.612284270745610648e+00
2.340048129479816907e+01
2.925443166593659328e+00
4.133591848910739053e+00
3.804352364746515835e+00
6.993038066018002041e+00
3.522055364690221069e+00
9.343265976051288391e+00
3.968467941763319740e+00
1.071219332062914198e+01
4.380172260784354066e+00
3.973744269410077301e+00
3.710082498007041263e+00
3.577126982154992252e+00
1.573829842513493915e+01
1.326978055775447096e+01
2.780347121641796537e+00
8.558612812067575959e+00
4.058228576299614865e+00
1.093526767446253345e+01
4.872614570812078050e+00
6.790469455998815462e+00
5.544438919651423880e+00
8.714940812962437278e+00
3.872966285861864755e+00
4.304629788370568200e+00
4.097020599960203846e+00
2.912957848408449291e+00
2.319365702825562092e+00
3.879426769602215330e+00
3.361393931874086860e+00
5.783047417532150014e+00
3.662613442057693902e+00
6.929426606436899228e+00
3.824179111510646045e+00
5.133484447682877594e+00
4.139006976645364766e+00
5.091043610748512194e+00
6.637152773024542540e+00
5.741512555059750333e+00
7.413735026717065857e+00
3.537332074089844181e+00
4.536744019616404167e+00
8.970761400284812837e+00
3.088699355583920614e+00
1.755882194898570603e+01
5.707946750075961972e+00
3.075552880250006726e+00
5.012430221617398374e+00
4.336817152245382445e+00
8.035353693175926182e+00
3.291570109661619004e+00
3.579113089077601728e+00
8.505191639130309511e+00
3.727428168999823654e+00
8.236067856098372886e+00
7.271633922055919186e+00
4.637966242778765569e+00
5.204682493700567569e+00
4.159742415035191598e+00
5.970969616338275721e+00
5.741933033169657641e+00
1.048764634521420724e+01
1.069401253217646364e+01
5.205742897180258844e+00
4.420725259591604228e+00
3.359109957022807347e+00
3.267362155715477723e+00
3.052588923754234962e+00
4.797395986220842623e+00
6.775855327260029703e+00
5.642710339481668669e+00
3.796449055753414292e+00
1.061295504058686134e+01
3.428295476216272064e+00
2.895304066120643061e+00
3.680538582582849383e+00
3.575584196389900438e+00
1.077195309936829126e+01
7.496184636306422178e+00
2.699164793202638357e+00
5.019515601211149480e+00
3.137189770202624572e+00
3.517481634397639390e+00
8.950085555098342027e+00
5.340281492875499580e+00
2.202328744200341415e+00
3.388463071094474088e+00
4.862355718448569064e+00
8.949086197545883081e+00
4.541166919857018591e+00
1.461888830377386661e+01
2.143612225069785104e+00
3.556903141281281489e+00
3.830517817777552736e+00
3.080871077560417337e+00
4.691703530118783050e+00
1.004694472475292422e+01
2.696820002738752553e+00
5.671304354509598689e+00
5.159864920613030925e+00
3.975586384767133108e+00
3.126485343461616662e+00
4.720383762555941942e+00
2.955915701143785768e+00
3.557510916659871736e+00
3.531807755887860445e+00
2.940010198085129645e+00
3.613326085703719492e+00
2.420511396288406836e+00
4.122284491859149469e+00
4.212956136687311393e+00
3.081952184317794607e+00
1.467348462715821711e+01
3.499896124692301935e+00
4.886838293804994571e+00
3.849650183677791659e+00
6.154655603518071949e+00
2.554206537598301185e+00
7.241379078597565133e+00
8.242321168093527106e+00
3.443331684611096399e+00
3.967761640041053361e+00
4.312286478734621120e+00
6.263326388010181489e+00
3.562489080016678411e+00
6.957764255629995453e+00
6.228416367100791717e+00
7.296069513630940584e+00
6.610641462027483151e+00
4.000534774059280707e+00
3.620081380217111455e+00
4.763772469030006285e+00
5.051341643334340326e+00
9.508385566859026028e+00
3.021889247951708324e+00
6.395634334008605038e+00
7.136728467726499936e+00
6.835498536184943852e+00
2.516231025784736897e+00
6.719962013295342373e+00
6.165414788544859803e+00
5.111280320051979409e+00
2.510844891788996502e+00
9.955021424953731213e+00
4.458478716701693934e+00
2.334277698456679317e+00
4.851889101364983858e+00
3.055461638971612270e+00
5.402541351098838263e+00
3.771337018770355876e+00
5.770945026658269583e+00
2.928940722358389870e+00
3.705081196275637367e+00
5.994127753826217209e+00
4.925704812366787699e+00
3.762123861658297042e+00
4.210861425186132934e+00
3.409494881388036358e+00
7.096725323106981342e+00
3.068021160386368518e+00
5.443297467449418114e+00
6.315695877289742022e+00
4.795469057831912352e+00
4.798723457714177520e+00
4.180480020265656904e+00
4.939587206555166254e+00
4.335274907234546227e+00
8.929111406032857801e+00
4.307473547935111391e+00
7.579583440046934406e+00
2.905342257090921088e+00
6.403289230147879429e+00
4.228874524307655314e+00
6.901008366090645829e+00
5.663362913506460039e+00
3.826026157023429519e+00
6.218219148368872240e+00
5.782572735011784815e+00
6.223795694381330179e+00
4.700938872537023805e+00
6.191683237186209610e+00
5.734554063547919966e+00
8.537427474568644925e+00
7.758120351638329026e+00
3.429520093062503605e+00
3.427794009710465328e+00
3.428439271828018331e+00
4.413175045761875026e+00
4.481302486446225863e+00
6.104177335934316773e+00
4.361897507137966201e+00
3.242315666134369057e+00
3.772998372764950759e+00
7.817280478870177518e+00
3.955352133459008268e+00
5.764819399205851624e+00
7.746514036810225434e+00
3.322491418100065985e+00
3.590087024518889169e+00
9.772777064289131843e+00
3.172316154699133861e+00
4.084151594516190364e+00
8.610106112556707103e+00
1.325949899464851356e+01
5.026985998281945811e+00
9.710975112664097963e+00
2.942340155855427408e+00
4.258903973386193087e+00
5.434820242031545234e+00
3.709344989308990037e+00
6.395540250918686276e+00
3.538113995875454165e+00
4.271046716156879697e+00
9.827033108668482342e+00
3.713425397831630725e+00
7.429915917665105063e+00
4.707761879066457489e+00
9.689985311833034132e+00
6.981596215716487031e+00
3.415886451072977170e+00
4.371034060033810675e+00
3.459317721431341752e+00
7.673757721571133672e+00
