2.146596982479095361e-01
3.734742259979247775e-02
3.654929971694946544e-02
3.626633977890014737e-02
3.632397651672363004e-02
3.649640464782714921e-02
3.620922303199768100e-02
3.637043237686157088e-02
3.639974689483642389e-02
3.627515387535094893e-02
3.614330840110778487e-02
3.640047717094421070e-02
3.646103334426879783e-02
3.637312698364257579e-02
3.645389127731323009e-02
3.639655947685241366e-02
3.640657186508178961e-02
3.646269464492797596e-02
3.657893037796020735e-02
3.671167445182800526e-02
3.658228182792663818e-02
3.670608305931091081e-02
3.658150672912597462e-02
3.637209224700927584e-02
3.656549334526062317e-02
3.692069387435913119e-02
3.697416734695434248e-02
3.679631876945495261e-02
3.683371281623840088e-02
3.666941499710082986e-02
3.691979122161865440e-02
3.676333808898925998e-02
3.652335190773010193e-02
3.639701366424560880e-02
3.685928320884704346e-02
3.711633110046386880e-02
3.680501747131347673e-02
3.691419959068298340e-02
3.671303820610046648e-02
3.692427873611450057e-02
3.686170935630798257e-02
3.690444827079773088e-02
3.706833505630493381e-02
3.715194821357727106e-02
3.656038475036620800e-02
3.697327089309692533e-02
3.733808398246764998e-02
3.735763120651244829e-02
3.735495281219482211e-02
3.712099146842956499e-02
3.739168167114257507e-02
3.706483125686645813e-02
3.749442768096923617e-02
3.656754612922668429e-02
3.725507068634033303e-02
3.714395356178283591e-02
3.681348943710326810e-02
3.721194744110107450e-02
3.730400609970092873e-02
3.713259840011596397e-02
3.727086687088012468e-02
3.709591746330261064e-02
3.746553540229797391e-02
3.707766175270080233e-02
3.726853585243224826e-02
3.722644400596618330e-02
3.734328413009643799e-02
3.764121270179748846e-02
3.735248827934264937e-02
3.712988352775573736e-02
3.779705905914306635e-02
3.736645960807800232e-02
3.717172169685363514e-02
3.769430088996886946e-02
3.750182652473449396e-02
3.717306327819824147e-02
3.750966072082519837e-02
3.767379164695739552e-02
3.784670472145080372e-02
3.734934449195861927e-02
3.759027934074402055e-02
3.709493064880371033e-02
3.768429613113403326e-02
3.730292487144470231e-02
3.723698949813842446e-02
3.773778986930847318e-02
3.742196226119995361e-02
3.749702358245849548e-02
3.745271015167236234e-02
3.751671862602233565e-02
3.753754305839538535e-02
3.758764767646789740e-02
3.749120259284972889e-02
3.769986939430236550e-02
3.775385975837707714e-02
3.739336705207824824e-02
3.770122098922729786e-02
3.757347583770751648e-02
3.753622508049011403e-02
3.774534869194030862e-02
3.722567510604858632e-02
3.778179430961609020e-02
3.754058647155762013e-02
3.766048860549926769e-02
3.741134977340698081e-02
3.775286436080932395e-02
3.748693275451660256e-02
3.770572090148925637e-02
3.765950608253478687e-02
3.742429041862487676e-02
3.728756356239319031e-02
3.789795255661011081e-02
3.794084072113037415e-02
3.782771492004394220e-02
3.783192276954650685e-02
3.731100583076477073e-02
3.789855599403381403e-02
3.764174985885620356e-02
3.684140682220458929e-02
3.779626059532165822e-02
3.785099291801452548e-02
3.679219698905945163e-02
3.756652808189392401e-02
3.740326189994812311e-02
3.758682513236999423e-02
3.768846058845520125e-02
3.771828126907348505e-02
3.812596249580383484e-02
3.778980731964111384e-02
3.812804388999938704e-02
3.767543745040893843e-02
3.817776441574096541e-02
3.798082613945007180e-02
3.783328652381896806e-02
3.643106412887573559e-02
3.787410807609557784e-02
3.783965635299682551e-02
3.779120278358459595e-02
3.802165365219116466e-02
3.806418895721435519e-02
3.744734954833984358e-02
3.788736462593078613e-02
3.791126322746277144e-02
3.779612112045287881e-02
3.789046144485473666e-02
3.825019955635070718e-02
3.780972719192504661e-02
3.781652617454529103e-02
3.787549304962158081e-02
3.793931293487548539e-02
3.798016047477722340e-02
3.799151754379272161e-02
3.795362854003906522e-02
3.815460014343261680e-02
3.774308657646179010e-02
3.791621088981628196e-02
3.806092357635498108e-02
3.800549817085266402e-02
3.772395348548888971e-02
3.687544894218444669e-02
3.812197303771972662e-02
3.812025761604308921e-02
3.688122630119324008e-02
3.816524481773376359e-02
3.815810036659240956e-02
3.783117818832397450e-02
3.672699403762817727e-02
3.803200697898864724e-02
3.840303754806518449e-02
3.806757998466491627e-02
3.851153373718261413e-02
3.841748976707458352e-02
3.735755062103271462e-02
3.786819767951965510e-02
3.751260399818420743e-02
3.792206859588623247e-02
3.754844737052917547e-02
3.786364674568176020e-02
3.807890796661377031e-02
3.824911856651306424e-02
3.777114677429199013e-02
3.819184517860412659e-02
3.812169885635376121e-02
3.799035906791686790e-02
3.709812927246093628e-02
3.688434863090515187e-02
3.781314134597778265e-02
3.718591928482055387e-02
3.823924922943115062e-02
3.816771626472473256e-02
3.763878512382507618e-02
3.819132852554320973e-02
3.799209642410278365e-02
3.856086444854736617e-02
3.836149835586547679e-02
3.818252134323120439e-02
3.841462445259094527e-02
3.779312801361083690e-02
3.779558444023132374e-02
3.816156673431396473e-02
3.836268734931945479e-02
3.788280606269836537e-02
3.729718899726867931e-02
3.815467309951782460e-02
3.854105544090270785e-02
3.832500553131103216e-02
3.823920512199401739e-02
3.787336921691894509e-02
3.842131519317627114e-02
3.806909298896789251e-02
3.824130678176879822e-02
3.816721940040588429e-02
3.853330636024475397e-02
3.837726116180419783e-02
3.832363605499267828e-02
3.817200994491577043e-02
3.818433046340942438e-02
3.814397048950195213e-02
3.815356516838074030e-02
3.794222187995910378e-02
3.834077692031860607e-02
3.839952397346496626e-02
3.793887662887573259e-02
3.852105307579040822e-02
3.709705400466918601e-02
3.839920997619628712e-02
3.822064828872680925e-02
3.817677068710326888e-02
3.847959375381469760e-02
3.843262076377868680e-02
3.860412859916687034e-02
3.815692210197448725e-02
3.815924048423766785e-02
3.778773498535156067e-02
3.778357672691345231e-02
3.836635351181030135e-02
3.823755311965942177e-02
3.847945356369018854e-02
3.816940164566039878e-02
3.844615721702576011e-02
3.848523950576782093e-02
3.825650954246521268e-02
3.821873950958251664e-02
3.828432488441467496e-02
3.836959052085876787e-02
3.821745300292968966e-02
3.838461184501647944e-02
3.778994703292846979e-02
3.841584634780884078e-02
3.851051211357117005e-02
3.821244382858276362e-02
3.812402439117431457e-02
3.855453014373779602e-02
3.875226044654846158e-02
3.786986327171325967e-02
3.828852772712707658e-02
3.737315607070922779e-02
3.844715857505798251e-02
3.839361453056335666e-02
3.884270310401916754e-02
3.871820569038390836e-02
3.852432966232299805e-02
3.871930932998657315e-02
3.874370694160461648e-02
3.807159328460693604e-02
3.859473705291747991e-02
3.854047274589538635e-02
3.854414963722228860e-02
3.841111612319945967e-02
3.818686962127685464e-02
3.878849411010742293e-02
3.835907220840453768e-02
3.723179221153258972e-02
3.774381017684936418e-02
3.772998046875000039e-02
3.742817759513854953e-02
3.781266641616821272e-02
3.814815139770507540e-02
3.849290633201599143e-02
3.866935133934021329e-02
3.855203270912170577e-02
3.849676871299743952e-02
3.850048089027404558e-02
3.875708413124084178e-02
3.733765125274658009e-02
3.877567219734191772e-02
3.883800363540649420e-02
3.838459897041320706e-02
3.872020530700683721e-02
3.859510183334350503e-02
3.858100271224975536e-02
3.843881630897522106e-02
3.872196888923645081e-02
3.874923110008239580e-02
3.893854808807373225e-02
3.798105883598327376e-02
3.850187683105468772e-02
3.868581485748290999e-02
3.888680601119995361e-02
3.822679090499878085e-02
3.861381030082702837e-02
3.888317823410034069e-02
3.859515380859374761e-02
3.893861079216003745e-02
3.835587334632873519e-02
3.895133924484252969e-02
3.869638895988464222e-02
3.840257310867309370e-02
3.876839423179626737e-02
3.864943099021911355e-02
3.836579871177673434e-02
3.812405037879943587e-02
3.679154515266418179e-02
3.851676344871521329e-02
3.870497441291809171e-02
3.858717322349548146e-02
3.836247706413269121e-02
3.883189058303832680e-02
3.885769104957580850e-02
3.880689215660095004e-02
3.890698313713073647e-02
3.860103940963745262e-02
3.893950819969177468e-02
3.893521356582641674e-02
3.904209613800049133e-02
3.897177577018737932e-02
3.815767216682434265e-02
3.909058237075805492e-02
3.910403156280517489e-02
3.848168992996215537e-02
3.888426542282104326e-02
3.892177104949950950e-02
3.905317282676696450e-02
3.888246417045593262e-02
3.874899482727051092e-02
3.888583803176880183e-02
3.864344429969787664e-02
3.855436372756958219e-02
3.889958214759826893e-02
3.898657798767089788e-02
3.930309271812439109e-02
3.916297149658203025e-02
3.886212444305420233e-02
3.892893028259277605e-02
3.915620422363281367e-02
3.854881930351257424e-02
3.898994445800781083e-02
3.909795856475829778e-02
3.891408991813659346e-02
3.896642017364501664e-02
3.894346141815185208e-02
3.894239568710327476e-02
3.909178566932678539e-02
3.933677482604980291e-02
3.903875398635864302e-02
3.891819953918457253e-02
3.882281351089477556e-02
3.907752966880798096e-02
3.891324615478515547e-02
3.894100022315979265e-02
3.843571305274963434e-02
3.914880156517028947e-02
3.910894298553466847e-02
3.940236616134643738e-02
3.871077942848205611e-02
3.855892181396484292e-02
3.924704813957214516e-02
3.902860832214355424e-02
3.884110999107361073e-02
3.897970318794250627e-02
3.898422002792358704e-02
3.943787288665771829e-02
3.917524099349975475e-02
3.890196204185485812e-02
3.906611132621765070e-02
3.924975800514220875e-02
3.881315684318542569e-02
3.870838689804077110e-02
3.778428316116332758e-02
3.734606766700744596e-02
3.876618790626525785e-02
3.880236935615539312e-02
3.918669462203979575e-02
3.905751371383667236e-02
3.922969031333923412e-02
3.915185976028442288e-02
3.924467277526855202e-02
3.913954567909240512e-02
3.902082777023315602e-02
3.899900245666503701e-02
3.894520235061645769e-02
3.890008115768432695e-02
3.948572707176208757e-02
3.917703127861022622e-02
3.900190329551696949e-02
3.911093187332153470e-02
3.925262069702148415e-02
3.931271457672119024e-02
3.956077933311462347e-02
3.917043876647949285e-02
3.920770335197448775e-02
3.909615159034728754e-02
3.898128104209899747e-02
3.884350061416626254e-02
3.913959455490112482e-02
3.870314025878906355e-02
3.781578421592712153e-02
3.908905196189880332e-02
3.923942613601684448e-02
3.927428913116454839e-02
3.927905726432800310e-02
3.824860239028930742e-02
3.924134325981139954e-02
3.924665808677673534e-02
3.932379794120788308e-02
3.914533495903015081e-02
3.926820039749145258e-02
3.910151648521423273e-02
3.909739422798156477e-02
3.900498557090759100e-02
3.935420823097229154e-02
3.927583980560302862e-02
3.952584910392761136e-02
3.956113886833190901e-02
3.917628407478332409e-02
3.865421104431152055e-02
3.848214149475097379e-02
3.934554696083068792e-02
3.892782735824584783e-02
3.948307585716247237e-02
3.950776219367981013e-02
3.934387230873107738e-02
3.924914622306823614e-02
3.897797155380249012e-02
3.918303394317627225e-02
3.910420584678649808e-02
3.907301926612854331e-02
3.918745923042297324e-02
3.918626475334167220e-02
3.942288851737976024e-02
3.864906454086303872e-02
3.818015670776367387e-02
3.846638822555541876e-02
3.793754839897155867e-02
3.911932134628295921e-02
3.872593712806701727e-02
3.785534524917602561e-02
3.780611753463745256e-02
3.820563769340515337e-02
3.903992629051208224e-02
3.913752007484436191e-02
3.863678622245788480e-02
3.728678178787231401e-02
3.861662721633911388e-02
3.851709318161010420e-02
3.903291511535644798e-02
3.913575196266174533e-02
3.917977786064148066e-02
3.905049777030945163e-02
3.913298344612121255e-02
3.891386103630065790e-02
3.873227548599243036e-02
3.884166884422302068e-02
3.904546332359314087e-02
3.873020911216736029e-02
3.868342399597168163e-02
3.853518676757812511e-02
3.871557617187500189e-02
3.878649187088012429e-02
3.838597583770751720e-02
3.825378060340881015e-02
3.870211696624755587e-02
3.857333755493164151e-02
3.844752144813537442e-02
3.833781290054321528e-02
3.842720007896423262e-02
3.879517722129821600e-02
3.820752382278442411e-02
3.805748414993286033e-02
3.837242841720581166e-02
3.848766708374023321e-02
3.846453261375427229e-02
3.820358777046203858e-02
3.826265954971313360e-02
3.848612499237060586e-02
3.873114562034606773e-02
3.880591988563537875e-02
3.882085704803466680e-02
3.875094985961913957e-02
3.860575723648071444e-02
3.879109644889831843e-02
3.875672197341918646e-02
3.873477983474731684e-02
3.856514120101928872e-02
3.872190403938293585e-02
3.855457472801208235e-02
3.835146737098693581e-02
3.860253071784973400e-02
3.924669694900512901e-02
3.894147825241088545e-02
3.878002119064331149e-02
3.861238288879394187e-02
3.781519532203674039e-02
3.763633012771606251e-02
3.888031625747680881e-02
3.885394167900085155e-02
3.877636814117431385e-02
3.845768737792968489e-02
3.850745964050292930e-02
3.888384890556335211e-02
3.882664060592651289e-02
3.888877010345458823e-02
3.891854119300842269e-02
3.898473811149597013e-02
3.887648248672485179e-02
3.879423499107360895e-02
3.851876187324523859e-02
3.871214032173156405e-02
3.867101049423217474e-02
3.832070565223694159e-02
3.879151034355163286e-02
3.835547995567321899e-02
3.847852182388305370e-02
3.829095220565795904e-02
3.786650753021240240e-02
3.791483283042907521e-02
3.782791972160339661e-02
3.811020469665527682e-02
3.797861099243163979e-02
3.775358128547668529e-02
3.777331447601318254e-02
3.736261987686156916e-02
3.803383469581603921e-02
3.792145371437073004e-02
3.761404895782470559e-02
3.795593285560607683e-02
3.765448999404907154e-02
3.803161191940307440e-02
3.788044786453247104e-02
3.805519270896911416e-02
3.813591718673706166e-02
3.827730560302734092e-02
3.873475122451781882e-02
3.883401370048523288e-02
3.839919853210449485e-02
3.864880037307739241e-02
3.889774847030639388e-02
3.884537172317505116e-02
3.888075065612792841e-02
3.859530067443847634e-02
3.876279425621032698e-02
3.837784385681152627e-02
3.855006670951843101e-02
3.859772753715515203e-02
3.877070689201354836e-02
3.875527215003967546e-02
3.846977806091308322e-02
3.886670231819153165e-02
3.871608567237853904e-02
3.901957130432128634e-02
3.841645956039428655e-02
3.876029372215270691e-02
3.859340858459472945e-02
3.867652368545532182e-02
3.883605313301086159e-02
3.869848513603210693e-02
3.771254873275756841e-02
3.874904513359069685e-02
3.847372984886169439e-02
3.848650979995727611e-02
3.903320097923278914e-02
3.903768730163574563e-02
3.908307552337646207e-02
3.904114747047424117e-02
3.882786774635314797e-02
3.929112458229064991e-02
3.930011415481567127e-02
3.900986599922180026e-02
3.857805275917053356e-02
3.880715489387512318e-02
3.880709576606750782e-02
3.884630751609802202e-02
3.860687351226806813e-02
3.860481238365173068e-02
3.864870762825012296e-02
3.876084017753601146e-02
3.881717181205749517e-02
3.861911940574645763e-02
3.882951378822326743e-02
3.898061895370483199e-02
3.881198191642760975e-02
3.897148633003234830e-02
3.880195713043212841e-02
3.893843245506286438e-02
3.874063944816589361e-02
3.718991470336913824e-02
3.856497955322265442e-02
3.892384338378906267e-02
3.933434677124023754e-02
3.905158758163452398e-02
3.960101342201233221e-02
3.941450977325439142e-02
3.872154808044433322e-02
3.931441831588745189e-02
3.929186081886291287e-02
3.960331654548644720e-02
3.901285338401794256e-02
3.945106244087219494e-02
3.901216721534728898e-02
3.923251652717590215e-02
3.852792549133300659e-02
3.935691928863525174e-02
3.943564939498901689e-02
3.931011795997619435e-02
3.913999676704407044e-02
3.986854505538940663e-02
3.968343925476074119e-02
3.923784446716308688e-02
3.915988492965698231e-02
3.962000727653503668e-02
3.952864646911621177e-02
3.936173462867736950e-02
3.924309277534485108e-02
3.918903875350952110e-02
3.920309948921203713e-02
3.924547123908996710e-02
3.962016463279724454e-02
3.906754302978515669e-02
3.964592337608337236e-02
3.957996344566345331e-02
3.952709388732909834e-02
3.937451457977295122e-02
3.971307992935180914e-02
3.925186133384704623e-02
3.958721065521240284e-02
3.961103558540344377e-02
3.948888516426086320e-02
3.933785319328308300e-02
3.949340224266052052e-02
3.965378546714782432e-02
3.922412276268005121e-02
3.961285829544067272e-02
3.969549179077148243e-02
3.931305456161499068e-02
3.915117597579956255e-02
3.918291521072387457e-02
3.930697751045227062e-02
3.924372029304504239e-02
3.925949120521545627e-02
3.945536398887634216e-02
3.928634667396545266e-02
3.954133272171020397e-02
3.933915686607360879e-02
3.949378037452697804e-02
3.912319445610046298e-02
3.936117625236511264e-02
3.967287182807922169e-02
3.923420691490173140e-02
3.946421408653259105e-02
3.998856878280639821e-02
3.934294843673705883e-02
3.962833714485168579e-02
3.964610028266906533e-02
3.926143527030944574e-02
3.950278186798095864e-02
3.960857701301574718e-02
3.904587554931640558e-02
4.004588818550109536e-02
3.954241657257080017e-02
3.945311236381530973e-02
3.928669857978820540e-02
3.977485513687133850e-02
3.973572611808776772e-02
3.866953492164611900e-02
3.972656941413879594e-02
3.979138660430907998e-02
3.940323376655578691e-02
3.918816995620727495e-02
3.950925993919372770e-02
3.953188705444336121e-02
3.948701238632202487e-02
3.944965076446533409e-02
3.957314777374267706e-02
3.995465803146362044e-02
3.987450861930846857e-02
3.946562886238098172e-02
3.921743869781493808e-02
3.944944834709167292e-02
3.994690179824829379e-02
3.921502590179443137e-02
3.991578292846680032e-02
3.973321175575256214e-02
3.982228732109070052e-02
3.976021885871887374e-02
3.950916433334350497e-02
3.981450271606445240e-02
3.985597038269043241e-02
3.977830648422241155e-02
3.961808562278747864e-02
3.989380598068237305e-02
4.003606677055358831e-02
3.890316319465637190e-02
3.942809677124023415e-02
3.969970202445984031e-02
3.974120235443115434e-02
3.958213734626769842e-02
3.998380851745605286e-02
3.970570302009582275e-02
3.920801258087158042e-02
3.933935451507568348e-02
3.986259269714355347e-02
3.970385837554931546e-02
3.959113144874572970e-02
4.004237055778503418e-02
3.985890412330627547e-02
3.977331686019897755e-02
3.991383814811706732e-02
4.027692294120788913e-02
3.952819061279296692e-02
3.951785492897033625e-02
3.988230276107788269e-02
3.999344635009765420e-02
3.961840844154358027e-02
3.977878117561340493e-02
4.007667565345764127e-02
3.981038117408752103e-02
3.971808481216430875e-02
3.986881041526794262e-02
3.990901231765747043e-02
3.975267910957336337e-02
3.996287345886230524e-02
3.967788267135620439e-02
3.970858836174011308e-02
3.977793264389038047e-02
3.992232680320739746e-02
3.967898893356323203e-02
3.968523359298706255e-02
4.006263756752014016e-02
3.956922221183777066e-02
4.000264430046081288e-02
3.998572468757629478e-02
4.020257472991943526e-02
3.996008396148681419e-02
4.023552799224853344e-02
3.951263737678527982e-02
4.038382720947265858e-02
4.016798233985900690e-02
3.979660820960998630e-02
4.013631463050842257e-02
3.975423026084899669e-02
3.986550283432006847e-02
4.002730536460876593e-02
3.984955668449401828e-02
4.017883825302123735e-02
4.030628323554992509e-02
4.031328487396240029e-02
4.056173419952392722e-02
4.023224687576294062e-02
3.977303767204284912e-02
3.961733627319335982e-02
3.968253207206726141e-02
3.989465165138244424e-02
3.946050071716308838e-02
4.017814087867736805e-02
4.021697497367859170e-02
4.006853961944580045e-02
3.960989642143249168e-02
3.989622354507446622e-02
4.002425813674926475e-02
4.008410668373107999e-02
4.015939021110534468e-02
3.945202589035034374e-02
3.897553539276123191e-02
3.935346913337707531e-02
3.999617242813110346e-02
3.969650292396545432e-02
4.017230033874511635e-02
4.019801640510559104e-02
3.982182550430297951e-02
3.964811277389526656e-02
3.982539057731628723e-02
3.990611410140991466e-02
3.978975510597228954e-02
3.979789853096007968e-02
3.976314449310302396e-02
3.971363091468810974e-02
3.964695835113525579e-02
4.008511757850646839e-02
3.900132322311401084e-02
3.967731642723083818e-02
3.943801689147949374e-02
3.873952555656433316e-02
3.979368615150451899e-02
3.961711716651916682e-02
3.955189967155456343e-02
3.960899400711059837e-02
3.940669536590576255e-02
3.972103881835937350e-02
3.964322853088379089e-02
3.980298614501952964e-02
3.997623562812804843e-02
4.008808398246765242e-02
3.993819308280945057e-02
3.977443695068359070e-02
3.984969663619995078e-02
3.998532199859618913e-02
3.945617794990539245e-02
4.000316810607910251e-02
4.044398522377014304e-02
4.029149270057678228e-02
4.006352567672729487e-02
3.985810780525207708e-02
3.985223054885864147e-02
3.958204436302185242e-02
3.960997462272643904e-02
3.916436004638671614e-02
3.967057585716247253e-02
3.966456723213195729e-02
4.005838751792907548e-02
4.012234377861022966e-02
4.034575533866882613e-02
4.039428639411925953e-02
4.039584517478942566e-02
4.021983814239502020e-02
4.017961359024047746e-02
3.991170835494994851e-02
4.025684094429016202e-02
4.027272391319274697e-02
4.007182526588439625e-02
4.052644562721252619e-02
4.014066982269286904e-02
3.975985312461852855e-02
4.049930524826049483e-02
4.008142423629761086e-02
3.983169341087341303e-02
3.987074899673461598e-02
4.000682210922241328e-02
4.001844644546508761e-02
3.968964052200317505e-02
3.997510862350463906e-02
3.985681343078613381e-02
3.996813964843749789e-02
3.973910093307495006e-02
3.984868144989013594e-02
4.007627844810485868e-02
3.987488150596618652e-02
4.021686244010925365e-02
3.997400832176208757e-02
4.001691627502441256e-02
3.986431813240050998e-02
4.029524374008178894e-02
4.020362854003906028e-02
4.010848999023437778e-02
4.006064891815185741e-02
4.000314974784851402e-02
4.035617089271545388e-02
3.986779451370239119e-02
4.004568791389465088e-02
4.003729486465454346e-02
4.018696308135986245e-02
4.011091709136963002e-02
4.017618560791015592e-02
4.015176725387573087e-02
3.988772130012512018e-02
3.852350378036498851e-02
3.985698986053466675e-02
3.992982506752014438e-02
4.004774427413940185e-02
4.019532895088195890e-02
4.029575705528259250e-02
4.005637669563293785e-02
3.967583608627319597e-02
4.030880522727966347e-02
3.988663482666015420e-02
3.959338974952697487e-02
4.039568114280700506e-02
4.020905113220214766e-02
3.996904516220092796e-02
3.971980667114257540e-02
3.984816360473632940e-02
4.014488077163696350e-02
4.002356171607970858e-02
3.949533581733703780e-02
3.795601320266723394e-02
3.928938889503479082e-02
4.003885126113891635e-02
4.025941705703735274e-02
4.028474450111389077e-02
3.989540529251098949e-02
4.023912358283996543e-02
4.027855300903320640e-02
4.045168638229370422e-02
4.025267148017883101e-02
3.985495710372925077e-02
3.987834811210632519e-02
4.019036078453063626e-02
3.985816311836242604e-02
3.951545071601867548e-02
3.991762256622314459e-02
4.016759395599365373e-02
4.004235100746154907e-02
4.029834866523742537e-02
4.004143428802490329e-02
3.983430576324462763e-02
3.981786441802978582e-02
4.010955309867859225e-02
3.979349732398986678e-02
3.873029494285583352e-02
3.990251827239989918e-02
3.993931293487548717e-02
3.963369178771972839e-02
3.969888663291930991e-02
4.008951687812805503e-02
4.033455443382263222e-02
4.011833381652832320e-02
4.020499849319458113e-02
4.011308455467223893e-02
4.035904097557067860e-02
4.013199663162231312e-02
4.006855177879333624e-02
3.997028493881225886e-02
3.995286440849304260e-02
3.995538091659545793e-02
4.002442717552184837e-02
4.008399152755737216e-02
3.976645636558532454e-02
3.899910593032836909e-02
3.984167933464050071e-02
3.994228172302245750e-02
3.979966115951538014e-02
3.956899595260619795e-02
3.947906541824340587e-02
3.969822525978088101e-02
3.965382623672485118e-02
3.947798824310302934e-02
3.961734032630920277e-02
3.979488396644591947e-02
3.966440057754516690e-02
3.959377503395080516e-02
3.958470106124877680e-02
3.947950577735900857e-02
3.931968426704406799e-02
3.923657083511352534e-02
3.956447458267212114e-02
3.992233395576477023e-02
3.994918155670165727e-02
3.983037900924682462e-02
3.951278805732726801e-02
3.926076269149780112e-02
3.987584614753723194e-02
3.970712494850158619e-02
3.916321206092834156e-02
3.931464219093322443e-02
3.930443072319030756e-02
3.934075403213500854e-02
3.926582241058349659e-02
3.955689668655395369e-02
3.939624190330505427e-02
3.905338191986083840e-02
3.938183140754699524e-02
3.896027374267577864e-02
3.891402387619018882e-02
3.879640150070190474e-02
3.879219579696654985e-02
3.879588389396667475e-02
3.879510879516601812e-02
3.882949805259704873e-02
3.895320081710815230e-02
3.887768244743346896e-02
3.886262178421020369e-02
3.905292940139770685e-02
3.892277431488037204e-02
3.965628743171691756e-02
3.958405590057373358e-02
3.971501135826110973e-02
3.941646671295166021e-02
3.943195486068725580e-02
3.960959982872009483e-02
4.003665113449096646e-02
3.956609463691711237e-02
3.964029431343078780e-02
3.968376302719116289e-02
3.967819738388061318e-02
3.977533292770385476e-02
3.883532619476318115e-02
3.810786247253417774e-02
3.927659893035888999e-02
3.914354968070983543e-02
3.977612376213073703e-02
4.006875300407409385e-02
3.954198813438415672e-02
3.988647770881652982e-02
3.981668591499328697e-02
3.973799109458923257e-02
3.965052032470703369e-02
3.961788439750671409e-02
3.942742395401001299e-02
3.950055837631225725e-02
3.969886994361877114e-02
