1.486610813289645421e+02
1.415957259244312638e+02
1.572060767638265304e+02
1.576432840530796966e+02
1.494815821523087891e+02
1.389849095742638951e+02
1.401647301582800083e+02
1.247529135490775332e+02
1.188388009326178434e+02
1.216026750152066853e+02
1.188942808332229646e+02
1.064082800589042392e+02
7.661966935525794042e+01
1.116687453941695054e+02
9.240707568946271522e+01
8.454800034083389448e+01
9.890036143784915623e+01
7.768204338266808406e+01
6.103582678885641144e+01
8.117884273845864129e+01
7.265386598861331890e+01
8.285322244040256123e+01
4.951531966628555637e+01
5.018153503651239333e+01
3.910612307620437633e+01
5.885669326890884179e+01
3.943420508511464107e+01
2.986572061125915312e+01
3.294717705541954444e+01
3.362930295491241139e+01
2.518971721111858031e+01
3.025432877069540183e+01
2.823408845686714130e+01
2.147221181502223430e+01
1.748732713437301101e+01
2.174186930466768786e+01
1.848834230713422855e+01
1.731955707808874934e+01
1.388983904543090553e+01
2.537593624141137028e+01
2.063718055357824355e+01
1.363988012828509255e+01
1.859718134672902679e+01
1.289130144194777650e+01
2.069433727351828267e+01
2.207043738426637702e+01
9.739251516726090685e+00
1.717689852473869294e+01
1.536511822587003095e+01
1.950708086113870010e+01
1.144049012437379353e+01
1.182064531471799995e+01
1.186098050510522128e+01
3.175814233755000515e+01
1.519643038033091997e+01
2.567113084608644158e+01
8.606524600247585255e+00
1.635283962605855734e+01
1.293124243467878465e+01
1.545972119289250202e+01
9.917682658480739377e+00
1.321982792156615893e+01
1.760810582125508006e+01
1.164701558941290571e+01
8.163070279843273269e+00
1.846017420846974844e+01
1.171624243156007061e+01
1.140658897165517693e+01
5.945327380615229806e+00
9.427388387065779085e+00
7.067455724662910832e+00
1.347064705127913875e+01
7.813383470292105670e+00
1.323803564011364209e+01
7.658835053253785219e+00
1.474306957730153123e+01
1.148163919074820072e+01
1.797496557556696928e+01
1.182660431222252839e+01
1.562001487716437254e+01
1.392623235200037257e+01
8.360841991418929808e+00
1.045244246838969282e+01
1.580924099828505014e+01
1.476843768136555646e+01
8.696690856073965747e+00
9.566069066444363500e+00
6.896411651477991178e+00
1.534468445011575355e+01
8.456366474875316896e+00
1.131392552723302636e+01
1.390235379430672680e+01
1.308944568882958315e+01
9.917667501040828171e+00
6.495559355072130003e+00
8.273678252486359241e+00
9.926862370984814277e+00
6.875441457656773281e+00
1.268264713181461900e+01
2.223220529355867470e+01
1.304340773357593442e+01
8.693086924403887750e+00
7.786460767623973211e+00
1.382039845436527692e+01
1.053983205298339598e+01
9.645572809027191497e+00
1.297060941616968854e+01
9.643128566339306929e+00
1.032629416756413931e+01
6.522827232947367548e+00
8.692126690370276521e+00
9.868180737075629594e+00
7.727472276057148370e+00
1.219679053443042172e+01
1.404498894950870103e+01
8.713464710522192291e+00
1.288947778878218031e+01
7.689444624622850277e+00
6.926087275335607529e+00
1.088342154595846445e+01
1.318747537302243877e+01
7.950523427295892454e+00
1.681680931738800311e+01
1.141292878945534639e+01
7.372232688365328634e+00
6.478053018460442125e+00
6.819894980660460071e+00
1.086610887378654944e+01
8.727866958788199625e+00
8.392035064302426406e+00
1.243912978337716169e+01
5.217584669246214446e+00
1.142147253618542635e+01
9.051764797698290010e+00
5.066411984795450074e+00
6.649764013371529003e+00
1.027739680515792564e+01
7.637247928901801153e+00
3.759236757793451567e+00
6.839969823171840879e+00
1.205832298809392178e+01
1.004716700097795723e+01
8.317650548845319847e+00
7.404308255504568059e+00
5.204939543423423132e+00
1.634158132628437343e+01
8.637588895929937394e+00
8.753527133955653738e+00
8.216780441968218440e+00
5.707872653056038637e+00
1.153978346600092131e+01
1.010808051036224242e+01
9.981371833527253656e+00
6.827592358087233748e+00
8.946370892555027154e+00
1.371417820410561816e+01
1.381403763399077889e+01
4.140001868097811233e+00
4.994599954367495265e+00
6.145412822963512767e+00
7.077229222868759884e+00
8.663035032964707227e+00
9.091648411534896113e+00
5.553956741456159030e+00
1.206833025408461069e+01
4.892329755383483914e+00
3.951464885340682631e+00
7.837239140137802096e+00
6.569625371659054913e+00
1.172732629408819882e+01
5.994999716829608971e+00
6.211133260455512506e+00
1.213527026284788946e+01
5.594364329406533720e+00
7.896003394479122584e+00
6.088432270327939655e+00
6.678497767339377056e+00
5.931101446035265568e+00
8.491363976057124674e+00
4.648326604956905861e+00
5.504081026565530443e+00
8.871080715736823663e+00
5.444196124489590005e+00
4.864491144498906294e+00
5.961744267812603582e+00
1.114915187041387412e+01
1.072326879795441279e+01
5.127709055874553279e+00
6.332420360238458557e+00
3.460915365602763583e+00
1.249758986610978084e+01
8.094460131860529373e+00
8.184580219946841595e+00
1.549679383304738067e+01
4.708330571557861610e+00
6.815083257271997930e+00
9.120612313150900263e+00
1.015461648269232775e+01
1.089401231082326760e+01
8.454823075947928146e+00
5.889980057965961358e+00
5.869419916197447407e+00
4.792079540330081322e+00
5.370301058162667118e+00
4.581511671863858659e+00
7.525216336643254955e+00
8.527105333404762177e+00
4.064027321613960630e+00
5.366154356939324188e+00
3.468443812479524269e+00
4.572348180509195004e+00
1.021618654099193435e+01
7.257852705240693147e+00
6.018404185825568575e+00
4.306622676407688033e+00
5.969250400138852442e+00
7.470091057747555219e+00
4.751965858593691472e+00
5.847237990464750013e+00
3.811079615037116675e+00
6.492780058702200208e+00
1.120846968736327653e+01
7.269499591746957812e+00
7.851681484396904054e+00
5.396083710023118485e+00
5.933225330123531371e+00
5.900477029851996846e+00
3.624994863182954941e+00
8.913471747599738038e+00
3.711237816758335306e+00
5.612467140392130460e+00
1.128541420935408013e+01
5.124665145547388612e+00
8.197602743383521684e+00
6.194900496637083087e+00
9.118138120372888622e+00
3.583567144538168936e+00
6.333252425073048641e+00
4.678479687353985561e+00
4.986534225644237317e+00
7.293844221009350370e+00
5.576302883472797234e+00
6.685147720063325139e+00
5.488923200178056128e+00
5.315008988371669574e+00
5.929156886652982905e+00
3.376396716330028802e+00
6.346640742491259424e+00
6.102826448180342034e+00
6.158011761112819116e+00
4.661395450864649348e+00
3.184628603976527028e+00
4.288672083642841137e+00
4.399191679949558953e+00
4.466061868478386820e+00
3.681807556700823714e+00
4.868198335875887572e+00
4.657756461570645712e+00
3.219139765988360935e+00
4.877665248021852307e+00
1.088680648202502965e+01
4.715643330485488782e+00
6.267823176293726206e+00
6.897690655388272418e+00
1.501337629732422840e+01
3.873276160722939565e+00
5.196052165114110721e+00
3.593702629771103663e+00
1.541497498222802776e+01
5.531324630489365290e+00
4.562412347518804978e+00
8.305670156952917438e+00
6.539685683294298002e+00
4.626417708888484803e+00
5.098975724622126116e+00
7.223998829621791629e+00
5.706919426702538267e+00
4.076462159339398816e+00
6.810720942754172391e+00
3.909616603051750516e+00
5.351327916416615871e+00
4.676500648874954535e+00
6.270006762232835484e+00
4.267012103565993364e+00
4.692667579056192473e+00
4.703185683007474083e+00
5.289737767785528177e+00
4.648358873576630579e+00
7.614750954066938249e+00
5.646162982564249866e+00
5.722130998889818798e+00
5.942285721371974638e+00
4.452087614103029445e+00
6.670721757634948013e+00
1.660275742391756282e+01
5.768172422198719396e+00
3.730350156675402484e+00
1.486416960267996323e+01
4.226143363501938310e+00
5.847365063690976861e+00
6.716182146962094812e+00
5.771004560918092885e+00
5.356841503959020478e+00
5.960054070444097185e+00
4.423858874712106370e+00
9.908506836006436558e+00
7.037652585297529129e+00
3.790699885303051353e+00
5.675650909713387371e+00
4.505118513111493250e+00
6.347260393394906330e+00
7.421729668898696453e+00
4.805628084837443303e+00
5.092393663504130252e+00
8.205394910724342239e+00
3.577507852144984568e+00
5.038734650868324394e+00
3.593472452134675255e+00
6.816992617851226122e+00
9.654696772103399383e+00
7.087858704976262025e+00
6.736815478027697424e+00
4.110174895295222619e+00
6.845685675250216207e+00
7.326681878963739791e+00
9.972501041674567190e+00
5.370959757515141320e+00
5.479302780375387094e+00
7.083870863092123216e+00
6.233754553976681656e+00
7.509863875086820073e+00
4.801528962879947571e+00
3.506293259005555552e+00
3.396785559535753674e+00
3.847397062091031827e+00
7.350809909386880392e+00
1.169460724028410681e+01
4.782567936043542467e+00
4.415016764917650605e+00
3.233524303314732062e+00
3.708409275581475928e+00
3.207198289987253759e+00
4.578299461805864112e+00
8.879020290269046711e+00
4.229878646969685185e+00
3.923542970040277744e+00
8.024037144516650955e+00
3.484681052510753663e+00
4.403267080270603095e+00
4.372122779479696852e+00
2.690930597267977120e+00
3.962796263510646178e+00
6.255894315295929431e+00
3.912076624999159868e+00
4.328136263216905810e+00
4.437246041937616070e+00
5.516436049015773335e+00
6.425580644764235849e+00
5.105549983489619414e+00
5.458767730095249959e+00
1.047784460906244774e+01
9.085075144299310068e+00
9.837950122370068939e+00
6.835780386027347610e+00
4.837664124850475922e+00
7.750824411214781939e+00
7.385060687543414382e+00
3.485321456985392530e+00
6.910760399875133686e+00
5.978383220825654654e+00
6.714966066899189734e+00
1.176040906002509701e+01
4.543576203481943132e+00
3.668380897324865497e+00
6.899217453781797182e+00
4.156453344649927217e+00
4.046465839174000934e+00
7.188978285454591166e+00
4.445601705674842030e+00
4.475747926059924886e+00
1.164268436828262665e+01
5.052705895201622610e+00
5.924707505802889074e+00
3.464392927518944454e+00
6.366210072930715391e+00
4.843148705985278468e+00
7.925355222809915112e+00
8.259046701578972360e+00
4.067798574542825563e+00
4.817138433255502505e+00
6.259115838881786686e+00
6.399652990452297630e+00
5.770224840574546654e+00
4.231339644037031889e+00
1.038344806957936761e+01
4.803231757836268656e+00
3.828671353734896865e+00
4.852206198556094030e+00
4.191264312930159441e+00
6.309265345900889166e+00
6.094212640258582780e+00
3.775066966434424742e+00
5.361071766620431944e+00
1.063411121023067096e+01
7.265103675280407458e+00
5.093960231157238283e+00
6.613092037587308347e+00
4.631455607087991311e+00
7.177919929952149225e+00
8.051199296616983858e+00
9.502547019827369823e+00
6.942973651246506783e+00
6.084164292268592789e+00
6.102272692621824035e+00
5.619708435989922535e+00
7.260410460681304023e+00
3.634918460236892468e+00
5.190993845297850129e+00
1.334653820768303412e+01
1.590213300723618772e+01
4.160047207185716189e+00
6.665567480899899699e+00
6.466059796094191903e+00
3.758546313242812520e+00
5.936469943219631062e+00
4.220608602464305470e+00
4.566795155912942938e+00
5.138161053724825678e+00
7.572700608052564952e+00
6.370336760938155152e+00
5.911633015202478525e+00
5.699711246003756671e+00
7.308780519824821020e+00
5.270515258668914349e+00
7.621943620945677011e+00
8.742794881832871567e+00
6.122505029022717871e+00
1.048517153219563625e+01
5.708474979899501811e+00
9.741148608033459055e+00
5.333358482421944657e+00
7.920386307214813293e+00
1.442220169535557517e+01
8.581969574507660070e+00
4.511898765365253361e+00
3.879171474513007478e+00
6.454483627196392348e+00
3.199725327125977348e+00
5.548067881184786998e+00
6.142998516586517077e+00
7.617877961083144633e+00
7.318161029097692172e+00
6.351533252839066890e+00
5.215278233348449533e+00
6.400193005846428029e+00
9.805889809702836857e+00
7.381903382579624306e+00
7.712234686690661256e+00
2.993565882578525184e+00
5.981341060448561286e+00
5.076958357317940873e+00
3.840516517415223152e+00
4.127072171188051364e+00
2.990422439896963436e+00
5.918474130168491776e+00
5.107412519884979574e+00
4.597630905628192544e+00
8.221675997814500647e+00
1.149074696613801727e+01
4.651817782640335963e+00
2.445328979951753468e+00
7.208695992378527428e+00
4.865211052157398797e+00
6.261779287134398686e+00
5.932199347830034775e+00
1.077780098399871456e+01
1.128611959698417166e+01
3.949740717077923513e+00
4.554065689531866745e+00
8.918099628204148033e+00
5.885647276559340391e+00
6.439297994587857232e+00
1.113038238445467520e+01
8.476524731404728286e+00
8.841368834802798560e+00
7.073075978489757887e+00
6.943423313349219583e+00
3.518305107000611720e+00
8.640061484994745911e+00
4.062804812182486458e+00
4.084716865743015290e+00
8.736493158469267328e+00
1.500074510533357497e+01
6.945016053150584234e+00
6.999157515558704468e+00
6.377418613243573731e+00
1.096243019574694344e+01
4.245142425594771396e+00
5.866957217026401494e+00
7.423890785412776694e+00
8.259427894685270388e+00
1.223763773357226547e+01
1.097919451413121017e+01
6.912700638989545787e+00
9.859373823963530015e+00
1.203063561735089948e+01
5.309591604722180946e+00
3.834597833329182581e+00
8.682870867524064451e+00
6.325622267197337223e+00
6.582597697499564582e+00
5.761698319602920115e+00
4.875116605253801971e+00
6.660295481813686358e+00
6.044052153507362135e+00
4.765815677727449184e+00
1.198246199847470983e+01
5.024563713665470388e+00
7.433412021529791858e+00
1.076662375709021369e+01
4.488175695208420635e+00
8.332149824246865677e+00
9.403189317315169049e+00
7.861814601782697309e+00
5.778638722011901763e+00
5.589819537478842193e+00
9.689655886295287957e+00
8.313503972658018881e+00
5.352012171289642239e+00
8.686448675761463178e+00
6.087999962144663435e+00
8.839958438024435594e+00
4.413177002442377983e+00
7.585020729402266682e+00
3.712269744891708800e+00
7.294372692950217285e+00
6.413747011893043748e+00
6.996903278890173716e+00
7.042766921851251638e+00
4.026382327372273195e+00
5.370775311280816311e+00
4.175058620132193532e+00
1.052074260620844548e+01
9.976392904098233316e+00
5.127345980302005835e+00
6.490599706856570172e+00
8.179343306133015190e+00
7.064265425402230569e+00
7.138225663105268737e+00
5.717961253215822381e+00
1.688398950160082279e+01
1.109113652625753055e+01
7.391680829702700350e+00
9.173039145724182220e+00
8.005280635343908102e+00
4.193800511568553269e+00
8.919082756382481492e+00
5.588514666070669712e+00
1.186543301061877820e+01
3.900088708547510663e+00
6.387439435619493899e+00
7.093885623815614494e+00
3.621759324006984748e+00
6.559081974945242699e+00
4.771060296347722662e+00
5.609288735575010065e+00
5.181312862889892124e+00
1.033232895831439890e+01
3.944674244292670551e+00
1.550206705137793151e+01
9.434626155603197617e+00
4.624631923473855544e+00
5.024282306798139253e+00
5.780302318167351849e+00
4.680625683323118125e+00
3.022736930673059597e+00
5.507540941690742820e+00
8.074087021054914715e+00
8.676882958089629838e+00
8.839014209159655522e+00
5.545221690519070989e+00
1.233479766157650914e+01
8.455420581527233637e+00
1.110564277148564116e+01
4.407028020220786324e+00
9.124257587427210936e+00
1.055563943234823299e+01
4.506508052378113582e+00
8.079300540265604624e+00
9.114564217490231712e+00
6.378454327261708023e+00
4.548872184665811780e+00
4.358229993678596870e+00
1.150258141820374114e+01
5.128062667785701301e+00
9.167089277642865852e+00
1.008444560548321256e+01
7.020026504576359905e+00
6.547743026900772811e+00
6.163811481063160791e+00
7.044872757975180200e+00
5.296977285555260373e+00
2.955583817867637020e+00
7.059785680877941338e+00
5.427094961611944157e+00
5.968545619727613882e+00
6.604525243310220617e+00
3.369335723904079760e+00
7.751880147483685590e+00
4.546494292198426379e+00
1.047184307901428468e+01
6.449078976394868157e+00
8.228461678413003355e+00
5.468473823347694385e+00
7.795809606545267556e+00
6.375986302238547232e+00
5.576980173270851715e+00
7.675455610933448192e+00
8.583399539312809523e+00
1.253569406603666536e+01
6.841931114004248471e+00
8.163286038340000772e+00
6.164482548233678472e+00
8.384769031228485048e+00
3.399009349192107177e+00
5.597620276547959683e+00
7.058959302564249860e+00
9.897741514256516382e+00
7.297841334858725659e+00
8.242823916243189331e+00
8.743824620060452801e+00
7.832603802313941266e+00
1.634733648055081545e+01
1.378075432454558680e+01
1.043490108921467652e+01
5.351319789191235188e+00
6.504473990429533892e+00
4.395666712186478087e+00
3.892519279206046789e+00
6.555430283632362354e+00
7.170869647612748032e+00
4.513748417644257493e+00
5.129684018803430945e+00
6.613083121397649755e+00
7.870841684488568468e+00
8.362529543991584546e+00
8.118281196312093329e+00
1.230808111134815697e+01
4.280507403825901669e+00
8.201819457592337770e+00
9.210568369491809904e+00
1.335378221833181200e+01
8.676955949812480640e+00
7.804662174036173461e+00
6.178370886072525714e+00
1.341592200343030328e+01
1.094416273671151885e+01
8.727250528182048939e+00
7.622383545121182991e+00
6.961069988167269074e+00
5.402707881187336802e+00
9.791268445212498506e+00
7.754283597101746750e+00
6.955812284746976104e+00
1.060971689535102414e+01
9.578100470520547915e+00
4.785176109852435467e+00
5.509766599273937970e+00
6.614110083051382816e+00
6.602509620705984794e+00
5.492586984611389056e+00
1.052482123830892391e+01
1.181959808779157939e+01
8.930710120271251995e+00
1.070003206813822239e+01
1.079931797781314096e+01
1.264954049785780832e+01
6.655727828096902776e+00
1.484754048291263295e+01
1.750037112323684951e+01
5.353186879351470751e+00
8.432230298279364433e+00
9.849805407571855298e+00
6.470846411010905186e+00
7.151933227261727311e+00
5.455049377644607844e+00
6.541907453519651305e+00
6.811682107052371649e+00
7.674578119246419305e+00
9.813444315739500823e+00
3.802550912380342929e+00
7.368227198014327683e+00
6.714726563561126405e+00
9.020442521072265407e+00
8.619833127901964431e+00
9.164404763574678370e+00
7.008717850830374019e+00
8.461202742680811184e+00
1.167951456605961447e+01
1.120663898100078093e+01
7.592184874566597408e+00
1.273942360938671392e+01
3.961258242797025986e+00
6.496498818104266881e+00
4.849070045576193699e+00
1.039760445975850622e+01
6.213110995348310794e+00
5.054540112122844597e+00
5.535218001663831267e+00
5.304464267666419985e+00
1.343284978950805808e+01
1.097290966144627866e+01
9.723797555362867939e+00
5.935679345249662120e+00
6.664018203829473741e+00
7.198317731210782888e+00
1.161600537009182510e+01
5.399541137421819847e+00
4.978120823805994632e+00
8.062970820453866594e+00
8.944649872901791809e+00
1.059854455115209504e+01
4.146470293914740424e+00
6.334988710181381322e+00
1.418858815910397198e+01
8.876903509492752420e+00
5.834357154548158064e+00
1.297475210289038650e+01
1.008726835047484727e+01
7.516531075149190499e+00
7.288905338074200380e+00
5.577739548306749562e+00
3.361116761367170191e+00
9.251334953483505430e+00
5.107797466759467220e+00
4.988731454012422795e+00
6.235052323059756318e+00
6.499486508108814675e+00
8.650602141016852542e+00
8.706835732891034851e+00
1.288943558140214840e+01
4.848178479532409213e+00
7.499606880293468336e+00
8.987430042985488754e+00
1.068567001129091132e+01
1.057733877265532563e+01
6.517366959294668582e+00
3.902462602961827010e+00
4.595857030887112948e+00
5.608796561576325779e+00
9.075979587703987050e+00
3.773915703359751905e+00
6.872430532854123086e+00
8.875209633372978857e+00
6.095913261617072365e+00
4.949641836151344343e+00
6.050990656675653945e+00
6.585725373751591505e+00
9.314746294927152448e+00
8.928851793699369210e+00
4.649329343649283075e+00
1.137359330119357637e+01
1.021175268641217038e+01
1.360081509983064940e+01
5.471470900328125886e+00
1.288521075719719988e+01
6.792742927929199759e+00
8.747652735266804314e+00
8.973389471971604081e+00
4.247095151095842347e+00
5.129130371025198976e+00
4.509724752938936376e+00
5.727610295814231200e+00
7.796860451921226343e+00
8.772375897019923485e+00
4.046478827032360392e+00
8.660927706105566060e+00
6.305048312124284848e+00
5.293964398005535088e+00
4.820641245133019837e+00
