2.922948777675628551e-01
9.133169031143188732e-02
8.994343781471252075e-02
8.939459443092345747e-02
8.937360191345214422e-02
8.960565209388732244e-02
8.966429162025452149e-02
8.956070399284363215e-02
8.952679228782653431e-02
8.967251110076904230e-02
8.947910404205322576e-02
8.974166202545165449e-02
8.974763894081115578e-02
8.996104645729065263e-02
8.977960181236267767e-02
8.931797695159912620e-02
9.005986142158507735e-02
9.014340043067932406e-02
8.942328262329100885e-02
8.945006513595581132e-02
8.918426918983458906e-02
8.927895641326903664e-02
8.904662418365479060e-02
8.916183447837829068e-02
8.915010976791382102e-02
9.039441418647765902e-02
9.002937293052673540e-02
8.973391699790954357e-02
8.988521885871887662e-02
8.964619445800781072e-02
8.989207196235657338e-02
8.986216855049133923e-02
8.963249468803405340e-02
8.959106421470641735e-02
9.008494710922240745e-02
9.040494918823242798e-02
8.985999441146851063e-02
8.951361298561096025e-02
8.988876128196716941e-02
8.974266409873962735e-02
8.983132052421570479e-02
8.893763995170593517e-02
8.967581748962402677e-02
8.979414963722229248e-02
8.951825428009033137e-02
8.968543338775634977e-02
8.992310070991516024e-02
8.970760154724120861e-02
9.016593480110168812e-02
9.009911751747130826e-02
8.981413149833679388e-02
8.965036678314208807e-02
8.952870035171509033e-02
8.995996332168579301e-02
9.073159718513489069e-02
9.039790391921996571e-02
9.065930342674255460e-02
9.071289062500000056e-02
9.052237749099731334e-02
8.909876465797424150e-02
9.031498003005981878e-02
9.123305869102478483e-02
9.087345695495605002e-02
9.045733451843261663e-02
9.080570125579834340e-02
9.065737724304198664e-02
8.937921190261841065e-02
9.106409502029419456e-02
9.110594439506530806e-02
9.054791235923767556e-02
9.063916826248169523e-02
9.057696127891540216e-02
9.095485401153564908e-02
9.133343243598937566e-02
9.079371023178101074e-02
9.093191242218016945e-02
9.055393433570861628e-02
9.009734153747558927e-02
9.064268589019774947e-02
9.045878887176513061e-02
9.053798151016236029e-02
9.099012923240661077e-02
9.107721304893492964e-02
9.133814311027527166e-02
9.089435791969299738e-02
8.989408016204833429e-02
9.113020181655884233e-02
9.102012205123900801e-02
9.156058645248413286e-02
9.102894163131713956e-02
9.106294631958007646e-02
9.077870321273803778e-02
9.075255465507507668e-02
9.037967610359191883e-02
9.096668338775634743e-02
9.139854264259338057e-02
9.093050575256347856e-02
9.106692028045654252e-02
9.143462419509887362e-02
9.066598176956176813e-02
9.157836675643921120e-02
9.102120590209961115e-02
9.105033898353576127e-02
9.065683126449584905e-02
9.025009179115295321e-02
9.120390748977660889e-02
9.072831654548645097e-02
9.132990717887878862e-02
9.123121070861815729e-02
8.996314167976379728e-02
9.107894158363341597e-02
9.127384042739868086e-02
9.115207028388977450e-02
9.049611163139342773e-02
9.144871115684509444e-02
9.098528456687927923e-02
9.186384987831115734e-02
9.124058127403258944e-02
9.119382691383361161e-02
9.046325874328613181e-02
9.148975062370300060e-02
9.143541598320006902e-02
9.093205070495605225e-02
9.035091733932494595e-02
9.117127442359924949e-02
9.095056247711182096e-02
9.071201539039611128e-02
9.083871650695800326e-02
9.049491310119628373e-02
9.009937143325805198e-02
9.075537848472595148e-02
9.023287630081176791e-02
8.930722808837890381e-02
9.012927627563475930e-02
9.058870697021484397e-02
9.061693668365478072e-02
9.067907357215881925e-02
9.076256275177002619e-02
9.022194743156433661e-02
9.058235979080200839e-02
9.097177863121032326e-02
9.131808090209961315e-02
9.119321584701538252e-02
9.139967012405394997e-02
9.109117150306701716e-02
9.103333020210266358e-02
9.148747706413269676e-02
9.127657532691955955e-02
9.132959079742432318e-02
9.160042953491211171e-02
9.127847576141356889e-02
9.091738939285277932e-02
9.147516942024230824e-02
9.126408481597900191e-02
9.096055889129638083e-02
9.125256490707397972e-02
8.898905515670776922e-02
9.108856415748596558e-02
9.116830849647522550e-02
9.164642286300658802e-02
9.091929054260253218e-02
9.044004178047179709e-02
9.149759483337402410e-02
9.185505414009094427e-02
9.127298617362976374e-02
9.090196967124938854e-02
9.152988171577453036e-02
9.102898526191711970e-02
9.163035750389099399e-02
9.097240877151489824e-02
9.138004016876220825e-02
9.140271902084350086e-02
9.147958612442017023e-02
9.161427235603332442e-02
9.150670695304870261e-02
9.138568925857544489e-02
9.113181257247925104e-02
9.146378993988037165e-02
9.042964291572570812e-02
9.177404427528380870e-02
9.117946720123290549e-02
9.125116896629333063e-02
9.138753604888916193e-02
9.130282497406005948e-02
9.146469259262085538e-02
9.134878396987915206e-02
9.160865807533263849e-02
9.074736142158508490e-02
9.039061856269836603e-02
9.133076715469359841e-02
9.159926533699035145e-02
9.160957717895508445e-02
9.148546791076660190e-02
9.138951587677002220e-02
9.148977494239807218e-02
9.130667090415954534e-02
9.087366032600402432e-02
9.158332943916321078e-02
9.157039809226989735e-02
9.206188988685608254e-02
9.112762522697448464e-02
9.113907194137572942e-02
9.129776453971863437e-02
9.131098842620849476e-02
9.181974625587463468e-02
9.177730894088745317e-02
9.128114104270934615e-02
9.090643167495728039e-02
9.116241288185120140e-02
9.084507918357849487e-02
9.017549133300781228e-02
8.956833481788635531e-02
9.064876627922058283e-02
9.080097770690917502e-02
9.045723748207092074e-02
9.079114651679992543e-02
9.043157339096069558e-02
8.981252646446227783e-02
9.073186516761780340e-02
9.071163368225097778e-02
9.104836082458496460e-02
9.040324068069457986e-02
9.048734974861144531e-02
9.085920739173888871e-02
9.010170578956604170e-02
9.053713917732238159e-02
9.159319233894348822e-02
9.081410622596740312e-02
9.082723355293273459e-02
9.073878526687621793e-02
9.084792208671570168e-02
8.967866230010985984e-02
8.890271615982055231e-02
9.043785905838012951e-02
9.036943578720092740e-02
9.007250118255615001e-02
9.033124947547913064e-02
9.050149941444396440e-02
8.974718928337097057e-02
8.939009404182433893e-02
8.936045336723327792e-02
8.945975923538207475e-02
8.939228272438048961e-02
8.924571514129638061e-02
8.869902110099792125e-02
8.931890416145324418e-02
8.907504367828368574e-02
8.827281284332275102e-02
8.879873895645142012e-02
8.931105589866637773e-02
8.924051833152771285e-02
8.924930381774902333e-02
8.925681376457214600e-02
8.924498915672302024e-02
9.101413273811340132e-02
9.020237159729004028e-02
9.176678681373595658e-02
9.016299843788147528e-02
9.122933602333069270e-02
9.011224770545959994e-02
8.981136202812195490e-02
9.095609021186829013e-02
9.038973188400269143e-02
9.126494550704955522e-02
9.100253462791442483e-02
9.141999006271361861e-02
9.105985116958617565e-02
9.066214752197265803e-02
9.139695858955383667e-02
9.126557254791259344e-02
9.081154346466063787e-02
9.138313698768615878e-02
9.100224256515503096e-02
9.110852074623107533e-02
9.100973439216614169e-02
9.111081218719482844e-02
9.174991750717162442e-02
9.134470748901367398e-02
9.118817448616027554e-02
9.088612198829651434e-02
9.074872446060180953e-02
9.156095361709594427e-02
9.161249351501464522e-02
9.175153636932373291e-02
9.177898335456848022e-02
9.150571084022521284e-02
9.216388344764708807e-02
9.144584178924559936e-02
9.119889020919799694e-02
9.176969313621520519e-02
9.140445637702941661e-02
9.155382728576659523e-02
9.149621319770813443e-02
9.196641850471497237e-02
9.235963368415832375e-02
9.171402382850646351e-02
9.213893055915832464e-02
9.166832160949707486e-02
9.193386316299438643e-02
9.186318683624267178e-02
9.203713393211364335e-02
9.196301078796387252e-02
9.202193427085876565e-02
9.148895144462584894e-02
9.169001722335815008e-02
9.200041174888611006e-02
9.225042176246643633e-02
9.257188153266907027e-02
9.277576756477355635e-02
9.219478464126587558e-02
9.232482194900512584e-02
9.217642974853515470e-02
9.201099109649658880e-02
9.187646436691283836e-02
9.114197540283203169e-02
9.159644865989685636e-02
9.211889243125916116e-02
9.204122948646545344e-02
9.176705861091613570e-02
9.203938961029052568e-02
9.232064294815063576e-02
9.146549868583679632e-02
9.174093246459960604e-02
9.209266376495361950e-02
9.139489722251892267e-02
9.235296273231506647e-02
9.272268652915954812e-02
9.293154430389403975e-02
9.202334737777709273e-02
9.191917729377746538e-02
9.215880656242370073e-02
9.196051502227783891e-02
9.287975120544433860e-02
9.234743213653565097e-02
9.239662885665893277e-02
9.149166536331176935e-02
9.162467026710510720e-02
9.153604316711426436e-02
9.174824738502503074e-02
9.171113634109497037e-02
9.193284773826598810e-02
9.211597609519958652e-02
9.221986722946166892e-02
9.257253551483154985e-02
9.180119657516479237e-02
9.222000408172607855e-02
9.272124958038330256e-02
9.263569474220276212e-02
9.239097952842711958e-02
9.220012831687927901e-02
9.239265584945678678e-02
9.202767014503479559e-02
9.224933505058288685e-02
9.139375972747802723e-02
9.252792668342590954e-02
9.222910571098327792e-02
9.242671418190002985e-02
9.258030438423156538e-02
9.179559636116027543e-02
9.245115804672240922e-02
9.285921597480774337e-02
9.169330024719238303e-02
9.234023547172545698e-02
9.274254155158996593e-02
9.244033956527709928e-02
9.288569021224975242e-02
9.247244954109191950e-02
9.218218612670898982e-02
9.157717704772949663e-02
9.157710576057434548e-02
9.183426523208618186e-02
9.280406427383422474e-02
9.265235018730164085e-02
9.248265147209167036e-02
9.227206254005432262e-02
9.232248044013977029e-02
9.225009107589721147e-02
9.235584950447082997e-02
9.229739880561828314e-02
9.243710660934448264e-02
9.201718521118164296e-02
9.203264117240905762e-02
9.221463584899902699e-02
8.998517489433288663e-02
9.227179241180419322e-02
9.287171363830566684e-02
9.253500938415527843e-02
9.287743234634399103e-02
9.190233492851257457e-02
9.250217986106872015e-02
9.261730718612670721e-02
9.255009818077086781e-02
9.238896608352660522e-02
9.260222339630126698e-02
9.244476342201232710e-02
9.239557242393493797e-02
9.245631480216980058e-02
9.286578440666198864e-02
9.243489742279052679e-02
9.265509176254271839e-02
9.264372563362122115e-02
9.228711915016174494e-02
9.295191431045532471e-02
9.306004738807678589e-02
9.277129030227661277e-02
9.266827487945557273e-02
9.231470942497253807e-02
9.260683894157409335e-02
9.276987934112548850e-02
9.247293472290038507e-02
9.108523821830749601e-02
9.210728883743285467e-02
9.263365864753722589e-02
9.204501152038574441e-02
9.221641135215759288e-02
9.264959716796875022e-02
9.224145317077636630e-02
9.226104831695557118e-02
9.231911945343017345e-02
9.144371938705443681e-02
9.066302943229674616e-02
9.156543636322021784e-02
9.179113101959228416e-02
9.061871838569640625e-02
9.137585711479187522e-02
9.182645964622497547e-02
9.209659957885742154e-02
9.203596210479736417e-02
9.212620520591735529e-02
9.204625439643859819e-02
9.226016998291015903e-02
9.188911390304566051e-02
9.204417014122009966e-02
9.230779027938842973e-02
9.204673171043395441e-02
9.191551494598389216e-02
9.194531106948852783e-02
9.176155209541320135e-02
9.202711200714111528e-02
9.150065946578979370e-02
9.155691409111023360e-02
9.159184861183165827e-02
9.181896829605103172e-02
9.107891726493835827e-02
9.098664236068725042e-02
9.126434755325317505e-02
9.134106063842772905e-02
9.148913002014159856e-02
9.171617531776428411e-02
9.200584125518798673e-02
9.118101525306701594e-02
9.132444882392883045e-02
9.106448769569397417e-02
9.114894819259643233e-02
9.094786667823791249e-02
9.197390913963317260e-02
9.169411158561706354e-02
9.164974570274353471e-02
9.175098776817321167e-02
9.177633190155029541e-02
9.200864458084107023e-02
9.163486957550048828e-02
9.186920785903930631e-02
9.216990327835082597e-02
9.206728267669678223e-02
9.169300866127014227e-02
9.157419610023498358e-02
9.174295735359191961e-02
9.122118330001831310e-02
9.164511132240295288e-02
9.123355746269226629e-02
9.165663266181946212e-02
9.164340662956237116e-02
9.141534304618835483e-02
9.106757760047912154e-02
9.181594347953796198e-02
9.082598352432251498e-02
9.122149324417114236e-02
9.058517336845398060e-02
9.081069946289062333e-02
9.055498957633972834e-02
9.025801348686218750e-02
9.053984093666077315e-02
9.032279753684997747e-02
9.112195014953612671e-02
9.122366738319397095e-02
9.104249048233031827e-02
9.090347337722778920e-02
9.044426703453063709e-02
9.072294688224792625e-02
9.095527458190917625e-02
9.114097595214844250e-02
9.071646118164063133e-02
9.067160630226135665e-02
9.094255828857421287e-02
9.089133191108703103e-02
9.100142955780028686e-02
9.140709877014159546e-02
9.102854299545287686e-02
9.128793025016784801e-02
9.132705664634704901e-02
9.109006142616271617e-02
9.100431370735168057e-02
9.085714578628539817e-02
9.101184535026550504e-02
9.057572817802429788e-02
9.060674214363098611e-02
9.063186526298522283e-02
9.055675458908081510e-02
9.061603713035583374e-02
9.063647556304930963e-02
9.061806416511535012e-02
9.180480027198791027e-02
9.141185545921325095e-02
9.177032065391541038e-02
9.139128613471984852e-02
9.171183586120605635e-02
9.175764226913452060e-02
9.167606163024902277e-02
9.190334844589233276e-02
9.184551429748534501e-02
9.192973303794860218e-02
9.226068115234374589e-02
9.184185242652892489e-02
9.230758118629454889e-02
9.192893242835999124e-02
9.228758072853088246e-02
9.166029143333434548e-02
9.205665040016174083e-02
9.153879976272583097e-02
9.195497846603394032e-02
9.228841686248778764e-02
9.237203598022461493e-02
9.255872654914855391e-02
9.221390724182128296e-02
9.161511230468749600e-02
9.244362974166869806e-02
9.179064178466797563e-02
9.205612063407897505e-02
9.217274475097655961e-02
9.180962061882018410e-02
9.276636958122252974e-02
9.310164618492126898e-02
9.301351141929627142e-02
9.231832623481750488e-02
9.296334838867187367e-02
9.260486936569213567e-02
9.252120637893676558e-02
9.221371746063232455e-02
9.229397869110107788e-02
9.212565732002257757e-02
9.235293364524840842e-02
9.243071198463440052e-02
9.254702091217041626e-02
9.185249662399291859e-02
9.371580457687378463e-02
9.309874248504639016e-02
9.264990663528442638e-02
9.279437851905822376e-02
9.271851682662964056e-02
9.245179605484009355e-02
9.257662677764892656e-02
9.226645040512085338e-02
9.226242828369141113e-02
9.279015207290650102e-02
9.255121278762817871e-02
9.296346426010132502e-02
9.309028267860412764e-02
9.259566950798034379e-02
9.241196084022522406e-02
9.319633531570434282e-02
9.229833030700683449e-02
9.312011694908142734e-02
9.214818096160888594e-02
9.291501641273498813e-02
9.293128418922423639e-02
9.250113153457641124e-02
9.097532916069030196e-02
9.139923715591430353e-02
8.984345936775207930e-02
9.170624518394469848e-02
9.244138574600219149e-02
9.187900733947754195e-02
9.221204662322998735e-02
9.203482031822204923e-02
9.237568092346191972e-02
9.194492959976195701e-02
9.245516347885131270e-02
9.232527804374694724e-02
9.159451985359191861e-02
9.224293780326843495e-02
9.232233929634094116e-02
9.234437251091003052e-02
9.227946138381958041e-02
9.239453482627868475e-02
9.198939800262451172e-02
9.258818793296813565e-02
9.219106125831603993e-02
9.345175528526306064e-02
9.356374979019164984e-02
9.379312205314636886e-02
9.324100351333618197e-02
9.339141893386840310e-02
9.352517104148865001e-02
9.396186494827270252e-02
9.382566523551941207e-02
9.430162167549133168e-02
9.398470520973205289e-02
9.333801388740539662e-02
9.369205975532532427e-02
9.380258321762084683e-02
9.348332309722900968e-02
9.396737909317016968e-02
9.344407176971435136e-02
9.344030523300170255e-02
9.331504082679747958e-02
9.331935596466064964e-02
9.405938053131103482e-02
9.418729019165039684e-02
9.392358756065369296e-02
9.359216403961181929e-02
9.361050581932067738e-02
9.388732314109801691e-02
9.353472208976745805e-02
9.314387893676757957e-02
9.397356724739074074e-02
9.392273378372192894e-02
9.383729362487792935e-02
9.368418908119201249e-02
9.416978740692139027e-02
9.283965325355529596e-02
9.302003121376037353e-02
9.406904339790343739e-02
9.391577744483947665e-02
9.408111286163330089e-02
9.399474287033081354e-02
9.370571136474609153e-02
9.363234734535216819e-02
9.387469625473023049e-02
9.316443443298340343e-02
9.372339129447937456e-02
9.375776433944701949e-02
9.439874863624572732e-02
9.426347565650940175e-02
9.366199731826782560e-02
9.363797354698180642e-02
9.376169085502623901e-02
9.427375936508178289e-02
9.370973682403564708e-02
9.403791666030883456e-02
9.376748323440552146e-02
9.373845767974853249e-02
9.399775218963622725e-02
9.369069075584411654e-02
9.346172595024108964e-02
9.374991297721863015e-02
9.419988012313842973e-02
9.410352849960326727e-02
9.363253903388976673e-02
9.369677138328552646e-02
9.337468338012695768e-02
9.302737855911255571e-02
9.335142207145691318e-02
9.359320092201232899e-02
9.305524182319641069e-02
9.325160932540893510e-02
9.346841716766357555e-02
9.309581851959228271e-02
9.373404121398926092e-02
9.359056401252746626e-02
9.313960289955139360e-02
9.351644682884216464e-02
9.344408488273620028e-02
9.323210096359252352e-02
9.293008255958556951e-02
9.321022510528564897e-02
9.286725044250487837e-02
9.277084255218505382e-02
9.319517946243285889e-02
9.340540051460266557e-02
9.179263114929199496e-02
9.234088039398193060e-02
9.277378940582275968e-02
9.257203412055969860e-02
9.505701708793640181e-02
9.443287992477417125e-02
9.381632137298584473e-02
9.325804185867309082e-02
9.321841335296630893e-02
9.302847027778625433e-02
9.300946831703185702e-02
9.269899964332579956e-02
9.344932532310486206e-02
9.318531966209411821e-02
9.283109736442565763e-02
9.298993420600891457e-02
9.309640240669250777e-02
9.365555691719054665e-02
9.336757946014404008e-02
9.362084937095642434e-02
9.334795975685120095e-02
9.290656614303588468e-02
9.385489010810851851e-02
9.180504775047301780e-02
9.159411191940307340e-02
9.338941884040832808e-02
9.309796953201293634e-02
9.311532592773437422e-02
9.342349958419800260e-02
9.362387418746948020e-02
9.335628247261047730e-02
9.276103472709655573e-02
9.280306100845336914e-02
9.448422622680664740e-02
9.406435346603393699e-02
9.431200075149535900e-02
9.477356243133544522e-02
9.488857102394103460e-02
9.399358654022216264e-02
9.401158380508423118e-02
9.439752721786498491e-02
9.456543660163879705e-02
9.453312635421752541e-02
9.323692178726196433e-02
9.394566321372985196e-02
9.420722508430480480e-02
9.454363155364990667e-02
9.466054606437683538e-02
9.494505262374877685e-02
9.397311830520629905e-02
9.405227160453796809e-02
9.362250256538391657e-02
9.301977491378783658e-02
9.409938406944275135e-02
9.369735264778136785e-02
9.416586184501647694e-02
9.458850049972533647e-02
9.473112559318543069e-02
9.424438500404358487e-02
9.515911102294921653e-02
9.477476143836975619e-02
9.489120984077453747e-02
9.512735867500304865e-02
9.423077964782715366e-02
9.360319089889526656e-02
9.488852977752686157e-02
9.473448538780213091e-02
9.406333184242247902e-02
9.444322490692139138e-02
9.453900933265685369e-02
9.347534728050231612e-02
9.427820897102355546e-02
9.436817622184753840e-02
9.429243683815002885e-02
9.446897673606872992e-02
9.397578740119934271e-02
9.482478547096252763e-02
9.445508360862732433e-02
9.496624207496642822e-02
9.459758591651916404e-02
9.422916555404663164e-02
9.421432971954345204e-02
9.351952791213989646e-02
9.454071760177612527e-02
9.435224342346192061e-02
9.494395065307617565e-02
9.450681567192077692e-02
9.465412712097168169e-02
9.427006483078002874e-02
9.461870765686035412e-02
9.462089180946349487e-02
9.480765700340271218e-02
9.513616824150085416e-02
9.467900538444519454e-02
9.442426061630249112e-02
9.434279966354369718e-02
9.272385501861572787e-02
9.448065090179443015e-02
9.414936995506287265e-02
9.441722965240478826e-02
