2.289851927757263206e-01
5.203898048400878995e-02
5.107722735404968128e-02
5.077873015403747831e-02
5.091623234748840487e-02
5.107381057739257546e-02
5.095818543434143394e-02
5.070394611358642473e-02
5.050188779830932367e-02
5.077806234359741322e-02
5.083217716217040827e-02
5.080317687988281095e-02
5.093964242935180436e-02
5.111179900169372792e-02
5.079371857643127236e-02
5.091068911552429355e-02
5.097194409370422313e-02
5.088401055335998319e-02
5.119370484352112061e-02
5.103567290306091492e-02
5.101266813278198392e-02
5.079260277748107871e-02
5.131033992767333740e-02
5.114786124229431241e-02
5.119380092620849643e-02
5.104707956314086942e-02
5.101617598533630255e-02
5.149411368370056252e-02
5.135227918624878096e-02
5.108982396125793385e-02
5.106722307205200512e-02
5.123104572296142273e-02
5.100504326820373691e-02
5.150394821166991849e-02
5.117275023460388095e-02
5.121405482292175348e-02
5.170189571380615079e-02
5.148601245880127242e-02
5.161755228042602672e-02
5.177043938636780029e-02
5.150385642051696911e-02
5.135042953491211065e-02
5.204952573776245456e-02
5.171153759956360202e-02
5.137050390243530495e-02
5.101600575447082231e-02
5.162729668617248302e-02
5.127538418769836404e-02
5.149578809738158958e-02
5.156941485404968606e-02
5.200046443939208840e-02
5.175959920883178855e-02
5.210109686851501637e-02
5.219080233573913236e-02
5.236265683174133601e-02
5.165582942962646668e-02
5.245408153533935580e-02
5.164240002632140836e-02
5.187398481369018266e-02
5.184884762763977001e-02
5.216163945198058760e-02
5.194650888442993442e-02
5.230937337875365967e-02
5.223847293853759594e-02
5.154441237449645941e-02
5.223960852622985818e-02
5.249994707107544234e-02
5.176956295967102134e-02
5.145394349098205561e-02
5.155848217010498141e-02
5.194078445434570368e-02
5.189479136466979697e-02
5.197033953666686801e-02
5.178195238113403320e-02
5.155953192710876348e-02
5.164092874526977212e-02
5.162826418876648171e-02
5.169925284385681191e-02
5.206894636154174583e-02
5.181527662277221613e-02
5.206346440315246654e-02
5.247302675247192405e-02
5.168079686164855913e-02
5.280833721160888700e-02
5.214545536041259588e-02
5.134162211418152183e-02
5.264042520523071200e-02
5.197970938682556358e-02
5.188223624229431480e-02
5.126462173461913963e-02
5.215026164054870766e-02
5.168391227722168163e-02
5.142052769660949985e-02
5.189490771293640142e-02
5.177463793754577548e-02
5.171920013427734608e-02
5.163767528533935725e-02
5.189623260498046897e-02
5.205040407180785977e-02
5.198539805412292353e-02
5.186011767387389837e-02
5.197870945930480741e-02
5.167280769348144703e-02
5.181965208053589123e-02
5.203350138664245700e-02
5.149572706222534102e-02
5.163350558280944969e-02
5.147365069389343156e-02
5.141769838333130199e-02
5.192255496978760015e-02
5.070410060882568626e-02
5.168027925491332913e-02
5.182203030586242376e-02
5.158508610725402732e-02
5.206376051902771029e-02
5.164958930015563915e-02
5.171938490867614840e-02
5.189884686470031677e-02
5.215365195274353216e-02
5.179665160179137973e-02
5.178097653388977206e-02
5.156299805641174211e-02
5.209206318855285484e-02
5.146556353569031045e-02
5.146209335327148193e-02
5.178296160697937189e-02
5.185830402374267539e-02
5.154736733436584423e-02
5.265038037300109885e-02
5.194503617286681807e-02
5.257282090187073015e-02
5.229282689094543607e-02
5.256776595115661421e-02
5.224959802627563571e-02
5.179062747955322232e-02
5.116559767723083407e-02
5.153289031982422053e-02
5.247941398620605685e-02
5.182984399795532299e-02
5.211338496208190590e-02
5.272983217239379794e-02
5.248767328262329140e-02
5.239134025573730785e-02
5.263599610328674461e-02
5.209939908981323087e-02
5.186859130859375333e-02
5.218130993843078658e-02
5.297105789184570340e-02
5.299421024322509971e-02
5.230520534515380876e-02
5.268372607231140009e-02
5.273598599433899220e-02
5.276837563514709395e-02
5.232528543472290267e-02
5.231523489952087658e-02
5.227149558067321899e-02
5.218713355064392295e-02
5.259075069427490007e-02
5.280441141128539712e-02
5.297301936149596824e-02
5.304154062271117936e-02
5.226219582557678489e-02
5.253334307670592951e-02
5.186122560501098960e-02
5.260765910148620939e-02
5.245910930633544689e-02
5.241387891769409141e-02
5.283434057235717601e-02
5.309714698791503928e-02
5.265842604637145652e-02
5.244556736946105746e-02
5.185334849357604858e-02
5.313640284538269365e-02
5.271789574623107766e-02
5.270848369598388899e-02
5.265079569816589339e-02
5.294977807998656888e-02
5.307374143600463584e-02
5.296561765670776412e-02
5.240511631965637240e-02
5.242812252044677657e-02
5.283889937400818027e-02
5.311699175834655451e-02
5.281614232063293335e-02
5.266796636581420887e-02
5.271174764633178994e-02
5.122338056564330888e-02
5.290275931358337513e-02
5.296809673309325894e-02
5.253416323661803944e-02
5.259939980506896789e-02
5.314009451866150147e-02
5.150947523117065108e-02
5.208482170104980491e-02
5.206390905380248874e-02
5.209104013442993064e-02
5.299101161956787376e-02
5.299891519546508917e-02
5.271041584014892617e-02
5.316429924964904963e-02
5.270385098457336381e-02
5.298603177070617537e-02
5.326784586906432861e-02
5.326751375198364447e-02
5.316193675994872886e-02
5.363246607780456504e-02
5.307309603691100913e-02
5.291057467460632407e-02
5.272334623336791953e-02
5.351756119728088429e-02
5.292509603500366450e-02
5.274850916862487693e-02
5.279478788375854825e-02
5.284967160224914723e-02
5.318933272361755366e-02
5.270942068099975647e-02
5.307658767700195596e-02
5.292479014396667819e-02
5.307719087600708263e-02
5.235928034782409701e-02
5.288686323165893433e-02
5.235203266143798745e-02
5.180755352973937661e-02
5.090037178993225137e-02
5.106346249580383245e-02
5.278601837158203303e-02
5.307204008102416742e-02
5.259810614585876121e-02
5.318666243553161338e-02
5.186712503433227317e-02
5.304511547088622964e-02
5.275783061981201283e-02
5.306538295745849565e-02
5.284582018852233831e-02
5.295473861694335871e-02
5.195964527130127186e-02
5.304648137092590060e-02
5.272951126098632951e-02
5.314107728004455883e-02
5.304351496696472351e-02
5.267041420936584284e-02
5.324603557586669866e-02
5.303014636039733720e-02
5.278520369529723921e-02
5.329990911483764582e-02
5.248130321502685741e-02
5.190599632263183383e-02
5.278171491622924566e-02
5.271007513999938915e-02
5.360780930519103843e-02
5.280237078666687178e-02
5.311806464195251154e-02
5.379732465744018616e-02
5.328558444976806696e-02
5.399641585350036660e-02
5.368017554283142229e-02
5.340646290779113570e-02
5.325087428092956793e-02
5.359431433677673551e-02
5.263532829284667952e-02
5.345564413070678922e-02
5.323214459419250283e-02
5.253213095664978349e-02
5.193949699401855663e-02
5.313299632072449041e-02
5.300430440902709900e-02
5.324464344978332292e-02
5.329424285888671731e-02
5.304722762107848960e-02
5.288969898223876837e-02
5.316676759719848877e-02
5.353869986534118969e-02
5.244301366806030512e-02
5.276087164878845437e-02
5.302759933471679760e-02
5.365411996841430720e-02
5.327727293968200634e-02
5.374726438522339084e-02
5.310355043411255083e-02
5.336927127838134860e-02
5.285257959365844554e-02
5.324031734466552757e-02
5.332225346565246799e-02
5.335714125633239657e-02
5.363235068321228066e-02
5.319947099685668618e-02
5.358032131195068076e-02
5.267933392524719316e-02
5.260343623161316262e-02
5.333789277076721180e-02
5.324771571159362532e-02
5.307316398620605391e-02
5.299713706970214655e-02
5.290052938461303755e-02
5.334291791915893310e-02
5.351454591751098749e-02
5.332551169395446933e-02
5.353665328025818126e-02
5.369143724441528126e-02
5.346638345718383867e-02
5.333503627777099604e-02
5.353008699417114574e-02
5.376591134071349865e-02
5.363291263580322044e-02
5.304613184928894110e-02
5.288496685028076100e-02
5.357909750938415205e-02
5.346217036247253446e-02
5.357483553886413508e-02
5.329628348350524958e-02
5.390657877922058056e-02
5.341637325286865273e-02
5.323902010917663796e-02
5.339327979087829523e-02
5.355116009712219266e-02
5.209232187271118503e-02
5.367380762100219804e-02
5.338216519355774153e-02
5.336125802993774148e-02
5.381607317924499284e-02
5.336213636398315363e-02
5.342212367057800476e-02
5.329085397720336598e-02
5.271019124984741011e-02
5.302818536758422546e-02
5.344123530387878684e-02
5.326674556732177712e-02
5.374766516685485634e-02
5.351234316825866782e-02
5.326929306983947676e-02
5.431303501129150502e-02
5.361798977851867792e-02
5.333705663681029968e-02
5.330948114395141907e-02
5.306702542304992526e-02
5.307458567619323386e-02
5.338739442825317372e-02
5.319105148315429743e-02
5.296524095535277976e-02
5.401672768592834240e-02
5.390148448944091786e-02
5.389499282836913985e-02
5.371349096298217579e-02
5.335120916366577204e-02
5.329828524589538818e-02
5.345769977569580361e-02
5.382083153724670499e-02
5.386268901824951133e-02
5.361930775642394925e-02
5.328038859367370539e-02
5.381336331367492926e-02
5.320252752304076987e-02
5.342250919342041160e-02
5.374796032905578697e-02
5.350944399833679199e-02
5.356178712844848755e-02
5.395169258117675504e-02
5.383766412734985324e-02
5.387695860862731778e-02
5.394359469413757130e-02
5.399365973472595309e-02
5.411048460006713523e-02
5.362872767448425421e-02
5.328934812545776251e-02
5.344085550308227267e-02
5.422781252861023221e-02
5.409514808654785484e-02
5.398339200019836720e-02
5.436354994773864857e-02
5.396653366088867421e-02
5.337523984909057356e-02
5.347017621994018532e-02
5.401258254051208296e-02
5.376580524444580372e-02
5.370487213134765569e-02
5.278620576858520513e-02
5.177325296401977250e-02
5.452149081230163452e-02
5.396228933334350913e-02
5.356048011779784845e-02
5.404952788352966608e-02
5.378115820884704634e-02
5.384707951545715521e-02
5.373416662216186357e-02
5.415446543693542419e-02
5.383457136154174566e-02
5.388063764572143671e-02
5.452541446685790771e-02
5.413672137260436973e-02
5.359115648269653642e-02
5.381667566299438293e-02
5.354709458351135376e-02
5.392240571975707997e-02
5.457191085815429887e-02
5.422457003593444957e-02
5.421177911758422868e-02
5.406356763839721691e-02
5.392309808731079318e-02
5.397782039642334134e-02
5.438474702835083274e-02
5.405258655548095953e-02
5.376827287673949934e-02
5.395730662345886441e-02
5.405245375633239979e-02
5.293692612648009943e-02
5.325972604751586653e-02
5.414203691482544212e-02
5.380026245117187217e-02
5.399461507797240906e-02
5.412343955039978366e-02
5.406346940994262440e-02
5.365109252929687461e-02
5.366710162162780656e-02
5.402978467941284280e-02
5.404772567749023537e-02
5.410831665992736628e-02
5.400959229469299433e-02
5.456569886207580239e-02
5.343032526969909712e-02
5.389541888236999700e-02
5.401656627655029158e-02
5.415380382537841875e-02
5.434324836730956843e-02
5.491608214378356639e-02
5.468868422508239846e-02
5.451324987411498846e-02
5.399551177024840970e-02
5.440533733367920038e-02
5.357198166847228910e-02
5.408725953102112155e-02
5.427042293548584029e-02
5.418462896347046170e-02
5.410931515693664234e-02
5.413395953178405662e-02
5.418443942070007291e-02
5.370567250251769703e-02
5.424443602561950656e-02
5.397212362289428855e-02
5.371949100494384510e-02
5.410104155540466225e-02
5.444301271438598683e-02
5.484711098670959351e-02
5.428925347328186074e-02
5.453154993057250655e-02
5.436698508262634288e-02
5.474033379554748419e-02
5.437233066558837952e-02
5.396707201004028592e-02
5.390985536575317039e-02
5.380009460449218517e-02
5.369900250434875288e-02
5.416185760498046925e-02
5.398702812194824258e-02
5.390475964546203452e-02
5.439988660812378196e-02
5.437217450141906827e-02
5.295856118202209306e-02
5.293966197967529125e-02
5.463775300979614030e-02
5.437039136886596957e-02
5.396181082725524936e-02
5.443130159378051919e-02
5.381157541275024409e-02
5.388765072822571112e-02
5.430782413482666132e-02
5.362937688827514732e-02
5.410072422027587674e-02
5.486392545700072981e-02
5.432549524307250799e-02
5.443946242332458468e-02
5.398249197006225325e-02
5.428030443191528276e-02
5.431134867668151872e-02
5.356785130500793524e-02
5.377712631225586154e-02
5.445278954505920754e-02
5.450768423080444569e-02
5.442484402656554837e-02
5.408444666862487898e-02
5.430140972137451061e-02
5.461756420135498169e-02
5.371363258361816495e-02
5.374954485893249784e-02
5.487759733200073264e-02
5.434685492515563959e-02
5.411815786361694192e-02
5.413807201385498202e-02
5.446616482734679965e-02
5.381339788436889648e-02
5.343362236022949213e-02
5.394296574592589988e-02
5.445838379859924139e-02
5.425449514389037858e-02
5.461611509323120034e-02
5.434343194961548107e-02
5.408754467964172613e-02
5.431119322776794406e-02
5.417093753814697377e-02
5.393023538589477445e-02
5.415208363533020181e-02
5.415613222122192538e-02
5.407066440582275479e-02
5.385883474349975608e-02
5.394934153556824041e-02
5.403340363502502630e-02
5.397320032119751199e-02
5.422811937332153165e-02
5.421351170539855796e-02
5.372226738929748724e-02
5.401017522811889932e-02
5.445209646224975775e-02
5.433689832687377957e-02
5.424710106849670727e-02
5.431188082695007080e-02
5.468978166580200362e-02
5.319912838935852289e-02
5.399635887145996099e-02
5.448279523849487022e-02
5.440456962585449308e-02
5.414311575889587530e-02
5.305144166946411388e-02
5.403800582885742027e-02
5.425898456573486489e-02
5.353366947174072188e-02
5.308192920684814270e-02
5.463303470611572538e-02
5.453496527671813920e-02
5.470049715042114152e-02
5.462067031860351474e-02
5.457143783569336215e-02
5.420925927162170699e-02
5.436032772064208762e-02
5.456587028503417924e-02
5.423372220993041837e-02
5.398162031173706077e-02
5.402634406089782543e-02
5.441225242614745883e-02
5.374937272071838440e-02
5.468380260467529258e-02
5.484902644157409884e-02
5.473389172554016247e-02
5.432438230514526067e-02
5.401213431358337091e-02
5.378781628608703819e-02
5.396535301208495866e-02
5.400773811340332103e-02
5.345031023025512834e-02
5.380474543571472229e-02
5.376420879364013361e-02
5.389568090438842662e-02
5.397748112678527749e-02
5.297632694244384932e-02
5.242735314369201954e-02
5.346763420104980180e-02
5.376557064056396162e-02
5.371117377281189181e-02
5.324879288673400879e-02
5.327941393852234087e-02
5.321425437927246316e-02
5.182794284820556319e-02
5.289974927902221791e-02
5.304351711273193326e-02
5.319587922096252752e-02
5.344833588600158419e-02
5.468789482116698936e-02
5.426831150054931691e-02
5.447615957260131675e-02
5.374383759498595897e-02
5.457936406135559249e-02
5.440330219268799117e-02
5.492993927001953158e-02
5.446322703361511364e-02
5.467182803153991522e-02
5.425243997573852422e-02
5.400289201736450245e-02
5.441671991348266679e-02
5.496984648704528881e-02
5.449124360084533353e-02
5.437256550788879123e-02
5.237870287895202842e-02
5.379333281517028470e-02
5.413367438316345204e-02
5.487119531631469427e-02
5.435197401046752697e-02
5.425087809562682828e-02
5.449885296821594532e-02
5.420319938659667880e-02
5.450971460342407537e-02
5.424341845512389848e-02
5.438682365417480541e-02
5.453529214859009072e-02
5.508970594406127630e-02
5.407791161537170432e-02
5.474226093292236528e-02
5.445351648330688799e-02
5.451839065551757763e-02
5.437815260887145924e-02
5.449628710746765026e-02
5.494866633415221996e-02
5.510594868659973028e-02
5.443925452232360740e-02
5.453685355186462663e-02
5.443448734283447277e-02
5.482552552223205616e-02
5.438029623031616355e-02
5.358507561683654996e-02
5.453084349632263128e-02
5.458401131629943975e-02
5.421000146865844610e-02
5.468227648735046048e-02
5.451820635795593534e-02
5.430161190032958829e-02
5.483193516731262040e-02
5.453053951263427818e-02
5.438679552078246743e-02
5.430087804794311857e-02
5.292019653320312322e-02
5.450828576087951571e-02
5.448022961616515863e-02
5.459861731529235679e-02
5.333891487121582287e-02
5.264291524887085294e-02
5.407826781272888350e-02
5.493627429008483831e-02
5.476280164718627663e-02
5.491617155075072948e-02
5.509904003143310802e-02
5.433588624000549455e-02
5.462618350982666182e-02
5.462577176094055020e-02
5.479759621620178267e-02
5.475725698471069214e-02
5.442709922790527066e-02
5.202189564704894770e-02
5.343963718414306702e-02
5.446474933624267240e-02
5.370593070983886719e-02
5.449993944168091131e-02
5.449810504913329967e-02
5.442306327819824291e-02
5.489116644859313998e-02
5.434557151794433549e-02
5.471432709693908880e-02
5.483670973777771129e-02
5.468016362190246393e-02
5.480156826972961553e-02
5.490847206115722495e-02
5.428233242034911921e-02
5.460343527793884433e-02
5.406011843681335360e-02
5.479636335372924799e-02
5.493869137763977145e-02
5.481676650047302007e-02
5.495943069458007757e-02
5.501110887527466131e-02
5.521958541870117254e-02
5.406484341621398820e-02
5.527032542228698525e-02
5.360384607315063499e-02
5.231367850303649675e-02
5.490490007400512795e-02
5.480430459976196045e-02
5.430118083953857505e-02
5.475030159950256686e-02
5.450726675987243447e-02
5.502256178855895880e-02
5.461118793487548806e-02
5.480036854743957492e-02
5.499167943000793368e-02
5.498895883560180747e-02
5.489482235908508395e-02
5.529145884513855108e-02
5.494072699546814070e-02
5.479245090484619052e-02
5.507116198539734053e-02
5.490194678306579285e-02
5.503591752052307273e-02
5.397074604034423490e-02
5.491138601303100636e-02
5.476768302917480596e-02
5.482642912864685303e-02
5.415746259689330905e-02
5.506500625610351307e-02
5.473608732223510936e-02
5.461950993537902782e-02
5.518694829940795632e-02
5.579908323287963851e-02
5.515665650367736900e-02
5.537627458572387529e-02
5.500825858116149825e-02
5.502766823768615728e-02
5.591972351074218917e-02
5.548982477188110080e-02
5.566517853736877713e-02
5.441666173934936457e-02
5.513556385040283003e-02
5.555920290946960577e-02
5.538866782188415355e-02
5.554741573333740051e-02
5.571394419670105264e-02
5.534591484069824319e-02
5.432351350784301453e-02
5.540111088752746465e-02
5.501039004325866677e-02
5.483186841011047225e-02
5.534683322906493869e-02
5.518355512619018549e-02
5.499973773956298717e-02
5.494571352005005183e-02
5.512785243988037320e-02
5.512766742706298739e-02
5.483788442611694375e-02
5.497101259231567533e-02
5.493316555023193548e-02
5.458132219314575095e-02
5.511528754234314154e-02
5.545142102241516074e-02
5.506335115432739458e-02
5.507596826553344538e-02
5.480087351799010909e-02
5.499137616157531716e-02
5.485757851600647078e-02
5.492751860618591553e-02
5.470750975608825589e-02
5.508384680747985956e-02
5.495825862884521490e-02
5.458261966705322404e-02
5.505763387680053661e-02
5.532877349853515536e-02
5.532893824577331254e-02
5.518261957168579118e-02
5.488149356842041138e-02
5.503207015991210677e-02
5.532588434219360557e-02
5.481706953048706005e-02
5.501205492019653476e-02
5.542227959632873430e-02
5.520224761962890664e-02
5.563841652870177984e-02
5.515327119827270752e-02
5.493619298934936807e-02
5.521956038475036438e-02
5.518686628341674949e-02
5.372710084915161000e-02
5.504884886741637923e-02
5.407485342025757091e-02
5.528115892410278426e-02
5.509325623512267844e-02
5.512195634841918906e-02
5.553371977806091653e-02
5.540717005729675626e-02
5.529996871948242299e-02
5.496262216567993075e-02
5.487908387184142756e-02
5.547502303123474227e-02
5.549244451522827165e-02
5.478555035591125416e-02
5.537109375000000278e-02
5.502127075195312189e-02
5.523794007301330300e-02
5.510364890098571472e-02
5.550630545616149630e-02
5.512415122985839938e-02
5.538223314285278115e-02
5.518070650100707908e-02
5.463325786590576133e-02
5.512084484100341492e-02
5.469262862205505338e-02
5.502371549606323298e-02
5.491112256050109663e-02
5.557187271118164268e-02
5.558355569839477234e-02
5.497890281677245833e-02
5.459072208404541077e-02
5.466228508949280002e-02
5.495174098014831560e-02
5.243515324592590288e-02
5.396933627128601418e-02
5.519628286361694114e-02
5.505330610275268460e-02
5.474905824661254611e-02
5.536765623092651523e-02
5.486557984352111866e-02
5.435549855232238436e-02
5.484162044525146829e-02
5.518150854110717707e-02
5.508285450935363620e-02
5.513720512390136996e-02
5.517409110069274730e-02
5.477788233757018704e-02
5.517897582054138300e-02
5.481804680824280129e-02
5.504424881935119501e-02
5.525102233886718811e-02
5.523552727699279630e-02
5.557099533081054366e-02
5.513737797737121304e-02
5.459746432304382613e-02
5.461038017272949047e-02
5.527717232704162931e-02
5.529413938522338701e-02
5.463758301734924355e-02
5.537641716003417758e-02
5.269594979286194164e-02
5.245664381980896102e-02
5.478402996063232167e-02
5.502529740333557406e-02
5.557181143760681064e-02
5.535182142257690646e-02
5.475739455223083835e-02
5.472741413116455345e-02
5.450122189521789534e-02
5.512243938446045183e-02
5.479423856735229220e-02
5.486932706832885892e-02
5.470844554901123369e-02
5.513494849205016757e-02
5.478774499893188793e-02
5.495892882347106628e-02
5.498371005058288324e-02
5.524914169311523349e-02
5.494528484344482488e-02
5.461530423164367987e-02
5.526468515396118497e-02
5.502148294448852561e-02
5.482015609741210799e-02
5.572342085838317971e-02
5.502853536605834678e-02
5.521479916572570590e-02
5.520282840728759494e-02
5.578961753845215060e-02
5.496838760375976490e-02
5.522241020202636741e-02
5.490621137619018655e-02
5.526731872558593439e-02
5.526831364631652754e-02
5.513086390495300360e-02
5.481343173980712802e-02
5.469194459915160955e-02
5.489906454086303927e-02
5.543073439598083380e-02
5.554878401756286471e-02
5.594281911849975641e-02
5.501737451553345010e-02
5.476613616943359214e-02
5.530652928352355890e-02
5.517826628684997792e-02
5.536707639694214006e-02
5.593740797042846824e-02
5.483107042312622414e-02
5.517823696136474332e-02
5.547764134407043302e-02
5.557806563377380715e-02
5.546718835830688477e-02
5.517899227142333829e-02
5.521133303642272727e-02
5.528319334983825689e-02
5.560575056076049599e-02
5.437920880317687750e-02
5.520694422721862671e-02
5.533494925498962103e-02
5.575072479248047164e-02
5.537855887413024869e-02
5.490147352218627957e-02
5.485164213180541981e-02
5.500139570236205894e-02
5.527631473541259888e-02
5.553070497512817283e-02
5.514432764053344566e-02
5.539097714424133512e-02
5.481900501251220359e-02
5.553609776496887251e-02
5.539465427398681391e-02
5.513883233070373396e-02
5.537062287330627580e-02
5.578273010253906317e-02
5.515139722824096563e-02
5.523029112815856789e-02
5.427729225158691578e-02
5.503933501243591514e-02
5.509055948257446378e-02
5.565669679641723627e-02
5.513496589660644293e-02
5.517406725883483576e-02
5.547114038467407249e-02
5.559797859191894370e-02
5.544052457809447998e-02
5.534380769729613930e-02
5.549077129364013428e-02
5.516462969779968584e-02
5.538986325263976773e-02
5.519942045211791853e-02
5.524550604820251121e-02
5.540657401084900235e-02
5.539425468444824502e-02
5.495153427124023493e-02
5.561142778396606368e-02
5.540314626693725736e-02
5.576827478408813432e-02
5.534369349479675154e-02
5.561212038993835344e-02
5.552346301078796287e-02
5.542938351631164495e-02
5.552535748481750300e-02
5.596557974815368625e-02
5.549484896659850897e-02
5.578166294097900574e-02
5.568371534347534013e-02
5.532857584953308067e-02
5.501418995857238620e-02
5.555903935432433827e-02
5.512115693092346086e-02
5.548071670532226524e-02
5.538501691818237260e-02
5.596802258491516413e-02
5.526101446151733543e-02
5.583435225486755443e-02
5.651262211799621543e-02
5.561840915679931718e-02
5.610055470466613486e-02
5.563543343544006398e-02
5.540261268615722517e-02
5.548965311050414739e-02
5.528641724586486755e-02
5.540498518943786505e-02
5.576981878280639487e-02
5.540589857101440446e-02
5.577472615242004550e-02
5.600983619689941378e-02
5.511784791946411355e-02
5.520913934707641357e-02
5.490759730339050265e-02
5.543952822685241366e-02
5.543446969985962175e-02
5.460719990730285300e-02
5.521649408340453813e-02
5.529152750968933244e-02
5.491953992843628257e-02
5.549569869041443004e-02
5.448248410224914434e-02
5.477993416786193503e-02
5.532321929931640486e-02
5.516810941696166648e-02
5.500898027420043912e-02
5.534568238258361778e-02
5.522475600242614940e-02
5.501860332489013489e-02
5.520101690292358171e-02
5.505114269256591863e-02
5.534148502349853227e-02
5.497783255577087108e-02
5.531446886062622165e-02
5.569539093971252741e-02
5.504923272132873635e-02
5.514764094352721940e-02
5.531332111358642362e-02
5.514222931861877119e-02
5.526882886886596430e-02
5.541068339347839100e-02
5.475954341888427529e-02
5.538750338554382369e-02
5.514631032943725919e-02
5.480499744415283370e-02
5.476181864738464272e-02
5.500252246856689176e-02
5.515363693237304576e-02
5.511790847778320207e-02
5.547225618362426613e-02
5.440233278274535927e-02
5.547392678260803373e-02
5.541379117965698070e-02
5.547454285621643277e-02
5.515295696258545183e-02
5.539944767951965332e-02
5.442308282852172802e-02
5.472975516319274897e-02
5.514967870712280534e-02
5.518929362297057828e-02
5.597248291969299239e-02
5.505379533767700007e-02
5.547582030296325378e-02
5.643928217887878712e-02
5.515462493896484270e-02
5.547499871253967069e-02
5.573431420326233066e-02
5.521601366996765209e-02
5.551748943328857488e-02
5.554009842872619646e-02
5.571252679824829218e-02
5.549543380737304715e-02
5.499864625930785816e-02
5.558714032173156516e-02
5.562417674064636108e-02
5.518567419052124168e-02
5.506800746917724781e-02
5.561549663543700894e-02
5.555045533180236889e-02
5.580381369590759616e-02
5.557398271560669289e-02
