1.576312642473224059e+02
1.479966753302827556e+02
1.673083443159748072e+02
1.560647806531940205e+02
1.455643176437828572e+02
1.497132149459744710e+02
1.511281840892446837e+02
1.124228682342011894e+02
1.007003108176157724e+02
8.763218419308212503e+01
7.267805217678518659e+01
6.405580420917752349e+01
6.283068212390450213e+01
6.337420172727140510e+01
4.535928025620650317e+01
4.629000125967559853e+01
5.370569487249263574e+01
4.191608251931098295e+01
3.608651795087995140e+01
4.728359668749401834e+01
3.465168055630644517e+01
3.496048550033926006e+01
2.682524413778964245e+01
2.460529801170757125e+01
2.856525486841003669e+01
2.886045179752284184e+01
2.891871295173844203e+01
2.895955975621304290e+01
3.567434539976759567e+01
1.435671502771130470e+01
1.316724961552320217e+01
1.275837859939259644e+01
1.565838833312781375e+01
2.948462608851666289e+01
2.021262401928390062e+01
2.042423399948808793e+01
2.149458750579911737e+01
1.383252753879652630e+01
1.324916891181502443e+01
1.298610164488381891e+01
2.626554295196886102e+01
1.304352563734004455e+01
8.566837935045771957e+00
1.224609515791231296e+01
1.881074970308987915e+01
2.653512732582607114e+01
1.010121249230816964e+01
1.622089423366843519e+01
4.442071302834779800e+01
1.203633716405023968e+01
1.411579538733954386e+01
1.108899714905932576e+01
1.360321241818162541e+01
2.146836998040966904e+01
1.177705440736326814e+01
9.677229009071009358e+00
2.174443915151854867e+01
1.198729388297586951e+01
1.084367197640813529e+01
2.060718132106821443e+01
1.532199305578221527e+01
1.684248435012150580e+01
2.075331514286905232e+01
1.294058736810248433e+01
1.636308210923298745e+01
1.465139865179820688e+01
1.291449168739860554e+01
1.970611585548619971e+01
1.665142498621952782e+01
1.404488893370276159e+01
1.933621837909108976e+01
9.756538116423628892e+00
1.089521462973952382e+01
9.256904175034916804e+00
3.149246259273093784e+01
1.176966331981562064e+01
1.612379664290473258e+01
8.021753205343097548e+00
2.256254993528645514e+01
9.483699738402536994e+00
9.566624725359913484e+00
2.342012983449665953e+01
2.308082006688675136e+01
9.768217447950551247e+00
8.589984508201117919e+00
1.584398267952661143e+01
9.659183687320910039e+00
1.228722416533724093e+01
9.372622847123981416e+00
2.081355846436436252e+01
1.969688215525921393e+01
8.281003551552853281e+00
2.369723913930040737e+01
8.121755341499893532e+00
1.273230968971578569e+01
9.934940636717255913e+00
2.817734071925520212e+01
3.683215339303487212e+01
6.180068586005682540e+00
2.023751852565013110e+01
1.432491618758274043e+01
1.213166508099848251e+01
9.807361869743351335e+00
2.182205340882592992e+01
1.787416774897016936e+01
1.683628242730445024e+01
2.653419632609632473e+01
9.725918471975917967e+00
1.987574972693990460e+01
1.444191691591940518e+01
2.249743728557011480e+01
2.527696121437117327e+01
2.913057376143972732e+01
1.551216727730050238e+01
2.808022669086733814e+01
2.288238323010291708e+01
1.936279826177549879e+01
4.700479869492973961e+01
8.565001569851498076e+00
9.753477286698233328e+00
1.123642283835996736e+01
3.593161982584680203e+01
2.666378979526815485e+01
9.682634068107827119e+00
1.763888069244726253e+01
1.575151779136991870e+01
1.216007472975185699e+01
1.444513107089839465e+01
1.400789544939026854e+01
1.426932435343286620e+01
4.594822945277872606e+00
3.155106606663389712e+01
7.113788393228486662e+00
1.374620875679130805e+01
1.930414449620437622e+01
2.161680845656894334e+01
1.372388058670666666e+01
2.668763146102033801e+01
1.010095605502431937e+01
1.630776442866279297e+01
1.016700293291152235e+01
1.069485087200530593e+01
7.880628614499025630e+00
3.018032830763437957e+01
1.203635903532076767e+01
1.167656529764145468e+01
3.937646087156633712e+01
6.566561900110102101e+00
2.844134836315537029e+01
1.526433727949456021e+01
1.011492324704795109e+01
1.422958322755771654e+01
7.998625192366864312e+00
8.262260051654928716e+00
1.079238626306620397e+01
1.891632175925700921e+01
1.495473206042028735e+01
1.895860382961387103e+01
1.309634733813618013e+01
3.316735900909812074e+01
2.214817725319298702e+01
1.487086198319928165e+01
1.113984587297141360e+01
6.123361921588246659e+00
9.180813459969078494e+00
2.200982494234309428e+01
1.767512802831748431e+01
1.374164259679173483e+01
9.085852644254899246e+00
1.094878307105049942e+01
1.199430916537955660e+01
7.039260266333957183e+00
3.346454303714084233e+01
1.176538105936852219e+01
1.244513507242137962e+01
6.761127954044085620e+00
2.652490967473633887e+01
1.254435978392279871e+01
2.513757556755233580e+01
1.785331019925643048e+01
6.096034999547031319e+00
6.743751884103668104e+00
6.838013248831877000e+00
3.810262596117910761e+01
3.334401453163662410e+01
8.416338557673576304e+00
1.554545747486204021e+01
1.063487156358240071e+01
1.177416279213016637e+01
1.739767490562536878e+01
7.379784137452240600e+00
4.042543273688529837e+01
1.549861038321472861e+01
1.018445910013079825e+01
6.714380728583469704e+01
1.938415544543609315e+01
1.112020664852121854e+01
2.532091615282219621e+01
9.314450100635525587e+00
7.132007942247474475e+00
7.712023747134272078e+00
8.022772282320948634e+00
1.908532335487570109e+01
1.355641913126463649e+01
1.080364595449241882e+01
1.645517767536565756e+01
6.457073911992400106e+00
8.417934503593825113e+00
1.242835220207716063e+01
3.012898756798416144e+01
5.748970763449023025e+00
1.191893042116601009e+01
2.034695013606355118e+01
4.791628527822006767e+00
1.708083593077355644e+01
1.329900341627126359e+01
1.148529599349684638e+01
7.768545770742536050e+00
8.770378528843172816e+00
8.208672253812435926e+00
7.621632613571393655e+00
9.735712144064342155e+00
5.275087460833126407e+00
1.103173128854872864e+01
1.166291416972793016e+01
2.482824322472294298e+01
2.540775020828030151e+01
1.037557866218999436e+01
1.279062053572982904e+01
3.139377959650795802e+01
1.730829899589121723e+01
2.031744082623553993e+01
5.685500821805566929e+00
7.035882247199153561e+00
1.784835616887999521e+01
7.159511793281832404e+00
1.119206440151053528e+01
9.619693517985824727e+00
5.757214253192240783e+00
7.504503512004387034e+00
1.540156465837118560e+01
8.832608155853947096e+00
1.139581789987697924e+01
1.037280374442353015e+01
2.277943693224654709e+01
1.963295241242497013e+01
1.829491151969071439e+01
2.362512113815867920e+01
8.595525000098220403e+00
1.738593036537284675e+01
1.088045993533225086e+01
1.452973793891988485e+01
2.038355114872424068e+01
1.015154950654935284e+01
1.065562116620181143e+01
9.241136803557226997e+00
1.225399563949773096e+01
6.444551277698272074e+00
1.588055974073293264e+01
1.087064537894287319e+01
1.072395051795319532e+01
1.088111634242157599e+01
1.109067092379587294e+01
8.431714869523107225e+00
1.168602690123033661e+01
1.611486184669238497e+01
1.251577743579747803e+01
2.497798680816118377e+01
9.512290496694999931e+00
1.372709399957965815e+01
2.544257174056724224e+01
2.867518515838585813e+01
8.539171524475637653e+00
1.725227851747870744e+01
1.057470216391052453e+01
5.238328590047511391e+00
8.661195884808625678e+00
1.549683459607385494e+01
6.086855647926702417e+00
1.256789520295439111e+01
5.205199242880983235e+00
1.597520045872389716e+01
1.607803786894839604e+01
3.574853987322182292e+01
7.781450400981751336e+00
1.244554930382826541e+01
7.355696724738743697e+00
1.259730112139137148e+01
9.162868577020777394e+00
1.573444967087855595e+01
9.991397891194878866e+00
9.588293435923775476e+00
6.337341418403966919e+00
1.614627351405276201e+01
4.350985270774602398e+00
6.024112323541458203e+00
4.800523701271743882e+00
8.495075193334667318e+00
1.133857301133481954e+01
8.628304369381908145e+00
7.127710556214469584e+00
1.731788620671848733e+01
6.584093655198208772e+00
1.739798355730962598e+01
1.777290939149067484e+01
1.186256355631048187e+01
3.940626949287033831e+00
2.868240504398131563e+01
5.105111727113173181e+00
9.639870081901737109e+00
1.664101629010708550e+01
1.043855820694291481e+01
1.015407773308554162e+01
8.042465696938609909e+00
1.038609391576282093e+01
6.469593143368834731e+00
1.914091498466072139e+01
1.667216572370677596e+01
1.796909751558752077e+01
2.468556326004248191e+01
6.764495919030707682e+00
1.058352498401194808e+01
7.037631992338998721e+00
1.340727856794789652e+01
1.259055591046487876e+01
7.174134804467867887e+00
2.124244433328005499e+01
1.195037304205834694e+01
2.289566061452844181e+01
5.356675645014137288e+00
2.787632267029508171e+01
5.209289114866940018e+00
1.713174209104475310e+01
1.322151137763863993e+01
1.119428174285817335e+01
2.060988911364134779e+01
1.641904805902835562e+01
6.231870966576917859e+00
1.660988456632662036e+01
1.761241674142651803e+01
2.075315038449206995e+01
1.224586771314925748e+01
1.627615456565060015e+01
9.126205096414210516e+00
2.375235041395173496e+01
1.782154119873831988e+01
2.317327678590795159e+01
1.632127213672393040e+01
2.077353189561347335e+01
1.526688853644107446e+01
7.883556656114266481e+00
1.454995241250635551e+01
1.196137675893161401e+01
3.252918026203280277e+01
8.930580395631009694e+00
8.427982020482254200e+00
8.551573795343029971e+00
7.869603567433671287e+00
1.936996038421065336e+01
9.160073749974628754e+00
1.929028882582528581e+01
1.341388967748124550e+01
9.855977825436378126e+00
1.934321158420004849e+01
1.888455464475695678e+01
3.905042328445100352e+00
1.855531299804341216e+01
1.486617250908880195e+01
1.144850107148782570e+01
2.014517230235847833e+01
2.889479226922135169e+01
7.588656902904638457e+00
1.680716904081818086e+01
9.034916347425552274e+00
1.575799437653814472e+01
1.479698793015039904e+01
4.796334992370049122e+00
1.908931002841975655e+01
4.871187938454301047e+01
7.466833479882319047e+00
1.195216302103354522e+01
6.613491261082898198e+00
1.796420067009298904e+01
1.695043889308816176e+01
2.885006495753469125e+01
2.029921740966812393e+01
5.772462088948085324e+00
3.038719090918997168e+01
1.133623633198740066e+01
1.790218452739150479e+01
1.434851242333870758e+01
2.944729276693989561e+01
5.987538459707037575e+00
1.148772235707767564e+01
7.784672495586567820e+00
1.719924083013949812e+01
9.403066103049122049e+00
9.022853840421580784e+00
1.149745740488342527e+01
7.327512326375491547e+00
1.660401894450028948e+01
1.023378721781100786e+01
7.631094038426751602e+00
1.652811391781019879e+01
1.535592182433773267e+01
1.311885301227676770e+01
1.365323787051132598e+01
3.322254294654113238e+01
5.992073998375195387e+00
9.411734897378048359e+00
1.492652854891841763e+01
1.774791637441402159e+01
2.044407426309837561e+01
1.631327308641386864e+01
5.983288295434163295e+00
9.145209038481752373e+00
2.663832864399869038e+01
4.525248549610330961e+00
3.266203917354732056e+01
9.172305504010772381e+00
8.484984256928962409e+00
1.541069670410767323e+01
9.236978653730288258e+00
4.441232027193925802e+01
1.130493080425638652e+01
8.785197544525066959e+00
1.007790043726333629e+01
1.309347745725889389e+01
1.071998509521992737e+01
1.102173068731612027e+01
1.107933861934967368e+01
1.165114354223952375e+01
1.063658512032534986e+01
1.268897831358196626e+01
7.201015377556599262e+00
7.422888682926575221e+00
1.529036685793706063e+01
5.638804151150978328e+00
1.086728008203928120e+01
6.030715166146343620e+00
8.956260613972913731e+00
9.943713824423721093e+00
6.222666959912608320e+00
7.759104172539375455e+00
2.335276806934486515e+01
7.745958477766496486e+00
1.084864571956781276e+01
8.385998386976604380e+00
8.483602134729403943e+00
9.677086404889372773e+00
8.792225262638950767e+00
4.551048215468826541e+00
7.745632668705466628e+00
9.323552967693393256e+00
9.620804307008647527e+00
6.628004138411762725e+00
2.342208284922777040e+01
9.939895499861748362e+00
1.329552325758723974e+01
5.817735369894722730e+00
1.171262661233416047e+01
1.240353624088017348e+01
6.085334424432903511e+00
1.194264126538058868e+01
8.012146672792175295e+00
1.272340555657182293e+01
1.161410950268209952e+01
3.095793495871611967e+01
8.977650740083305436e+00
8.324365765939814921e+00
5.117464723768901713e+00
7.179915080156563434e+00
6.159050248936025262e+00
3.555321667463066859e+01
5.840083705785469981e+00
9.307879495439481232e+00
8.080026578885350474e+00
4.885806392726705916e+00
8.057311422933226552e+00
1.947145261638738489e+01
1.566301139258679065e+01
5.506437227342737550e+00
1.675963466854168971e+01
5.687570286172070944e+00
1.313235437171728748e+01
9.581082928426663869e+00
1.814784030958191607e+01
1.174455056552360332e+01
3.551740386313047892e+00
8.678650986834561820e+00
1.480125787471047261e+01
4.789257453811706533e+00
7.976403821559704177e+00
1.316576833417688341e+01
1.672649388411787541e+01
3.223589258373966260e+01
6.547353099872250226e+00
1.270335349410441061e+01
2.587981342143013563e+01
2.776383654370452092e+01
4.429985245625275070e+01
6.550325238656040661e+00
4.147746268839024708e+01
1.566983885293200274e+01
2.119809803205391674e+01
2.232302364597941491e+01
4.871211716124559388e+01
5.725248021690667599e+01
6.623538162972491250e+01
6.777055295294769621e+01
3.578009429003104458e+01
3.336204739324672630e+01
4.024270453316619012e+01
7.794680002435532629e+01
4.609844754136874201e+01
6.026557188351045369e+01
7.680877508564006462e+01
5.415582114928774615e+01
7.941067337096306744e+01
8.178834412333974058e+01
3.961131360761886100e+01
9.745625081705425430e+01
6.095422275628156683e+01
5.752779460186236093e+01
7.866998051111688994e+01
9.935189635457420820e+01
9.598892795621542007e+01
6.377676520701687224e+01
1.542577532407858030e+02
1.141475611521871940e+02
8.397340317080535499e+01
2.583920950844966455e+02
1.378869506953642770e+02
1.096089990437634896e+02
7.826959114603108958e+01
1.359154200021508814e+02
1.209733620651579571e+02
9.971431254463817595e+01
1.860873937481538007e+02
7.325000959926873634e+01
8.869134682241757162e+01
7.618174838466069332e+01
9.452830135003986811e+01
1.308968348667068824e+02
1.237710870706177104e+02
1.130572070759772743e+02
7.059334824304256983e+01
1.181031951879229922e+02
1.007751541633246006e+02
5.547588136104995726e+01
9.957485821599951237e+01
9.347403039024526095e+01
1.241759725348516525e+02
1.161733951922079910e+02
1.114705132864874741e+02
1.109671842104494743e+02
4.967493249631538532e+01
8.048016377731512705e+01
7.507948388095284997e+01
1.192087866491981032e+02
2.212144996633778860e+01
8.635624108147975164e+01
6.049652799265948744e+01
3.349569750380303645e+01
1.123967207995328579e+02
4.859412321075729579e+01
2.952842225510823582e+01
6.484043259377303059e+01
8.349946824969232750e+01
4.805647880211338929e+01
7.224554723036030168e+01
4.379514229332254871e+01
5.361544382123118879e+01
3.536127132003770157e+01
2.886600594213754789e+01
5.374496252681102959e+01
7.486606076557104927e+01
7.615229505190875159e+01
2.127279514267465643e+01
5.132855121516616492e+01
3.547637119625104418e+01
5.374823788859973206e+01
7.794710218451561445e+01
2.957014328086311750e+01
4.578827189559161326e+01
5.271544268474568895e+01
5.745307742895284520e+01
2.409112409733139160e+01
3.739361529635720416e+01
4.140805398271358229e+01
8.353268106234091306e+01
3.805509198244869395e+01
1.051471795402758005e+02
6.565016459168244012e+01
5.648491971439518977e+01
4.352537137747979301e+01
5.286007862462267326e+01
2.693014467392152866e+01
5.109129479054972478e+01
7.998699188361024426e+01
3.379830758518161815e+01
5.372266372604513407e+01
2.923070741765998903e+01
3.756892395584409883e+01
3.672273287023829624e+01
6.607127948094978365e+01
4.714975183850495455e+01
4.506984437500548779e+01
4.021734080323618343e+01
7.552994807908069674e+01
4.155130663337301655e+01
4.688743331951194193e+01
3.570053301777351606e+01
7.017355630704061298e+01
4.341328749324564740e+01
5.513462749637701421e+01
2.550496216841758113e+01
5.463470849500924231e+01
3.537729363422236162e+01
4.050416912448640971e+01
2.869937621886136725e+01
5.252440708733981722e+01
5.515611767781474839e+01
2.816583615916150762e+01
6.892089026773354021e+01
6.847880523114216089e+01
1.177083488657390262e+02
1.131102272831323319e+02
9.179739417316065442e+01
1.158169806228826673e+02
1.377312061542877473e+02
5.119874593822394360e+01
5.456509197762965613e+01
6.078415922032975516e+01
6.160636189563028609e+01
5.974360206644517746e+01
6.555524730803506372e+01
5.608092883342608559e+01
7.020384572493081521e+01
5.595514700069249159e+01
8.076785839867966388e+01
7.250855712007627574e+01
7.438636015196135531e+01
7.216914340317228493e+01
1.105599250073657913e+02
1.011543098803922760e+02
9.818372653595943689e+01
1.014664198020980734e+02
3.641110218499601103e+01
6.731000906966762898e+01
4.294977110004364107e+01
7.824588650481607033e+01
7.240123647645637561e+01
6.946772821511659401e+01
5.150918537663988417e+01
8.013133720710473540e+01
7.063172323162186217e+01
9.226118776353774820e+01
9.031177245544823506e+01
8.361543788448234693e+01
4.949720367673118204e+01
7.124771732459345230e+01
5.665375512608928688e+01
4.650093940635824197e+01
1.518447940238581850e+02
8.520165700851514146e+01
6.259344695608172060e+01
4.633282455458694216e+01
7.562929589934040564e+01
3.387193956307503129e+01
8.995336625744982939e+01
8.245518641388851222e+01
2.378356997558801211e+01
5.375708518037443895e+01
1.595646091162736298e+02
4.229284379857139697e+01
8.907632986151088517e+01
4.994667622413732033e+01
2.916215952023313918e+01
1.013664468521876785e+02
5.614621247459977837e+01
5.628913512377554440e+01
5.227728864640808837e+01
9.513425226257375300e+01
7.210007340769479356e+01
7.196786137343131884e+01
4.826663672270790073e+01
7.823558989012947507e+01
8.592983596479759001e+01
2.746279865618154048e+01
3.021797927195247269e+01
4.939643230869279478e+01
5.572320252012764286e+01
1.265205769621226324e+02
5.328984804779921802e+01
1.106829086001469449e+02
3.771680328793635795e+01
4.420614110398044261e+01
4.936978316157490809e+01
3.866308085807491324e+01
2.825587890889046960e+01
7.599591925162985717e+01
2.731693480672034369e+01
6.793056705889085833e+01
4.023467154121760103e+01
9.550593169807662264e+01
4.338575552669829705e+01
6.217799567295766394e+01
2.346665607169589052e+01
7.556089311994837487e+01
7.106120863948389399e+01
1.261549112042472700e+02
8.664719896122713294e+01
5.894217521479900057e+01
5.440742176385502660e+01
1.038256719963003860e+02
8.306683913612489789e+01
1.003606200752222861e+02
5.647101184621509873e+01
7.914242522865242790e+01
4.211129021773388104e+01
2.103991162216826183e+01
4.200037230606042016e+01
6.904412283224770874e+01
8.768347862278939431e+01
2.779860079592771172e+01
5.245110731475969601e+01
5.350183610293606762e+01
5.845039442009625930e+01
3.045891036323777001e+01
2.440772559547665921e+01
5.324048883293436774e+01
6.651149785852194896e+01
6.294584723423535166e+01
5.907814941538121900e+01
4.512988772904768098e+01
2.779803814202951884e+01
7.664492793545942106e+01
8.396292757133089424e+01
7.943851428087108957e+01
2.425953736159837604e+01
3.762911349995898291e+01
2.375241404250188992e+01
3.823790605791413810e+01
3.327752072114129334e+01
1.794511744683325674e+02
4.156049097309757201e+01
9.448506483744549200e+01
5.021181717897366781e+01
9.217011019565566698e+01
3.727273097497585042e+01
4.259881221018866881e+01
6.467594228989071325e+01
5.227535018405722411e+01
7.428623270291554093e+01
2.654145636526536478e+01
6.645621735925297457e+01
1.201596986357333776e+02
5.406159604482039072e+01
9.068358558281489934e+01
9.999869167422481553e+01
7.366084939060989711e+01
8.613926018158166187e+01
2.009055558018292942e+01
3.129268738077872669e+01
4.691298665151842329e+01
3.372092365748813592e+01
3.915239611415883303e+01
1.338264783102950162e+02
4.282750305898137100e+01
7.059147623155865858e+01
3.312527412940357863e+01
4.068626463997246390e+01
8.372826520664183647e+01
2.288390300526941346e+01
3.330056417965618465e+01
7.753645209949179673e+01
7.339181055853330804e+01
3.348458746040165579e+01
3.225914659487290947e+01
3.842208187619325344e+01
4.105372599474011253e+01
5.524288810171377406e+01
3.616057968962359581e+01
5.991981608694878503e+01
4.813694010066163997e+01
2.551280608479364531e+01
7.228009290259086583e+01
5.399254345570145830e+01
3.313119025406437856e+01
5.341921589684069005e+01
7.067986222330088708e+01
8.328877819637567370e+01
9.787715712195038975e+01
2.921541912264213181e+01
1.056284923713218689e+02
5.764717357784375906e+01
5.074473762511924946e+01
9.868088382410404336e+01
2.880061090841631355e+01
5.632579537299761796e+01
5.592660023400159020e+01
5.035509297737798562e+01
4.201867538086104048e+01
8.352192314343442092e+01
2.435107553326567498e+01
5.408483366453669561e+01
4.173465865572853062e+01
4.670666695685434178e+01
6.754028040078010520e+01
2.918715934984804861e+01
6.729621164662719934e+01
3.334974355108359134e+01
4.445959272546808450e+01
7.577829002254216562e+01
3.767727688355792992e+01
9.134481624109393749e+01
7.024402599429693339e+01
1.238433884157130080e+02
2.969215380422947703e+01
7.642884141799959252e+01
6.281027701853843581e+01
6.234156798697615187e+01
5.365004903224478738e+01
3.546742218228923349e+01
7.184690891744354246e+01
4.227007681509680026e+01
6.359628029002411864e+01
7.271117475897202098e+01
1.182701707151076533e+02
2.701118001214147313e+01
5.291445754985387140e+01
3.994936559603316795e+01
8.145393319955593370e+01
8.843875133736297300e+01
7.656471794453844382e+01
3.042796773612096928e+01
1.013038735300776381e+02
9.508251965948898032e+01
1.066176414829420054e+02
5.407550027666086123e+01
1.098505083158935776e+02
5.200421753140428649e+01
5.614725189526721749e+01
4.674599537333293142e+01
9.429695240429958858e+01
1.085856717667824682e+02
1.208313611786993675e+02
4.572728204054813972e+01
5.842136285058111866e+01
5.718071539338937725e+01
6.164211446667726335e+01
5.194845251721530843e+01
6.628927542946593121e+01
1.041434029681951756e+02
8.671199894762827398e+01
4.014075037343594943e+01
3.580974042840051652e+01
9.446765048983215252e+01
4.382725912914312971e+01
9.268843696065721360e+01
4.133159665741825961e+01
7.308988500783209474e+01
8.213286925289204987e+01
4.710417234771067996e+01
8.498108088728369580e+01
1.158106443641259204e+02
8.266988497604434372e+01
6.883147327099464974e+01
3.190908883256322781e+01
7.304546293519597100e+01
3.551796243914248663e+01
4.672241358791952592e+01
5.121892943440833790e+01
3.099003210980747980e+01
4.779647272731072860e+01
5.604672475555484823e+01
3.291566842491443623e+01
6.655847125878889869e+01
4.243799373410523401e+01
3.359616741446090060e+01
5.273945369172862030e+01
5.878951421024758872e+01
5.283419024473428749e+01
6.696730767488607228e+01
8.098165528105526789e+01
7.376243000201932887e+01
3.077869250871734863e+01
2.750231781901241490e+01
2.767811824540083165e+01
7.448386995709307712e+01
4.663990402505605459e+01
6.520828346153791699e+01
6.298198091655809350e+01
3.551283296552148272e+01
2.732209649699712983e+01
3.447646736099926557e+01
2.151833359712566818e+01
2.958997834564685192e+01
3.547504651411016852e+01
5.629505213140376441e+01
1.362747772147985188e+02
4.393239456330275772e+01
7.218392074846275364e+01
6.358092066846199231e+01
1.535338933514009625e+02
1.080090029918600720e+02
9.625279550835227838e+01
3.462766454587708154e+01
3.416160135646151019e+01
3.810594067629697435e+01
6.437695124794564094e+01
1.007018305903352768e+02
5.359182390224742676e+01
4.899456936447711541e+01
5.013505751619128858e+01
3.255104763624661501e+01
8.064213279703253079e+01
6.579091614297529134e+01
4.151505443159520325e+01
0.000000000000000000e+00
0.000000000000000000e+00
0.000000000000000000e+00
0.000000000000000000e+00
0.000000000000000000e+00
0.000000000000000000e+00
0.000000000000000000e+00
0.000000000000000000e+00
0.000000000000000000e+00
0.000000000000000000e+00
0.000000000000000000e+00
0.000000000000000000e+00
0.000000000000000000e+00
0.000000000000000000e+00
0.000000000000000000e+00
0.000000000000000000e+00
0.000000000000000000e+00
0.000000000000000000e+00
0.000000000000000000e+00
0.000000000000000000e+00
0.000000000000000000e+00
0.000000000000000000e+00
0.000000000000000000e+00
0.000000000000000000e+00
0.000000000000000000e+00
0.000000000000000000e+00
0.000000000000000000e+00
0.000000000000000000e+00
0.000000000000000000e+00
0.000000000000000000e+00
0.000000000000000000e+00
0.000000000000000000e+00
0.000000000000000000e+00
0.000000000000000000e+00
0.000000000000000000e+00
0.000000000000000000e+00
0.000000000000000000e+00
0.000000000000000000e+00
0.000000000000000000e+00
0.000000000000000000e+00
0.000000000000000000e+00
0.000000000000000000e+00
0.000000000000000000e+00
0.000000000000000000e+00
0.000000000000000000e+00
0.000000000000000000e+00
0.000000000000000000e+00
0.000000000000000000e+00
0.000000000000000000e+00
0.000000000000000000e+00
0.000000000000000000e+00
0.000000000000000000e+00
0.000000000000000000e+00
0.000000000000000000e+00
0.000000000000000000e+00
0.000000000000000000e+00
0.000000000000000000e+00
0.000000000000000000e+00
0.000000000000000000e+00
0.000000000000000000e+00
0.000000000000000000e+00
0.000000000000000000e+00
0.000000000000000000e+00
0.000000000000000000e+00
0.000000000000000000e+00
0.000000000000000000e+00
0.000000000000000000e+00
0.000000000000000000e+00
0.000000000000000000e+00
0.000000000000000000e+00
0.000000000000000000e+00
0.000000000000000000e+00
0.000000000000000000e+00
0.000000000000000000e+00
0.000000000000000000e+00
0.000000000000000000e+00
0.000000000000000000e+00
0.000000000000000000e+00
0.000000000000000000e+00
