2.163582479953765902e-01
4.052356910705566528e-02
3.972118091583252270e-02
3.898328757286071561e-02
3.933577442169189364e-02
3.926961231231689692e-02
3.907019877433776794e-02
3.920406222343444935e-02
3.895207214355468628e-02
3.947736144065856767e-02
3.953025913238525368e-02
3.919857740402221680e-02
3.951927256584167325e-02
3.880011057853698792e-02
3.895668840408324923e-02
3.920857620239257685e-02
3.949359536170959223e-02
3.981398415565490928e-02
3.964014601707458590e-02
3.947171735763550099e-02
3.946710538864135753e-02
3.946359252929687589e-02
3.962827086448669767e-02
4.002793216705322066e-02
4.008093118667602206e-02
3.951293134689331382e-02
3.927459144592285178e-02
4.016572546958923490e-02
4.021316862106322915e-02
3.983263826370238986e-02
3.973138475418090676e-02
4.007624435424804454e-02
3.999375319480896057e-02
3.991104698181152655e-02
4.009553289413451960e-02
3.968213796615600863e-02
4.055371356010437078e-02
4.047314691543579118e-02
4.001425933837890470e-02
4.042866587638854758e-02
4.030109143257141341e-02
4.078519463539123646e-02
4.019737124443054088e-02
3.994767856597900707e-02
4.042149353027343905e-02
4.067850613594055365e-02
4.004229426383972001e-02
4.001169633865356290e-02
4.049282670021057268e-02
4.105226874351501631e-02
4.094134020805358792e-02
4.027467823028564597e-02
3.996589875221252114e-02
4.038386750221252541e-02
4.027596187591552662e-02
4.099000835418701444e-02
4.088037300109863270e-02
4.093821430206298628e-02
4.069352412223815885e-02
4.030339884757995483e-02
3.986958217620849287e-02
4.046224594116210743e-02
4.146236324310302590e-02
4.052674627304077293e-02
4.107559490203857577e-02
4.113311791419983071e-02
4.044515013694763295e-02
4.021790337562561324e-02
4.085446262359618969e-02
4.094797492027282826e-02
4.094808912277221602e-02
4.031132316589355197e-02
4.091320896148681330e-02
4.139540600776672047e-02
4.110211086273193176e-02
4.124063158035278648e-02
4.131377077102661027e-02
4.057289314270019764e-02
4.122583150863647766e-02
4.073629570007324119e-02
4.140495181083678894e-02
4.151187109947204745e-02
4.087649202346801958e-02
4.025816631317138961e-02
4.071658849716186523e-02
3.959627938270569164e-02
4.146169471740722423e-02
4.114990353584289245e-02
4.163857531547546231e-02
4.079835867881775185e-02
4.038851404190063610e-02
4.076146006584167175e-02
4.144799542427062694e-02
4.163727521896362638e-02
4.089681649208069120e-02
3.936811232566833629e-02
4.145315694808959783e-02
3.924066162109374895e-02
4.127555298805236916e-02
4.178077554702758906e-02
4.139494585990905612e-02
4.143024015426635676e-02
4.121467161178588717e-02
4.031777811050415300e-02
4.123138976097107111e-02
4.169780635833740534e-02
4.150989437103271701e-02
4.121690630912780429e-02
4.057394599914550953e-02
4.097847366333007973e-02
4.191581034660339655e-02
4.154152989387512040e-02
4.055009722709655706e-02
4.123940658569336115e-02
4.187131142616271756e-02
4.117425918579101229e-02
4.133538341522216553e-02
4.155897498130798479e-02
4.209045600891113403e-02
4.179781126976013506e-02
4.166713500022888039e-02
4.100619745254516918e-02
4.121950507164001687e-02
4.179094386100769276e-02
4.183943891525268577e-02
4.063383746147155445e-02
4.049867796897888006e-02
4.161458182334899780e-02
4.140486168861388927e-02
4.156997966766357716e-02
4.164492917060851757e-02
4.149788331985473921e-02
4.173860502243041670e-02
4.156656527519225763e-02
4.136940813064575451e-02
4.185040616989135764e-02
4.153491473197937212e-02
4.128989100456238043e-02
4.164122104644775446e-02
4.170013809204101835e-02
4.154101777076721347e-02
4.000727486610412831e-02
4.070080924034118891e-02
4.159720754623413147e-02
4.077389693260193015e-02
4.081719279289245522e-02
4.063196301460265947e-02
3.947292137145996110e-02
4.154250526428222845e-02
4.144049525260925376e-02
4.132844805717468539e-02
4.119414472579956132e-02
3.983231854438781805e-02
3.964912486076355158e-02
4.050161004066467341e-02
4.140890836715697965e-02
4.142715597152710205e-02
4.114687180519104037e-02
4.179730701446533053e-02
4.204400372505188305e-02
4.168204259872436424e-02
4.187845420837402188e-02
4.138622212409973078e-02
4.191870141029357955e-02
3.908804607391357100e-02
4.115131974220275629e-02
4.196263670921325517e-02
4.186864948272705361e-02
4.201679944992065679e-02
4.191351771354675376e-02
4.188508009910583280e-02
4.166400718688964555e-02
4.200249862670898254e-02
4.101002383232116993e-02
4.063858771324157376e-02
4.168504214286804233e-02
4.154301619529723877e-02
4.209148287773132463e-02
4.133967804908752347e-02
4.170678663253784418e-02
4.169338774681091014e-02
4.198283290863037004e-02
4.214031982421875128e-02
4.220971012115478510e-02
4.077319455146789784e-02
4.060942363739013933e-02
4.209342360496520774e-02
4.198016881942748940e-02
4.203103041648864613e-02
4.191563367843628013e-02
4.207679939270019681e-02
4.213935732841491560e-02
4.160094976425170871e-02
4.204319810867309520e-02
4.190166282653808721e-02
4.207577943801879550e-02
4.191983008384704557e-02
4.167482185363769603e-02
4.158876514434814431e-02
4.133597040176391346e-02
4.179895663261413291e-02
4.197788166999816967e-02
4.242892432212829606e-02
4.188428688049316423e-02
4.193137860298156577e-02
4.217014670372009472e-02
4.198455739021301342e-02
4.207240748405456643e-02
4.154626345634460788e-02
4.174505019187927518e-02
4.192666530609130693e-02
4.125387096405029597e-02
4.190699028968811191e-02
4.133740401268005266e-02
4.191450858116149703e-02
4.159711790084839184e-02
4.204214620590209645e-02
4.180290746688843095e-02
4.188211441040039229e-02
4.196448874473571872e-02
4.187567925453185985e-02
4.222014069557190191e-02
4.211828851699828818e-02
4.208258008956908963e-02
4.205934524536132646e-02
4.222665286064147816e-02
3.907905697822570967e-02
4.183400344848632602e-02
4.190646553039550914e-02
4.141230559349060036e-02
4.198742175102233853e-02
4.180914282798767201e-02
4.221202397346496271e-02
4.170351815223694025e-02
4.178466033935546858e-02
4.163383913040161199e-02
3.955189657211304055e-02
4.188107442855835277e-02
4.147856926918029596e-02
4.178584766387939686e-02
4.203413963317870899e-02
4.175273156166076777e-02
4.233506512641906777e-02
4.219053530693054471e-02
4.191605353355407765e-02
4.262441611289977811e-02
4.195749592781066600e-02
4.085974764823913780e-02
4.067981243133544922e-02
4.191925716400146662e-02
4.221222066879272428e-02
4.124468851089477250e-02
4.087756633758544977e-02
4.043784570693969432e-02
4.187919116020202837e-02
4.192004966735839860e-02
4.224840784072875916e-02
4.020750331878662071e-02
3.936824440956115945e-02
4.118882226943969965e-02
4.049239850044250577e-02
4.017464137077331882e-02
4.188128209114074657e-02
4.199989724159240712e-02
4.074987030029297158e-02
4.135940027236938155e-02
4.223492860794067494e-02
4.232217264175414800e-02
4.217762756347655934e-02
4.227846598625183139e-02
4.075527811050415339e-02
4.046209526062011924e-02
4.259851026535034502e-02
4.179654860496521268e-02
4.198687148094177451e-02
4.206410384178161516e-02
4.241684627532958662e-02
4.188451814651489302e-02
4.203137302398681635e-02
4.050873231887817255e-02
3.934309840202331737e-02
3.993340158462524436e-02
4.194281411170959484e-02
4.172910165786743175e-02
4.240296983718871981e-02
4.250842547416686795e-02
4.240727925300598333e-02
4.225041127204894748e-02
4.214006257057190119e-02
4.228347659111023060e-02
4.211202216148376282e-02
4.260466408729553234e-02
4.219115185737609686e-02
4.214414215087890908e-02
4.227963399887085111e-02
4.203372359275817788e-02
4.194523620605468406e-02
4.172357869148254211e-02
4.180371475219726851e-02
4.188286399841308766e-02
4.102624106407165572e-02
4.118238306045532426e-02
4.120489501953124994e-02
4.059782290458679305e-02
4.173742556571960471e-02
4.101872897148132330e-02
3.943206501007080061e-02
4.234831023216247686e-02
4.195927214622497542e-02
4.242512679100036294e-02
4.218235540390014721e-02
4.167121696472168152e-02
4.159860348701477362e-02
4.172500681877136519e-02
4.188438987731933627e-02
4.125976586341857655e-02
4.188867211341858188e-02
4.133813095092773310e-02
4.147933578491210665e-02
4.114088678359985318e-02
4.087967133522033697e-02
3.891858577728271595e-02
4.059713053703307983e-02
4.096138691902160428e-02
4.087464380264282243e-02
4.034788393974304138e-02
4.017669677734374972e-02
4.027183413505554255e-02
4.110093688964843589e-02
3.979970908164977977e-02
4.059013676643371399e-02
4.208152723312377774e-02
4.211531734466552462e-02
4.242660641670226856e-02
4.237981891632080361e-02
4.151288533210754222e-02
4.184969639778136907e-02
4.187335085868835322e-02
4.204964423179626681e-02
4.214359045028686496e-02
4.231292581558227656e-02
4.211728429794311251e-02
4.107108235359192144e-02
4.249086523056030268e-02
4.208880162239074518e-02
4.219499754905700617e-02
4.232909321784972950e-02
4.230552840232849193e-02
4.201223802566528276e-02
4.202551865577697915e-02
4.216001105308532504e-02
4.222904324531555342e-02
4.211016440391540661e-02
4.143165564537048401e-02
4.234550690650940030e-02
4.258506202697753817e-02
4.276947665214538702e-02
4.270234513282775840e-02
4.258006048202514493e-02
4.242678475379944164e-02
4.231371974945068171e-02
4.234392952919006220e-02
4.245384979248047197e-02
4.078659844398498796e-02
4.182407593727111711e-02
4.204311919212341125e-02
4.262255954742431852e-02
4.256359863281249795e-02
4.299204254150390536e-02
4.288606786727905407e-02
4.256835126876831049e-02
4.246488261222839539e-02
4.300871348381042625e-02
4.306591916084289567e-02
4.246279382705688693e-02
4.201000046730041237e-02
4.267033219337463407e-02
4.270004487037658975e-02
4.232327008247375316e-02
4.273879575729370300e-02
4.315427660942077609e-02
4.292529964447021340e-02
4.330530428886413680e-02
4.241045641899109098e-02
4.244781637191772511e-02
4.286716604232788247e-02
4.280274295806884427e-02
4.334854364395141629e-02
4.290863370895385553e-02
4.262014961242675815e-02
4.255965924263000605e-02
4.268418812751770264e-02
4.290845465660095281e-02
4.300952553749084334e-02
4.295384216308593961e-02
4.265507149696350087e-02
4.217886590957641707e-02
4.299466896057128895e-02
4.322403049468993841e-02
4.251081514358520663e-02
4.312425947189330727e-02
4.305911397933959855e-02
4.160593175888061684e-02
4.332383871078491350e-02
4.332192015647888528e-02
4.273209166526794472e-02
4.257084298133850114e-02
4.306672120094299366e-02
4.295893311500549594e-02
4.289457678794860590e-02
4.286454391479492532e-02
4.314036583900451860e-02
4.270874905586242998e-02
4.291310477256774641e-02
4.235892581939697255e-02
4.310621881484985596e-02
4.306160593032836575e-02
4.274108004570007641e-02
4.283383703231811307e-02
4.317337989807128878e-02
4.238266968727111977e-02
4.291460537910461726e-02
4.325346088409423584e-02
4.303976082801818509e-02
4.301983332633971951e-02
4.312415289878845231e-02
4.319128036499023104e-02
4.291996955871581892e-02
4.309189939498901667e-02
4.271420764923095775e-02
4.264321851730346752e-02
4.265452527999877980e-02
4.307111406326293718e-02
4.293553185462951893e-02
4.293395233154297108e-02
4.294110822677612432e-02
4.285855197906494191e-02
4.327164554595946955e-02
4.332058858871459806e-02
4.326800060272216475e-02
4.252523803710937800e-02
4.269976639747619790e-02
4.193533539772033997e-02
4.285614800453185769e-02
4.265898942947387446e-02
4.255710816383361655e-02
4.326756024360656899e-02
4.293992137908935608e-02
4.305658340454101424e-02
4.288832926750182906e-02
4.282692956924438743e-02
4.297715711593627641e-02
4.303900003433227400e-02
4.242835712432861672e-02
4.281847643852233765e-02
4.320686912536621238e-02
4.266242027282714927e-02
4.244519042968750155e-02
4.284873867034912076e-02
4.278190326690673589e-02
4.296578645706176924e-02
4.274146604537963634e-02
4.311023449897766202e-02
4.292870855331420987e-02
4.328507947921753085e-02
4.298080205917358121e-02
4.314143657684325894e-02
4.316027331352233903e-02
4.293910527229308910e-02
4.292814683914184665e-02
4.336191272735595570e-02
4.303592300415039207e-02
4.274541926383972068e-02
4.257196116447448803e-02
4.340834331512451183e-02
4.322900676727294694e-02
4.304028463363647472e-02
4.326516103744507125e-02
4.309783935546875056e-02
4.288128805160522361e-02
4.294595718383788924e-02
4.342271471023559370e-02
4.323423743247985923e-02
4.311919999122619529e-02
4.293099188804626321e-02
4.260963869094848422e-02
4.299026226997375300e-02
4.322530102729797707e-02
4.305389881134033536e-02
4.334939837455749345e-02
4.325352263450622792e-02
4.247540378570556496e-02
3.907318735122680686e-02
4.162726378440857050e-02
4.159532141685486073e-02
4.324394607543945168e-02
4.264089417457580383e-02
4.272803235054015852e-02
4.279846143722534219e-02
4.340339207649231146e-02
4.323998546600341802e-02
4.318107604980468694e-02
4.362737441062927018e-02
4.314866662025451660e-02
4.329984259605407920e-02
4.265505504608154558e-02
4.319074583053588573e-02
4.337212610244751271e-02
4.346655273437499689e-02
4.125220012664795183e-02
4.264424133300781516e-02
4.322503733634948386e-02
4.289269995689391768e-02
4.326453948020934914e-02
4.337788200378418085e-02
4.290934038162231429e-02
4.272178888320923157e-02
4.289488768577575523e-02
4.318608975410461598e-02
4.336834621429443148e-02
4.375045895576477190e-02
4.359305977821350403e-02
4.333879899978637651e-02
4.302745842933655002e-02
4.295367240905761941e-02
4.319527292251586909e-02
4.309519505500793157e-02
4.242400550842285317e-02
4.310209059715271185e-02
4.347100782394409252e-02
4.336120438575744723e-02
4.172790956497192394e-02
4.307602763175964050e-02
4.338126134872436618e-02
4.186782789230346358e-02
4.234485816955566723e-02
4.342298865318298257e-02
4.345493459701538219e-02
4.340923619270324607e-02
4.344519281387328874e-02
4.329374265670776073e-02
4.339365315437317128e-02
4.350866675376892367e-02
4.329524755477905107e-02
4.349390983581542802e-02
4.352705907821655118e-02
4.327804970741271767e-02
4.337808609008789174e-02
4.308896851539611994e-02
4.351409339904785400e-02
4.348741602897644026e-02
4.183391857147216591e-02
4.344197702407837092e-02
4.315668845176696966e-02
4.243906068801879539e-02
4.333174276351928894e-02
4.319092416763305881e-02
4.360810947418213013e-02
4.365273404121398915e-02
4.346943354606628424e-02
4.271876811981201172e-02
4.256300616264343389e-02
4.381123661994933832e-02
4.330447006225585788e-02
4.344592022895812922e-02
4.338048672676086265e-02
4.359843254089355163e-02
4.373361992835998746e-02
4.330767035484314048e-02
4.330512452125549056e-02
4.345198726654053017e-02
4.361215496063232389e-02
4.351128458976745439e-02
4.260146498680114635e-02
4.223036670684814781e-02
4.359661936759948869e-02
4.362838339805603233e-02
4.370291662216186507e-02
4.387436079978943027e-02
4.338755321502685280e-02
4.344003319740295105e-02
4.156079792976379722e-02
4.185821795463561673e-02
4.192363643646240118e-02
4.313647961616515897e-02
4.387111330032348461e-02
4.248810911178588917e-02
4.262563014030456426e-02
4.238305139541626021e-02
4.299738430976867559e-02
4.322569894790649625e-02
4.319367432594299616e-02
4.306950592994689825e-02
4.305266213417053428e-02
4.283393669128417874e-02
4.314824795722961570e-02
4.298075103759765869e-02
4.335523033142089921e-02
4.269815850257873552e-02
4.071518373489380060e-02
4.342773461341858238e-02
4.290138339996337619e-02
4.342838501930236517e-02
4.307721209526062245e-02
4.240496706962585544e-02
3.944970345497131325e-02
4.226706719398498624e-02
4.262699532508849865e-02
4.322197294235229775e-02
4.350435423851013034e-02
4.292477250099182434e-02
4.333847665786743492e-02
4.396070194244384999e-02
4.381500196456909052e-02
4.396578431129455344e-02
4.342412424087524481e-02
4.367101192474365234e-02
4.050697112083435220e-02
4.311913371086120716e-02
4.025727629661560170e-02
4.377971196174621632e-02
4.360370230674743414e-02
4.368525671958923412e-02
4.321092963218688826e-02
4.356896662712097384e-02
4.360283684730530129e-02
4.399390149116515908e-02
4.376809382438659468e-02
4.401780104637145752e-02
4.311752581596374478e-02
4.373607802391052402e-02
4.386955022811889898e-02
4.373976922035217180e-02
4.366395568847656478e-02
4.426063990592956493e-02
4.412352204322814858e-02
4.430090451240539795e-02
4.396919488906860657e-02
4.425156688690185663e-02
4.373432922363280906e-02
4.426971650123596308e-02
4.433227658271789856e-02
4.397677159309387046e-02
4.409150958061218428e-02
4.423126363754272677e-02
4.383929586410522522e-02
4.404310989379883051e-02
4.390362381935119379e-02
4.393779301643371826e-02
4.400183224678039240e-02
4.337237358093262024e-02
4.371074676513671958e-02
4.387330722808838179e-02
4.439977884292602844e-02
4.410119581222533836e-02
4.367036390304565585e-02
4.419734215736389332e-02
4.382430505752563793e-02
4.383000087738037065e-02
4.391076040267944541e-02
4.164467501640319730e-02
4.284630465507507230e-02
4.103631973266601285e-02
4.410631465911864918e-02
4.404963541030883917e-02
4.389199304580688327e-02
4.401602482795715504e-02
4.415233659744262351e-02
4.385831809043884422e-02
4.386655354499816722e-02
4.438719511032104825e-02
4.396596813201904264e-02
4.411602711677551497e-02
4.419719409942626798e-02
4.331808090209961215e-02
4.381913661956787082e-02
4.409033155441283852e-02
4.371656608581542952e-02
4.419152498245239313e-02
4.392273879051208224e-02
4.406638979911804005e-02
4.421104001998901051e-02
4.419904136657714505e-02
4.415945363044739003e-02
4.382850193977355646e-02
4.429823160171508789e-02
4.375715303421020413e-02
4.419744944572448486e-02
4.369362092018127391e-02
4.362228989601135004e-02
4.377642798423767023e-02
4.380769634246826222e-02
4.400381398200988586e-02
4.425696825981140226e-02
4.280352210998535079e-02
4.413942074775695917e-02
4.433174562454223616e-02
4.408128476142883501e-02
4.388545989990234181e-02
4.405185627937317078e-02
4.404977202415466531e-02
4.433220219612121760e-02
4.430254220962524109e-02
4.456812047958374351e-02
4.449294304847717374e-02
4.410441589355468955e-02
4.421608996391296342e-02
4.362218785285949807e-02
4.440630865097045660e-02
4.453776025772094443e-02
4.420535731315612671e-02
4.385202407836914090e-02
4.458757352828979226e-02
4.419444394111633062e-02
4.321319961547851612e-02
4.326352429389953430e-02
4.323433399200439509e-02
4.384423756599425959e-02
4.439551377296447471e-02
4.447386455535888572e-02
4.431501555442809992e-02
4.424230194091796631e-02
4.433847403526305908e-02
4.415471053123474349e-02
4.390029382705688821e-02
4.414484024047851674e-02
4.430364298820495261e-02
4.433299469947814958e-02
4.397520661354065163e-02
4.396685481071472418e-02
4.435176301002502486e-02
4.425026655197143721e-02
4.418426060676574479e-02
4.448424577713012973e-02
4.448912310600280917e-02
4.433404803276062150e-02
4.426287150382995916e-02
4.435653209686279269e-02
4.449430084228515880e-02
4.448564100265502835e-02
4.462255120277405090e-02
4.445504736900329767e-02
4.421400666236877108e-02
4.447283124923705894e-02
4.419764041900634682e-02
4.376652932167052895e-02
4.340033531188965121e-02
4.422636938095092507e-02
4.426057195663452015e-02
4.428342461585998285e-02
4.400764989852905262e-02
4.359649038314819536e-02
4.414651465415954379e-02
4.440639758110046659e-02
4.418613338470459007e-02
4.416244149208068542e-02
4.446067070960998263e-02
4.417424106597900302e-02
4.436035299301147733e-02
4.436676144599914495e-02
4.421939730644226102e-02
4.434328317642211720e-02
4.399967527389526262e-02
4.432954335212707653e-02
4.411390161514282260e-02
4.383960366249084473e-02
4.450971031188964699e-02
4.482307720184326022e-02
4.472301840782165472e-02
4.467503142356872570e-02
4.437469148635864169e-02
4.411040425300598311e-02
4.409379792213440064e-02
4.441358709335327393e-02
4.427727794647216830e-02
4.429479479789733692e-02
4.417900133132934837e-02
4.436098647117614480e-02
4.414091062545776045e-02
4.439701604843139526e-02
4.454901170730590776e-02
4.383565115928649697e-02
4.453686308860779069e-02
4.453119444847106895e-02
4.450316119194031028e-02
4.428709673881530556e-02
4.437280678749084412e-02
4.457972836494445562e-02
4.467797231674194153e-02
4.449517869949341092e-02
4.334924650192260864e-02
4.425197434425354182e-02
4.439479804039001692e-02
4.438416123390197948e-02
4.465912914276123219e-02
4.463705229759216270e-02
4.462561655044555708e-02
4.427045750617981251e-02
4.411272096633911399e-02
4.133409571647644193e-02
4.411673474311828685e-02
4.450601673126220598e-02
4.464148139953613009e-02
4.458268475532532055e-02
4.465497899055480974e-02
4.441519975662231584e-02
4.460554790496826238e-02
4.389321994781494179e-02
4.428472495079040228e-02
4.438785696029663025e-02
4.421436786651611328e-02
4.442325067520141307e-02
4.431449890136719000e-02
4.448696851730346569e-02
4.465521097183227511e-02
4.452537083625793257e-02
4.455156540870666704e-02
4.446862387657165433e-02
4.470348310470580872e-02
4.463708186149597384e-02
4.446679353713989258e-02
4.464375019073486134e-02
4.420903968811035201e-02
4.495865368843078580e-02
4.453868865966796597e-02
4.452198481559753451e-02
4.454308223724365301e-02
4.469271826744079801e-02
4.471917963027954163e-02
4.488887357711791870e-02
4.452923083305358742e-02
4.405165886878967263e-02
4.427298140525817716e-02
4.423672676086425753e-02
4.348920941352844155e-02
4.418480944633483565e-02
4.465824294090271068e-02
4.461930060386657543e-02
4.464984059333801381e-02
4.469518256187438726e-02
4.454366230964660472e-02
4.434911179542541659e-02
4.476985192298889304e-02
4.456188464164733548e-02
4.454451489448547213e-02
4.462456965446472135e-02
4.387704682350158925e-02
4.259588789939880438e-02
4.421921730041503823e-02
4.469816255569458024e-02
4.438312125205993997e-02
4.456340217590332164e-02
4.410727739334106140e-02
4.461059975624084156e-02
4.468689322471618847e-02
4.399161505699157593e-02
4.418638420104980397e-02
4.475234365463257036e-02
4.507247638702392700e-02
4.483213186264038003e-02
4.478962397575378396e-02
4.430999922752380110e-02
4.473988127708435070e-02
4.493258643150329495e-02
4.421334552764892567e-02
4.464863371849060042e-02
4.464191269874572682e-02
4.486639332771301392e-02
4.477497911453247326e-02
4.410092091560363636e-02
4.426814007759094505e-02
4.469899940490722895e-02
4.487636542320251609e-02
4.523425889015197932e-02
4.472275161743163863e-02
4.474359059333801042e-02
4.507831573486328208e-02
4.510961842536926475e-02
4.474958658218383678e-02
4.463903188705444641e-02
4.408313369750976873e-02
4.484149789810180919e-02
4.414127111434936607e-02
4.503360462188720631e-02
4.493615102767944264e-02
4.496238994598388689e-02
4.476240706443786882e-02
4.519033646583556912e-02
4.470666670799255255e-02
4.490398406982421681e-02
4.471514248847961726e-02
4.478245544433593489e-02
4.484484052658081060e-02
4.471039319038391108e-02
4.480352210998535256e-02
4.503505730628967058e-02
4.512795853614807312e-02
4.482417273521423218e-02
4.447402834892272977e-02
4.339486837387084711e-02
4.504864883422851629e-02
4.511036968231200983e-02
4.471737360954284451e-02
4.495288157463073891e-02
4.494296622276305886e-02
4.506205034255981318e-02
4.518384790420532093e-02
4.514478850364685159e-02
4.484211826324462774e-02
4.486553645133972007e-02
4.448146390914917148e-02
4.487155866622925121e-02
4.492994284629821949e-02
4.496634292602538774e-02
4.489895224571228277e-02
4.493006706237792636e-02
4.470935583114624134e-02
4.483002471923828308e-02
4.513674473762512018e-02
4.467369151115417603e-02
4.483039307594299111e-02
4.453823351860046464e-02
4.506223177909850913e-02
4.520441770553589034e-02
4.512113761901855730e-02
4.499599003791809188e-02
4.482906866073608360e-02
4.520991754531860501e-02
4.426970410346985074e-02
4.492708969116211010e-02
4.445509028434753429e-02
4.485181975364684742e-02
4.522241115570068554e-02
4.459496021270752120e-02
4.503577232360839872e-02
4.472450065612793013e-02
4.483107089996338224e-02
4.451904034614562883e-02
4.509194064140319841e-02
4.531495475769042880e-02
4.489434623718261547e-02
4.484192180633544966e-02
4.487635803222655984e-02
4.510284423828125194e-02
4.505107092857360551e-02
4.508670973777770957e-02
4.504165768623352023e-02
4.459132075309753251e-02
4.506910872459411743e-02
4.457258296012878152e-02
4.525593495368957636e-02
4.530823612213134843e-02
4.518671846389770569e-02
4.537189531326293879e-02
4.506714677810669256e-02
4.473399615287780573e-02
4.529936909675598422e-02
4.516929411888122303e-02
4.518067312240600653e-02
4.518325519561767339e-02
4.476484465599060020e-02
4.519619202613830294e-02
4.500745820999145497e-02
4.504492092132568459e-02
4.515389132499694758e-02
4.429706215858459500e-02
4.424913406372070479e-02
4.408735966682433838e-02
4.467835474014282549e-02
4.398363137245177995e-02
4.389787340164184870e-02
4.306945061683654929e-02
4.385362577438354365e-02
4.425742745399475347e-02
4.395667028427124173e-02
4.362396216392517428e-02
4.365118694305419877e-02
4.348345756530761635e-02
4.283617424964904913e-02
4.295612788200378618e-02
4.319132566452026090e-02
4.330163860321045027e-02
4.265259647369384899e-02
4.206017279624939265e-02
4.187507438659667652e-02
4.085403537750244285e-02
4.210273957252502752e-02
4.193263578414917203e-02
4.205544495582580478e-02
4.161905455589294534e-02
4.181325078010558749e-02
4.156602096557616977e-02
4.151521205902099915e-02
4.157738423347473455e-02
4.186174535751342740e-02
4.206042098999023676e-02
4.232373070716857755e-02
4.231847572326660062e-02
4.157790541648864746e-02
