1.548870848693252071e+02
1.457909117565012309e+02
1.464780514065032264e+02
1.511269928728750074e+02
1.473456915538083081e+02
1.357691559976766769e+02
1.290547624870220034e+02
1.219481801260667737e+02
1.189929094346906879e+02
1.266355727673940095e+02
1.286587497746058375e+02
1.227593767702947645e+02
9.771841649606248836e+01
1.142036979743442089e+02
1.164064158927449029e+02
1.191852629045027641e+02
1.228184639146253687e+02
1.062404913900920036e+02
8.592367652985784332e+01
1.211647324609479170e+02
6.188530942823644665e+01
1.111994300543254042e+02
9.972494382081416120e+01
5.363212066365068154e+01
8.799131433423596604e+01
9.780293051051189934e+01
3.982011092354071735e+01
4.396222042687121245e+01
3.385821293031918344e+01
2.960429780948270206e+01
3.713434298638100728e+01
2.591318639789417944e+01
1.892888258719948880e+01
2.591904550892468961e+01
2.140068389619589695e+01
2.750940883797242975e+01
2.928806702824911312e+01
2.808887520767296664e+01
2.150439142962844485e+01
1.210647200337262674e+01
4.521529706075535415e+01
2.733628436278040041e+01
2.023531053925266576e+01
1.168004308044321604e+01
3.157977154473439541e+01
8.917583200104964192e+00
1.468297599715131874e+01
1.339181975054412810e+01
1.656245929267183215e+01
1.088425314024910762e+01
1.042765129801012947e+01
8.628623819910140824e+00
1.131096599468349595e+01
8.410786168564225562e+00
9.625306204773133700e+00
8.353539503652378073e+00
1.584781695986795036e+01
2.304020625121429333e+01
1.032104909184476504e+01
1.401882823207245465e+01
1.324491531959400881e+01
1.393679020099879295e+01
1.196309889875760923e+01
1.283893183960453221e+01
1.248916064123636716e+01
9.512158806509964037e+00
1.500360975544115405e+01
1.511601975049525848e+01
1.585338656547211400e+01
1.680685762977282849e+01
1.980524253940430057e+01
1.775176962154981553e+01
1.372881496076432484e+01
1.306230317742182656e+01
1.301223235447998050e+01
1.978432694820249793e+01
1.046931415102084983e+01
1.309584340227907617e+01
1.442215496821125065e+01
1.582122337077781182e+01
1.654185671714413886e+01
7.530531757139486970e+00
2.111979630535564212e+01
9.535958958815907494e+00
1.254568025254160624e+01
8.871305988375477014e+00
1.004283133502179304e+01
1.107348025867484331e+01
1.487266922725060248e+01
1.393391150260450928e+01
1.379193732630334779e+01
7.366452314918428890e+00
7.729317593015539778e+00
9.571754618983163709e+00
1.435210383477723894e+01
8.094478292069496206e+00
1.173280744154846111e+01
1.258268234808382147e+01
6.612158820904131318e+00
6.890223855625820626e+00
1.584777128082031972e+01
8.065429351978771422e+00
1.103365941220309665e+01
1.844753344488064428e+01
7.737217033675611866e+00
1.050166514572635101e+01
2.128394934310573561e+01
9.756227960838687707e+00
9.863238713098617438e+00
1.138358493402451010e+01
7.796494837411318102e+00
2.044830032870823899e+01
1.030474078894264345e+01
1.288069503259145776e+01
1.173384370759783302e+01
7.517424269802793546e+00
7.060260169095018412e+00
5.083623575166694053e+00
1.064192142942699704e+01
1.182497829779885734e+01
5.996202166859538885e+00
4.535255830243193564e+00
7.440322728239463501e+00
1.402580612902661272e+01
8.697564568678105346e+00
5.763043401779170516e+00
1.335452564125964159e+01
7.810471021702478644e+00
1.192184050955386887e+01
7.691718424362918860e+00
1.525777927284823932e+01
7.256336417514132719e+00
6.072021296918171274e+00
6.200458663183008312e+00
1.740790060582148513e+01
1.278280292107920602e+01
5.958210800572627086e+00
6.797548416223331280e+00
8.193900037962281502e+00
7.348736164905612434e+00
9.065834205199838181e+00
1.179066412856984236e+01
8.771057326728355363e+00
1.024230394526679966e+01
1.236913339965121850e+01
8.650374981049367307e+00
8.209414255666143134e+00
9.748341388742074898e+00
5.690762235296192628e+00
6.214642219746709273e+00
1.114629790544755217e+01
1.253915609672089282e+01
1.687947184729408789e+01
7.725438602713736280e+00
1.057330088381727862e+01
8.646002662235504843e+00
1.363244439949359510e+01
8.330210549545638443e+00
6.475605192301847168e+00
1.621576356927473839e+01
5.241058362481227917e+00
1.241345837496172244e+01
6.989774527107970314e+00
1.453075460551214881e+01
4.921055938157677723e+00
6.965967332136751011e+00
1.082645791295087889e+01
8.927189500587729754e+00
8.528706409556427559e+00
1.076078893208915943e+01
8.956154141845722449e+00
9.707589205428750034e+00
8.424185453365023335e+00
1.173706746063958128e+01
1.205089032664917248e+01
1.062661179702666381e+01
6.412514142122455851e+00
6.166304467481627860e+00
6.955506143165459676e+00
1.258726004296105394e+01
1.026767361962580694e+01
1.278839405393269679e+01
5.334515783943392542e+00
6.449688630134834177e+00
7.315269337666294724e+00
1.060664926515288542e+01
5.768164384141753587e+00
9.341444891250013427e+00
9.479257641500423048e+00
8.592037151520198535e+00
6.089877599381678053e+00
1.937466737950618878e+01
2.143936679216119501e+01
1.064016966517822915e+01
8.963796762820422259e+00
7.118083569915098607e+00
9.563460095781247006e+00
5.869500998152687998e+00
6.853134335400602239e+00
3.993098815605368834e+00
2.494047092351656403e+01
6.236729843459091427e+00
9.913001746981686679e+00
7.481140849794857495e+00
6.608024309008862396e+00
1.539248441655802679e+01
1.437113941670103578e+01
4.363041990024644434e+00
6.791712969775238307e+00
9.228417225161496873e+00
8.079795030151110780e+00
9.632632700285004290e+00
6.933898903535213876e+00
6.313759956951333407e+00
6.597368740641766927e+00
1.118390333300550132e+01
6.992578632878761802e+00
4.284552417882181885e+00
7.900774804546002450e+00
6.640878285317906915e+00
7.324814111301406250e+00
8.650365023203484327e+00
9.308486751656163349e+00
7.989619224400013486e+00
8.123634664903459424e+00
4.849904312534889073e+00
8.014636453119596382e+00
5.343716417516938044e+00
6.373219428821776056e+00
4.170435832000822352e+00
5.854920439902955742e+00
1.097796862166488729e+01
6.890582033356595915e+00
4.352783513254596670e+00
1.568805698539153504e+01
7.995539983404262863e+00
7.582659267302605421e+00
5.333936391091564921e+00
6.332548861124201345e+00
4.692412849976258293e+00
7.606683930306516572e+00
8.133641634939280607e+00
6.873374631157128434e+00
1.194758246613011288e+01
8.472542989794781931e+00
5.066762575148194614e+00
6.125105155347585928e+00
6.487032943515417038e+00
1.856734409896055382e+01
1.048841976292251488e+01
1.244892110872903501e+01
9.170079967544062072e+00
5.675288445920275038e+00
7.195722350836661008e+00
1.035719788366127325e+01
7.153335628854036621e+00
1.239522125090889126e+01
6.360782209466805170e+00
1.207702401552002414e+01
1.086669012922184052e+01
1.042126859600619149e+01
7.346683821974386852e+00
7.757656721152285328e+00
3.342272782618847415e+00
5.940600175645561976e+00
9.333555104731487972e+00
1.113163132634399588e+01
6.675893301375673161e+00
1.037649321488351184e+01
1.746176787298022148e+01
8.549878575556183691e+00
6.270146992234474581e+00
7.789797268935354069e+00
3.761660308536749930e+00
6.103727753383351384e+00
8.046531333618352377e+00
1.002155161142678708e+01
9.136501537671723128e+00
4.476068229455055558e+00
1.511401651080200281e+01
7.674285274592960171e+00
1.084006772893372172e+01
1.024771802070562821e+01
7.986670318925611411e+00
4.366541844883784051e+00
3.880828920536866011e+00
6.212149328909166712e+00
1.053125365860765328e+01
7.913082393983144947e+00
8.704890534528002988e+00
1.092870225559329356e+01
1.257063005969452441e+01
5.868848799048827836e+00
8.233787306787936799e+00
9.764392454162697632e+00
4.418210303990789178e+00
9.784368890256052609e+00
5.499321225830520632e+00
3.295519471807299539e+00
9.959556988154655954e+00
3.664217430034020229e+00
6.677974255372478574e+00
9.439295356424830530e+00
7.578781391748399265e+00
3.529657371505743768e+00
4.939699926889936421e+00
1.265056915807919324e+01
5.813604986564951282e+00
5.190668331959074955e+00
4.230882675866155296e+00
8.280732632818015304e+00
8.261789192504531698e+00
3.685958942837726848e+00
4.126975955575230337e+00
7.662187289000669921e+00
9.154090457147157522e+00
6.725000394377606661e+00
4.395282404824945033e+00
1.157828687328209050e+01
9.157134831815717746e+00
8.710231364309498403e+00
1.088511948388294037e+01
7.062818517347967173e+00
4.719973151484383678e+00
6.423138428903960140e+00
5.338113946972260493e+00
7.691230438123113800e+00
2.791763030534341716e+00
4.851733022397868744e+00
2.924494837735998498e+00
5.111927549045606867e+00
4.001766606101926804e+00
4.972173901498953441e+00
8.000764029082510831e+00
5.508319558390371462e+00
7.075390431354757759e+00
7.196882132554693889e+00
1.159503124309371813e+01
8.212979931748451534e+00
9.625118926124031304e+00
1.382679098913484239e+01
4.115236251313592497e+00
7.907004276329323567e+00
2.562360802980515384e+00
6.011447810111274492e+00
4.463301730674692713e+00
1.094751332302126379e+01
1.091549428050630688e+01
7.972100061578753838e+00
3.407584172787296861e+00
4.979694712885543773e+00
1.356356891763720718e+01
8.214054227938422770e+00
9.613001129690964319e+00
1.108925962573308510e+01
1.010623996116056134e+01
6.502955477582614385e+00
5.864447639678787461e+00
9.446439760870841695e+00
7.441183429387438153e+00
9.103954265080954400e+00
5.441540997185592587e+00
6.257040930866272888e+00
4.627754406915393304e+00
3.951622357182276168e+00
1.624282448191317130e+01
1.934888060878168403e+01
6.704504337700170069e+00
4.008355276449101723e+00
6.953336837460022402e+00
6.190015451315543871e+00
4.703464817338624648e+00
7.568611056512576596e+00
6.128515007800955594e+00
4.524960819477102270e+00
3.330896025542384731e+00
3.284760394047553600e+00
2.688839309550657752e+00
8.965147074743686773e+00
5.558617433112534201e+00
7.287628253307060433e+00
3.496606404527229817e+00
5.082318927677830445e+00
1.348659057575551401e+01
3.323760898006260955e+00
5.891424621929486349e+00
7.136997234253158240e+00
5.020138658577657509e+00
6.302760334510456808e+00
6.816090414177942591e+00
4.741768974126618019e+00
1.067490806286904714e+01
7.964593190980002291e+00
9.986161740501081852e+00
5.303019615107161577e+00
3.575245845216727947e+00
5.709519774449246299e+00
3.252142546748993279e+00
4.627275869902233829e+00
3.259458597434345517e+00
5.101795712736992172e+00
8.528533682123352833e+00
4.487743662541116230e+00
5.311058672299917127e+00
5.284449244354580522e+00
3.554501357372700898e+00
4.764224336687031602e+00
5.582745843588008405e+00
4.557707137200258884e+00
7.141018193294523364e+00
3.937756576081575144e+00
5.909931240279684417e+00
4.119450182685306494e+00
9.102413361737257347e+00
5.404240998778656824e+00
7.854995813184182829e+00
4.193642391475915332e+00
1.003229935933402572e+01
7.846780292968967174e+00
3.030909696374413098e+00
3.292794028280783714e+00
4.912993386076255575e+00
1.313812773412287704e+01
4.122675752872121180e+00
6.105286459884641914e+00
5.767192172979395792e+00
1.400995326671347385e+01
3.129750275780568192e+00
6.237994198490357967e+00
6.780983764796621571e+00
7.276667813587378575e+00
5.184640207664755529e+00
5.801617897397940204e+00
6.208864699203585857e+00
4.223769678339943212e+00
4.438952517757554617e+00
7.744862545627041683e+00
5.684267262296378576e+00
4.113561017166240674e+00
4.163958131695969733e+00
6.898635988514228323e+00
4.183927108487178081e+00
1.132427833485076363e+01
5.916871454751183812e+00
1.409057768845129388e+01
8.738673716242793432e+00
4.925282171565875444e+00
5.935215717992228690e+00
1.126899891690379185e+01
3.838272257998754711e+00
5.547426014529650118e+00
5.731814932993878564e+00
5.675202080347158784e+00
6.627709843552369584e+00
5.102869430603748313e+00
2.790209013992651421e+00
4.012266323190239348e+00
4.186656739812074868e+00
3.877098809593432449e+00
4.239626089382291241e+00
5.243991412369481075e+00
3.772151919107497697e+00
3.413587037948600855e+00
3.754513450080378512e+00
6.353050370498889876e+00
1.205733520837867090e+01
5.219244642224246000e+00
5.112949549421844431e+00
1.337481807630018693e+01
7.660261015145496621e+00
4.051376179946648115e+00
1.136575272603534259e+01
1.296575521004534792e+01
3.204105644955402177e+00
1.083797588442212856e+01
4.506759649766373776e+00
4.740258881663744539e+00
3.612952355873316979e+00
1.020474342626055630e+01
5.614328040957826893e+00
4.952955346900568045e+00
2.669397942023083559e+00
5.127198036570897344e+00
3.123409493310409513e+00
1.891003873499332499e+01
8.605219082923333929e+00
5.283597394858467133e+00
6.643125223166298277e+00
3.927129422449879836e+00
3.698238118993784074e+00
9.638024039947262978e+00
7.826129423324152512e+00
1.414449384618044014e+01
5.263521995449767843e+00
8.421681220512551747e+00
7.998584112956711678e+00
1.090759222568505749e+01
8.233532064241362747e+00
5.261181362710924958e+00
4.007828845636862702e+00
1.106809103813746908e+01
4.188309953386375462e+00
7.140796626049079165e+00
7.373655878451501167e+00
4.011169771401295492e+00
1.777028171042955407e+01
4.907239345874571335e+00
7.694113922066587286e+00
3.184528386791373844e+00
6.518600786837445149e+00
5.500605419346203284e+00
3.191895770260329890e+00
5.496692096322135512e+00
6.612130200736100250e+00
7.340729548096669888e+00
5.136062627644219170e+00
5.526300450071016002e+00
4.248252398780929084e+00
7.134758085581401232e+00
3.475081016440360937e+00
8.542773607105512923e+00
3.514731536974192938e+00
4.902353872440679439e+00
5.003492596185019181e+00
5.296302926264873534e+00
6.836928895226163760e+00
3.815614004742350129e+00
7.555884465937372063e+00
1.318893136258344079e+01
8.170013307477221431e+00
9.380983483509279353e+00
6.832789158715428357e+00
7.137802588173793872e+00
9.858776957198079671e+00
5.920089828784694141e+00
6.778284111964583580e+00
4.256312453796502915e+00
5.197730377519782508e+00
7.202307634599425690e+00
4.918235829484156163e+00
3.970766220993654283e+00
3.646209250862372908e+00
5.437815786921700756e+00
4.879132969856628144e+00
6.115907692613112623e+00
2.998156264374818747e+00
8.024057077414793682e+00
7.801541525707215818e+00
3.254624849125889785e+00
3.962850757052581496e+00
8.157304125358198377e+00
8.321209982152238283e+00
6.962731147118322639e+00
4.142155878214531128e+00
4.914158646587555523e+00
6.568454396144142393e+00
7.290518909866517738e+00
4.420035923180678061e+00
8.556076311782613075e+00
5.375542439419409568e+00
4.757902497967746669e+00
8.852216025591991055e+00
7.519924324441835672e+00
1.106669026713684723e+01
7.953658212615644985e+00
4.487674583920507665e+00
4.008982725754525411e+00
3.008778257098633002e+00
5.087484634395383232e+00
5.177794442700154320e+00
3.957881890328991403e+00
3.307148248812770142e+00
4.140082883723913199e+00
5.873298841047256857e+00
4.192306981060955451e+00
6.527862052018026162e+00
8.024180732810075156e+00
6.472996867320073733e+00
5.415907792875075621e+00
1.055099828529466244e+01
6.721401162935592311e+00
1.491675703037270218e+01
7.727727726177731071e+00
4.243035667772419472e+00
4.887214418296355056e+00
8.000693368514699699e+00
6.984905445677404678e+00
4.242644975001602425e+00
3.397222777655066750e+00
9.895476640108691768e+00
3.701761189507054350e+00
6.091845872290216235e+00
3.897828820823164175e+00
7.112402939214740982e+00
3.254498949039515310e+00
4.105600439113818112e+00
3.024959654674935106e+00
5.008310780513866689e+00
1.106339537163475484e+01
7.081319246871093931e+00
4.733065487621080258e+00
4.750301151160309487e+00
4.758290149872248520e+00
3.454975153158014844e+00
3.960296360342595801e+00
4.888632287695117817e+00
3.884802499836616629e+00
5.048407350368890434e+00
5.256696420610457388e+00
1.401809973500400552e+01
6.565815917801827162e+00
5.953860185354678869e+00
3.696273131136908585e+00
9.623405770007021687e+00
7.680369144879159116e+00
1.202233561865935663e+01
6.399912901623532768e+00
6.814462723046940340e+00
4.006242638434409642e+00
7.192483891936727325e+00
4.925895707961294612e+00
4.356475848263374751e+00
5.949521281660915761e+00
4.193384464473875362e+00
5.931519381772914379e+00
5.570812125706477325e+00
4.561264574644631864e+00
6.693381414691795150e+00
8.124972384992920738e+00
4.170147997946725305e+00
3.677656227052980231e+00
5.268470974525234496e+00
7.249399904202365796e+00
3.443012568180545685e+00
1.348598098960856362e+01
4.575392239114291826e+00
5.151731004658934410e+00
6.183519286712478191e+00
4.325168069712453267e+00
3.658815717957044633e+00
3.213728888732245270e+00
9.897090973247973267e+00
2.866656131348245928e+00
6.670395572843522913e+00
6.241306144532818401e+00
5.053098756970349825e+00
1.444429716882175896e+01
4.751705672966399341e+00
8.076606963457933830e+00
3.914795521530975542e+00
3.911415897305252631e+00
9.593928726381472316e+00
4.736638380780342494e+00
6.630200311213297226e+00
5.020658942083611187e+00
6.898663741998335652e+00
3.328728009208444583e+00
6.558745819372688857e+00
4.418472875595840677e+00
8.566581848525464338e+00
4.052252003180904616e+00
4.728015766264488384e+00
8.403121164863364356e+00
8.034037992749246015e+00
5.120492009046212267e+00
4.946449183782712922e+00
4.463907202099864691e+00
1.224233914329226813e+01
5.393420010208329174e+00
6.880019461932854519e+00
8.941415475508444288e+00
1.006697831167739743e+01
8.680269439626039585e+00
7.196822673684102334e+00
5.860271981924602080e+00
5.386084146228312441e+00
5.788354222664870541e+00
4.211265427707878040e+00
6.724024312374848655e+00
3.412370907977939183e+00
3.774190515184564276e+00
3.428709285613508406e+00
3.587254962817034265e+00
5.456813645091895815e+00
4.688423816824405677e+00
6.621230226020570875e+00
4.698393041118271718e+00
2.782380257560001624e+00
1.048443151553481734e+01
7.393961257117327435e+00
4.696369811983392317e+00
7.387168544263258418e+00
4.514186910419704546e+00
3.038183828875663295e+00
1.283346961167186961e+01
7.559552519499005641e+00
7.825634068155668643e+00
1.588532263747703333e+01
7.579553507230440523e+00
6.381742626281692310e+00
4.515716270789909892e+00
5.981808363218811486e+00
1.102354876199354905e+01
3.744465817569761157e+00
9.747383090579106124e+00
4.237309184500377413e+00
7.132588424763368629e+00
1.335366537337971238e+01
1.210893557511201735e+01
7.522607205080353410e+00
4.507000130618394884e+00
7.616452672938756940e+00
8.723712792879030786e+00
8.686564001704992322e+00
5.417913741938874317e+00
5.181143647764839599e+00
6.181979425311319609e+00
5.647249011738053603e+00
1.052071824512862896e+01
6.093721511148372905e+00
6.124349494280449058e+00
5.206867423016751317e+00
4.398021612256353130e+00
6.693364937443329943e+00
6.857558392760719101e+00
1.262818468089437296e+01
8.637918797165278662e+00
5.580515178628095541e+00
4.715151276858895457e+00
2.773274042942444950e+00
5.073304710087215952e+00
5.863820197331198081e+00
5.591881639538637927e+00
3.634110475101819837e+00
7.451720010281871254e+00
4.796433121930096632e+00
4.589685752977813671e+00
5.835702870744751358e+00
7.507609795364580840e+00
1.073624245349509643e+01
5.519222116643178744e+00
1.369608068121631383e+01
3.676049959918703092e+00
1.198408659452598179e+01
4.247098134316086515e+00
4.142487544110708519e+00
7.279665248837607905e+00
4.920330856147684173e+00
6.366597040518503725e+00
1.275769839617978185e+01
6.197047482059629964e+00
1.182041557883402838e+01
6.646367960343798842e+00
1.127972538267247771e+01
5.815152691591960910e+00
1.429611493599709071e+01
8.484793091619190264e+00
6.717338652070719007e+00
5.692443448341392376e+00
6.664767301045938730e+00
3.676919663195539645e+00
8.016500824398944403e+00
3.232476315103816500e+00
9.465800744676794665e+00
4.973075820538175762e+00
4.686154750895529020e+00
2.954049701737897493e+00
3.669870946356056152e+00
3.749592237146658569e+00
3.144718316261776891e+00
5.422553816609241295e+00
4.266325913927666136e+00
4.873724603865476901e+00
4.777473168007775328e+00
1.519744575799587061e+01
8.418175517499006943e+00
4.672159236785652148e+00
4.751385117505380506e+00
4.274696086093769942e+00
3.416374100363049671e+00
3.312538628934308615e+00
5.990754856916094440e+00
1.600339993183854048e+01
5.860642333594886288e+00
4.123893760325960223e+00
6.686833988999227429e+00
1.008076942023496159e+01
9.241498721963999685e+00
4.523501722460757435e+00
3.556004663640604857e+00
7.282856682797453907e+00
7.825114079884273544e+00
6.301768980459018010e+00
3.213919306566817014e+00
4.394242837575382588e+00
5.597088243713363553e+00
6.433444443623053566e+00
6.270280762071789304e+00
9.492365024231890658e+00
1.451825609980595999e+01
6.319857432948201570e+00
8.176108182529846502e+00
4.956083161450959729e+00
3.069140279445699893e+00
3.234658161751083227e+00
4.565348861116846457e+00
5.707400672984029200e+00
7.421923252888758427e+00
1.199564545786934566e+01
4.762133874862960248e+00
1.432287176618716273e+01
2.805682568737451810e+00
4.800200981273810008e+00
3.632966217428202693e+00
4.821074802379952118e+00
4.804565127068728181e+00
4.683601749748707910e+00
7.494276517865300136e+00
6.742937143760377339e+00
9.306437642662382714e+00
5.497437686042145444e+00
1.215980048156253623e+01
3.816033291712369380e+00
6.126729236938622591e+00
9.925059511898840725e+00
9.101946579662969938e+00
5.846505256895168756e+00
5.091044156150217326e+00
1.126076375908429306e+01
9.816344854869049286e+00
4.208496815903803423e+00
5.480294467261436431e+00
6.673961747654076682e+00
7.913412009042489537e+00
6.797190677987147822e+00
1.139495665893161558e+01
3.801011673371833766e+00
1.336562987559153726e+01
1.188677821860952299e+01
1.129287113039481660e+01
7.382806925128000408e+00
4.303428459156735109e+00
6.368971512464253415e+00
3.143086557858082664e+00
4.629599423927311719e+00
6.447547482414571540e+00
4.128061641424597639e+00
6.865918158038872399e+00
9.752088767937848957e+00
5.004980252149161757e+00
3.503525775466798997e+00
4.877914022820054818e+00
3.377256098091093950e+00
3.968645817001369203e+00
6.483214930616952643e+00
3.656618074640657579e+00
6.155794807336977037e+00
4.266980255442816450e+00
8.080290643649586713e+00
4.261731399324807157e+00
6.611048062741952336e+00
3.876823312351095563e+00
3.650433854325387362e+00
4.252288947601084779e+00
1.161504645997881546e+01
4.528072478735853501e+00
7.690756374224569036e+00
7.683533723055204767e+00
6.696761500904016451e+00
4.641622104214712330e+00
5.300350650892771576e+00
1.084514768457744616e+01
5.102140521806858509e+00
3.163683640134989705e+00
3.970619814549383619e+00
3.509591303565344766e+00
4.981861621203739432e+00
3.994986840486375090e+00
3.452849208327930963e+00
3.250323035405410010e+00
8.153398852886233783e+00
7.193200643225399205e+00
3.034518026432273086e+00
2.480831282042875952e+00
3.438248776178084665e+00
6.915552653188682619e+00
3.492068988488252756e+00
4.564626048712030482e+00
9.304840721973905104e+00
4.387909484355562384e+00
7.086934787626849364e+00
1.520675534886247604e+01
6.132991976550068003e+00
7.316215972418847358e+00
1.075211106748319168e+01
1.090311072067837195e+01
5.525095117880141515e+00
3.551186072234655544e+00
1.297101645051260910e+01
6.248855674299965912e+00
7.607303123439622894e+00
5.809608007290177234e+00
3.982646041985386187e+00
3.514929063117449459e+00
5.894937892915061539e+00
7.479039770471156423e+00
5.738678479449552228e+00
6.226674832587152153e+00
6.799894515472399092e+00
4.455787656953096310e+00
3.308671789927819518e+00
4.471967258201324569e+00
1.536789562451203395e+01
1.303740738476640004e+01
4.587263197793479463e+00
4.642266484191067022e+00
4.232801166428903805e+00
6.510205344895143575e+00
6.873703400813673703e+00
4.786906099673122306e+00
3.264218998144598594e+00
9.501990800560978556e+00
6.701283523428476663e+00
4.533993339469741812e+00
3.332702849974542580e+00
3.699450318726885900e+00
6.123012539227489448e+00
3.561110765396293232e+00
5.051877912071820020e+00
9.755122347730033283e+00
2.796054150257246018e+00
5.868644125075882734e+00
7.977898864421400837e+00
1.221375871174248928e+01
3.754939427790254136e+00
2.726953948899869307e+00
3.740464724657595497e+00
4.726157794254004507e+00
1.117316042162660850e+01
1.343109256034776955e+01
7.030425021208670522e+00
4.536983850963549614e+00
4.957096871761607737e+00
6.888201969706174488e+00
8.247795239442705650e+00
1.009315263011975539e+01
9.957268044935473128e+00
3.871787037137280230e+00
6.794476699620311422e+00
1.248331372381950288e+01
5.837371715890592228e+00
4.005690419562019322e+00
4.416527828559990709e+00
6.199333904597154721e+00
6.050342684166155394e+00
2.945793204724765690e+00
4.052900648288725094e+00
5.237967769272693808e+00
7.516491132453785085e+00
4.565923275866902387e+00
4.981447910141375779e+00
1.042761863567414338e+01
1.401459807789528256e+01
6.145801977248244619e+00
8.574239203497684869e+00
4.763201550512132343e+00
5.166406027333275475e+00
4.770233664368642934e+00
5.328127291559690448e+00
8.779833565398178052e+00
8.677908579700197578e+00
3.091274384367856953e+00
6.192953861722814146e+00
5.035609723587525899e+00
1.189022951294804642e+01
6.666116874940001935e+00
7.655437989751205485e+00
3.341721958860373487e+00
5.484143480498612888e+00
7.561881723026236735e+00
4.784763728049205689e+00
4.215421042429756682e+00
3.297868931259254399e+00
4.871411991578388445e+00
5.056168196831817063e+00
5.390856900383012018e+00
5.270946648562692793e+00
1.217330648942695603e+01
8.423356923029418297e+00
9.432759441514836141e+00
2.728391892086702963e+00
3.413594162933023313e+00
1.444529298719807464e+01
6.943905590259940475e+00
6.545088060793230689e+00
6.099543264359436279e+00
4.771619442445270920e+00
1.061353841939134668e+01
5.450749639407579394e+00
