3.208961899280547980e-01
6.564416837692260698e-02
6.536305069923400990e-02
6.522168564796447521e-02
6.486331295967101562e-02
6.492403912544250644e-02
6.474729228019714122e-02
6.447355580329895697e-02
6.454807996749878374e-02
6.448352527618407548e-02
6.460536956787109319e-02
6.462490606307982888e-02
6.462505960464477728e-02
6.476172423362731856e-02
6.471756482124328691e-02
6.457283020019531639e-02
6.520913410186766901e-02
6.450926494598388516e-02
6.457085084915160922e-02
6.460324692726135409e-02
6.454182672500610729e-02
6.454907131195068704e-02
6.456379222869873535e-02
6.468443655967712203e-02
6.473450517654419367e-02
6.492025017738342618e-02
6.474155592918395818e-02
6.481529355049132912e-02
6.469815659523010798e-02
6.476031661033630760e-02
6.467565870285034435e-02
6.472172331809997181e-02
6.468541455268859985e-02
6.476606130599975308e-02
6.482572174072265270e-02
6.475677394866943826e-02
6.475788140296935558e-02
6.478929686546325284e-02
6.479800271987914972e-02
6.483795642852782648e-02
6.483695220947265081e-02
6.491905021667480902e-02
6.492113709449767733e-02
6.501698946952819136e-02
6.503960561752319958e-02
6.502146959304809515e-02
6.480838203430175359e-02
6.480568575859069202e-02
6.478776478767395153e-02
6.483981513977050970e-02
6.489547228813170865e-02
6.481675934791565619e-02
6.490636658668517966e-02
6.490467238426209096e-02
6.499150347709656272e-02
6.499962496757506758e-02
6.505391383171081621e-02
6.493963170051574030e-02
6.490264201164246127e-02
6.504953122138977528e-02
6.499952220916747903e-02
6.502985787391662997e-02
6.501473212242125932e-02
6.502233743667602817e-02
6.509099125862122248e-02
6.507953214645385842e-02
6.489384460449218461e-02
6.500105500221252386e-02
6.492360997200012640e-02
6.501768350601196123e-02
6.500331163406372625e-02
6.497145009040831976e-02
6.494353055953978882e-02
6.496224737167358154e-02
6.498685073852539240e-02
6.502796506881713956e-02
6.515282297134399048e-02
6.503299617767334395e-02
6.502491998672485507e-02
6.510859775543212380e-02
6.493736052513122969e-02
6.494292497634887584e-02
6.512119174003601352e-02
6.525328588485718173e-02
6.505026316642761874e-02
6.500165772438049050e-02
6.492531704902648748e-02
6.493118429183959706e-02
6.513324666023254106e-02
6.503491973876952825e-02
6.502724981307983487e-02
6.499432802200316717e-02
6.492900347709655573e-02
6.500337982177734064e-02
6.498055124282836603e-02
6.502727937698364602e-02
6.507564926147460516e-02
6.509916329383849676e-02
6.515931272506714222e-02
6.506116461753845559e-02
6.505675983428954590e-02
6.516367101669311157e-02
6.517949604988097778e-02
6.523720383644103504e-02
6.515481114387512707e-02
6.506867527961730790e-02
6.511029887199401567e-02
6.516821599006653032e-02
6.515256881713867021e-02
6.518353819847107211e-02
6.518391942977905251e-02
6.516271829605102539e-02
6.510683441162110063e-02
6.496568822860718240e-02
6.503188371658324973e-02
6.519707441329955500e-02
6.525659251213074274e-02
6.520004510879516546e-02
6.523452258110046253e-02
6.514047098159790605e-02
6.528859901428223089e-02
6.530691671371459395e-02
6.525771713256836581e-02
6.526117539405822121e-02
6.522186470031737793e-02
6.517141509056091631e-02
6.540113043785095170e-02
6.516781902313231734e-02
6.515812897682189686e-02
6.509511470794678012e-02
6.524787330627442039e-02
6.523968482017517001e-02
6.517265391349792714e-02
6.526295614242554055e-02
6.543544292449951505e-02
6.521317696571350686e-02
6.526243400573730757e-02
6.522000217437744218e-02
6.527255511283874823e-02
6.549400615692138605e-02
6.573902320861815807e-02
6.525987195968628585e-02
6.538237309455871560e-02
6.523773741722106723e-02
6.528214693069457619e-02
6.526324295997619485e-02
6.532616853713989202e-02
6.531397938728332464e-02
6.537760281562805809e-02
6.523710370063781627e-02
6.520824217796325484e-02
6.516393184661865845e-02
6.522034716606139870e-02
6.511747455596923750e-02
6.512129712104797186e-02
6.519198298454284557e-02
6.518400788307189553e-02
6.533973526954650612e-02
6.581459498405456410e-02
6.526066303253173773e-02
6.535644006729125766e-02
6.531135416030883767e-02
6.527078056335448852e-02
6.522756505012512751e-02
6.556629490852355913e-02
6.526977992057800271e-02
6.525323653221130893e-02
6.541209983825684027e-02
6.547618222236632757e-02
6.537511301040649370e-02
6.528302073478699230e-02
6.524245858192444236e-02
6.527431607246399203e-02
6.536637282371521307e-02
6.537333393096923795e-02
6.543450736999512074e-02
6.541829204559326816e-02
6.539143228530883145e-02
6.540513229370116532e-02
6.540186548233031805e-02
6.546801900863646884e-02
6.552083992958068759e-02
6.543830204010009366e-02
6.548218798637389648e-02
6.549964833259581953e-02
6.552050137519836726e-02
6.540599846839904863e-02
6.545082354545593561e-02
6.536245059967041304e-02
6.536994767189026334e-02
6.535042929649352572e-02
6.537312865257263739e-02
6.548182797431946478e-02
6.538167333602905307e-02
6.539764547348023149e-02
6.538497304916382480e-02
6.544426178932190308e-02
6.551124167442322344e-02
6.557186579704284146e-02
6.549274325370788019e-02
6.553731131553650058e-02
6.560575222969054765e-02
6.556268978118896806e-02
6.580483484268188910e-02
6.547222542762756725e-02
6.549669051170349532e-02
6.552175855636596657e-02
6.548936820030212824e-02
6.539251422882079445e-02
6.548117089271544844e-02
6.554202365875244629e-02
6.572702717781066239e-02
6.571093869209289340e-02
6.551307320594787487e-02
6.554594373703002963e-02
6.550283527374267667e-02
6.554742574691772850e-02
6.549335670471191639e-02
6.555580663681030706e-02
6.569477009773254383e-02
6.570261955261230691e-02
6.556942701339721347e-02
6.565305399894715011e-02
6.566577053070069003e-02
6.563724875450134555e-02
6.564655375480651922e-02
6.559178233146667480e-02
6.559458112716674838e-02
6.552037405967713057e-02
6.558108782768248823e-02
6.559793400764465932e-02
6.563574504852294489e-02
6.555368828773498746e-02
6.566743636131286421e-02
6.559969091415404630e-02
6.558106231689453391e-02
6.596430087089538707e-02
6.561880588531493474e-02
6.562392115592956265e-02
6.567898344993591819e-02
6.574993968009948397e-02
6.584803318977355824e-02
6.579686713218689531e-02
6.571755170822143888e-02
6.577267813682556585e-02
6.575060582160949241e-02
6.567453050613403231e-02
6.566747450828552823e-02
6.565427875518799194e-02
6.570716357231140559e-02
6.574511075019837114e-02
6.576610732078552735e-02
6.568220877647400202e-02
6.571906089782714178e-02
6.582800817489624368e-02
6.562183332443237427e-02
6.563885307312011808e-02
6.560593008995056763e-02
6.563778162002563421e-02
6.567026948928833541e-02
6.584098339080809992e-02
6.573042654991149980e-02
6.566071200370789118e-02
6.571463823318481057e-02
6.562262892723083607e-02
6.557721638679504805e-02
6.565199518203734819e-02
6.573377823829651412e-02
6.568373084068297729e-02
6.568842720985412775e-02
6.564499235153198331e-02
6.561726689338684415e-02
6.570740985870361650e-02
6.574362254142761264e-02
6.575689554214476928e-02
6.578974843025207908e-02
6.574399280548096081e-02
6.582085990905761630e-02
6.584212231636046853e-02
6.574026107788086271e-02
6.584757256507874079e-02
6.586031699180602828e-02
6.599456906318663940e-02
6.627042555809020685e-02
6.596910309791564897e-02
6.587652564048766812e-02
6.582356882095337369e-02
6.593172764778136574e-02
6.589881968498230436e-02
6.591543126106262640e-02
6.580984473228454479e-02
6.586240482330321666e-02
6.582591462135314875e-02
6.587575030326843495e-02
6.583785200119018910e-02
6.579920244216919123e-02
6.591572380065917336e-02
6.572820281982422186e-02
6.624187850952148460e-02
6.591728019714356013e-02
6.596052217483520941e-02
6.608542537689209018e-02
6.612657999992370417e-02
6.597922348976134610e-02
6.598894810676574074e-02
6.596430659294127974e-02
6.583629727363586592e-02
6.582671117782593062e-02
6.584881639480591464e-02
6.588814783096313965e-02
6.582242298126220192e-02
6.590789365768433272e-02
6.593381571769714455e-02
6.596341085433959917e-02
6.592900013923644331e-02
6.604909515380859297e-02
6.600426054000854692e-02
6.598267722129821933e-02
6.614796257019042725e-02
6.602445101737976219e-02
6.597857546806334961e-02
6.623702406883240357e-02
6.601817297935486106e-02
6.612984800338744806e-02
6.608029627799988370e-02
6.605061030387877896e-02
6.608763694763183927e-02
6.606717276573180475e-02
6.601572108268738415e-02
6.610155224800109974e-02
6.610296225547790394e-02
6.609252405166625433e-02
6.605148863792419112e-02
6.619452357292175682e-02
6.611593914031982377e-02
6.612911248207092862e-02
6.600235152244568471e-02
6.610131168365478149e-02
6.612044882774352483e-02
6.632790589332580866e-02
6.638489151000977195e-02
6.623490214347839411e-02
6.616329526901244817e-02
6.625710463523865057e-02
6.629236960411072355e-02
6.669009590148926303e-02
6.638023734092712846e-02
6.650303077697754250e-02
6.648494648933410411e-02
6.648792076110840443e-02
6.635984444618224509e-02
6.647935938835143610e-02
6.626506114006042170e-02
6.641250085830688321e-02
6.651683974266052457e-02
6.677064466476440030e-02
6.654308676719665472e-02
6.645791077613830145e-02
6.655183100700377830e-02
6.654830312728882147e-02
6.657961273193359342e-02
6.657282733917235795e-02
6.665324068069458652e-02
6.649861121177673418e-02
6.650529193878174095e-02
6.642072629928588712e-02
6.642097568511963479e-02
6.651955413818359808e-02
6.668960094451904796e-02
6.632308530807494440e-02
6.630781674385070878e-02
6.626660680770873890e-02
6.634318685531616355e-02
6.630961132049560669e-02
6.638185095787048351e-02
6.633200645446776789e-02
6.635661506652831831e-02
6.639508271217346713e-02
6.624339008331299461e-02
6.637382650375366067e-02
6.639690876007080245e-02
6.638609600067138516e-02
6.636393356323241899e-02
6.631271529197692305e-02
6.629572772979736017e-02
6.633435320854187689e-02
6.636580204963683782e-02
6.637059068679809770e-02
6.640453147888183971e-02
6.639306068420409990e-02
6.652723479270934714e-02
6.642213916778563765e-02
6.641244077682495472e-02
6.643785619735717574e-02
6.635665822029113148e-02
6.650299453735351862e-02
6.656117343902587247e-02
6.658644390106201183e-02
6.652749300003052424e-02
6.653129339218138982e-02
6.657833719253540561e-02
6.652953147888183982e-02
6.648687195777892855e-02
6.656582999229430919e-02
6.656976127624511519e-02
6.649426651000976685e-02
6.650080561637877752e-02
6.648336505889893000e-02
6.660767984390258967e-02
6.663681197166443360e-02
6.658172535896300648e-02
6.665838408470153853e-02
6.661392378807068360e-02
6.670418047904967673e-02
6.657695770263671875e-02
6.673353123664856057e-02
6.678966021537781350e-02
6.675428509712219571e-02
6.649090385437012030e-02
6.658956050872802401e-02
6.659925937652587391e-02
6.644596266746520541e-02
6.653799843788146817e-02
6.642389869689940829e-02
6.650809049606323797e-02
6.648463153839111184e-02
6.641074442863464933e-02
6.648233890533447599e-02
6.652707815170287586e-02
6.646393728256225208e-02
6.650576663017272738e-02
6.634586882591247958e-02
6.643355774879455833e-02
6.640215802192687977e-02
6.645281243324280274e-02
6.643780016899109020e-02
6.645259761810302923e-02
6.637163257598877042e-02
6.645347499847412132e-02
6.636458635330200195e-02
6.649731731414794400e-02
6.635038852691650668e-02
6.644431042671203325e-02
6.648262286186218395e-02
6.648796629905701083e-02
6.638550305366516802e-02
6.637122631072997492e-02
6.643577265739440685e-02
6.637860441207885098e-02
6.647973036766052779e-02
6.651864695549011830e-02
6.646869993209839067e-02
6.648102617263794423e-02
6.653113484382629228e-02
6.664318132400512407e-02
6.650976872444153143e-02
6.654091644287109253e-02
6.650474524497985984e-02
6.658769583702087158e-02
6.676646184921264382e-02
6.674355721473693159e-02
6.667310667037963656e-02
6.647475719451904907e-02
6.650672650337219327e-02
6.651907420158385820e-02
6.654502439498900801e-02
6.659290647506713179e-02
6.646891808509826360e-02
6.657539105415344327e-02
6.650534367561340698e-02
6.649112176895141668e-02
6.654245543479919700e-02
6.653854465484619618e-02
6.647566890716552490e-02
6.650201702117919389e-02
6.653907251358032182e-02
6.647968316078185780e-02
6.662015557289123480e-02
6.662227702140807728e-02
6.670145010948180797e-02
6.672393965721130915e-02
6.666647958755493597e-02
6.685780978202819635e-02
6.672144389152526167e-02
6.661205697059631448e-02
6.687295722961425493e-02
6.664815998077391890e-02
6.664101386070250821e-02
6.662552666664123269e-02
6.665200471878052202e-02
6.657844996452332020e-02
6.668447709083556718e-02
6.668646144866943737e-02
6.664868402481079201e-02
6.660130929946898870e-02
6.665829992294311501e-02
6.661538481712341031e-02
6.656210374832152721e-02
6.663780331611633689e-02
6.665475893020629539e-02
6.675391960144043402e-02
6.678828287124634333e-02
6.685088253021240212e-02
6.679586100578308039e-02
6.671092557907104537e-02
6.665350246429443959e-02
6.664618539810181208e-02
6.673964548110962458e-02
6.672753262519835749e-02
6.671414065361022661e-02
6.674379277229308682e-02
6.679901909828185602e-02
6.673241257667542059e-02
6.668938589096069791e-02
6.665925598144531450e-02
6.693239545822143866e-02
6.665033912658691051e-02
6.673431468009949352e-02
6.672301554679870017e-02
6.653731441497802435e-02
6.671138739585875943e-02
6.671334099769592185e-02
6.682979035377502319e-02
6.677299213409423895e-02
6.673486804962158736e-02
6.671186518669128263e-02
6.662032294273376176e-02
6.663212275505066284e-02
6.656325817108153797e-02
6.665586757659912320e-02
6.672930335998535079e-02
6.671686196327208940e-02
6.670447802543640059e-02
6.669678020477294578e-02
6.676983475685119296e-02
6.671989107131957863e-02
6.672200512886047874e-02
6.679339218139648815e-02
6.669578528404235263e-02
6.679163432121276722e-02
6.679724240303039351e-02
6.691472721099853138e-02
6.689559078216553156e-02
6.693031263351439941e-02
6.703369545936584128e-02
6.705244755744933782e-02
6.679547715187073020e-02
6.710169649124145264e-02
6.695411491394043235e-02
6.689354300498961958e-02
6.694559788703918768e-02
6.698614525794982510e-02
6.692224287986756059e-02
6.687886118888855536e-02
6.703028583526611517e-02
6.690036106109618907e-02
6.689833092689513594e-02
6.698916125297546542e-02
6.695371794700621937e-02
6.699227619171142789e-02
6.689018821716308238e-02
6.687925004959106856e-02
6.695612215995788707e-02
6.706005644798278265e-02
6.698019814491272539e-02
6.707039308547974032e-02
6.695842957496643544e-02
6.690908694267272416e-02
6.692926120758056763e-02
6.699945378303527599e-02
6.698801517486571711e-02
6.681472516059874800e-02
6.677450799942016846e-02
6.693049430847168579e-02
6.700573420524597035e-02
6.704725027084350308e-02
6.693088483810424871e-02
6.691828274726867309e-02
6.688506150245666915e-02
6.688717341423035256e-02
6.696083974838257236e-02
6.695411443710326538e-02
6.695897412300109985e-02
6.702912926673888772e-02
6.708647441864014349e-02
6.696457004547119729e-02
6.698705744743346790e-02
6.693537998199462769e-02
6.684724307060241344e-02
6.686020159721374478e-02
6.700747513771057595e-02
6.684172177314758045e-02
6.687680268287658769e-02
6.697142887115478671e-02
6.694757175445556485e-02
6.706785249710082997e-02
6.692915844917297907e-02
6.718210077285766135e-02
6.702263498306273992e-02
6.712198543548583696e-02
6.711109972000121882e-02
6.717400169372558794e-02
6.731069922447203979e-02
6.719603395462035722e-02
6.724338340759276889e-02
6.733828616142273349e-02
6.709801602363586748e-02
6.695600438117980946e-02
6.707654309272766124e-02
6.724886846542357799e-02
6.717248296737671209e-02
6.708134508132934659e-02
6.710095715522766679e-02
6.728588438034058261e-02
6.721395468711853505e-02
6.721990394592285145e-02
6.720277357101440974e-02
6.729511356353759521e-02
6.721528959274292170e-02
6.727033329010009832e-02
6.722882008552551192e-02
6.708854961395263605e-02
6.718727278709411832e-02
6.737296700477600486e-02
6.726218175888061535e-02
6.751822829246520441e-02
6.722478365898132413e-02
6.729748320579528875e-02
6.736550831794738126e-02
6.726024222373962191e-02
6.723019838333130216e-02
6.728206586837769121e-02
6.733504247665404729e-02
6.744025731086730757e-02
6.721888208389281694e-02
6.719080138206481867e-02
6.738298678398133013e-02
6.733950448036193914e-02
6.729718089103699230e-02
6.734102869033813110e-02
6.732096958160400935e-02
6.729623556137084850e-02
6.731279349327087824e-02
6.745576739311218151e-02
6.730528020858764227e-02
6.739066553115845293e-02
6.751120448112488126e-02
6.741784524917603105e-02
6.731647706031798628e-02
6.736734962463378218e-02
6.746473312377929132e-02
6.741023039817810314e-02
6.742941403388977295e-02
6.717823028564452736e-02
6.740199518203734974e-02
6.758032560348510576e-02
6.744366312026978116e-02
6.742354631423949640e-02
6.754222536087035877e-02
6.752067208290099543e-02
6.743243932723999579e-02
6.740974903106689009e-02
6.744037747383117842e-02
6.745935797691345048e-02
6.761857604980468783e-02
6.767612600326537720e-02
6.752503466606139815e-02
6.759706735610962469e-02
6.751231741905212858e-02
6.746230030059814642e-02
6.743619537353515159e-02
6.741441321372985962e-02
6.739840459823608076e-02
6.764995765686035445e-02
6.760077071189880826e-02
6.751999592781067483e-02
6.755476379394531605e-02
6.752826857566833485e-02
6.753564238548279142e-02
6.754897522926330000e-02
6.757064199447632147e-02
6.763648366928100286e-02
6.764809322357177856e-02
6.778735446929931574e-02
6.775914549827576072e-02
6.766668844223022727e-02
6.780709242820739946e-02
6.768196034431457619e-02
6.758054375648497869e-02
6.772487163543701449e-02
6.769675827026366832e-02
6.760825657844543590e-02
6.759351897239684881e-02
6.754526829719544045e-02
6.766067099571228260e-02
6.768523597717285289e-02
6.764658665657043157e-02
6.769296073913574907e-02
6.755294108390808017e-02
6.780022215843201083e-02
6.759020781517029175e-02
6.769330334663391235e-02
6.804530763626098766e-02
6.770535922050475997e-02
6.770142221450806130e-02
6.767137813568115112e-02
6.768009638786315341e-02
6.756921529769897850e-02
6.761341285705566029e-02
6.749867439270020031e-02
6.758921957015991133e-02
6.756612086296082120e-02
6.764708328247069635e-02
6.767514705657959317e-02
6.759639930725097612e-02
6.759826159477233531e-02
6.769254493713379450e-02
6.770262432098388128e-02
6.788464665412902166e-02
6.760041856765747204e-02
6.765699601173401356e-02
6.765659284591675482e-02
6.782593441009521218e-02
6.764786219596863326e-02
6.781876373291015336e-02
6.783993434906006315e-02
6.772318005561828169e-02
6.794745254516601496e-02
6.772327494621277477e-02
6.774605822563171953e-02
6.773190426826476707e-02
6.797180008888244196e-02
6.779837942123413674e-02
6.784392094612121116e-02
6.770895671844481822e-02
6.774008083343506514e-02
6.784670877456665250e-02
6.777613997459411288e-02
6.781987094879150801e-02
6.777676558494567793e-02
6.794632196426392268e-02
6.793144679069519631e-02
6.796444845199585416e-02
6.784286594390868952e-02
6.795081424713134144e-02
6.805692625045776933e-02
6.793175959587097190e-02
6.795957374572754450e-02
6.787501430511475031e-02
6.785333251953125366e-02
6.778196954727172541e-02
6.785758471488952115e-02
6.791951012611388561e-02
6.775853395462036466e-02
6.766302204132079723e-02
6.778082084655762118e-02
6.767489242553710593e-02
6.767347383499144886e-02
6.768016433715820512e-02
6.769608426094055054e-02
6.769666147232056286e-02
6.775515675544738214e-02
6.777731680870055508e-02
6.775809001922607211e-02
6.796220421791077104e-02
6.779536485671996959e-02
6.776677036285400080e-02
6.789795112609862959e-02
6.785219454765320513e-02
6.794483232498169101e-02
6.776853299140930820e-02
6.778441357612609297e-02
6.784058523178100597e-02
6.784214067459105879e-02
6.769779467582702492e-02
6.798708057403564375e-02
6.773600673675536643e-02
6.781160902976990368e-02
6.776740407943725175e-02
6.782105469703673950e-02
6.769783258438109852e-02
6.797753500938415183e-02
6.781337118148803023e-02
6.784387397766113159e-02
6.772844099998473477e-02
6.789044260978699397e-02
6.802020478248596569e-02
6.789973497390747181e-02
6.803269863128662276e-02
6.785070538520812655e-02
6.792731022834777588e-02
6.792121195793152100e-02
6.806264925003051303e-02
6.805040836334227961e-02
6.796403288841247614e-02
6.801195454597473711e-02
6.794656825065613359e-02
6.802130484580994063e-02
6.795955777168273537e-02
6.798099684715271096e-02
6.794773030281066328e-02
6.791750025749206110e-02
6.808030390739440441e-02
6.794740819931030518e-02
6.803496766090393055e-02
6.813495612144469804e-02
6.808275032043456521e-02
6.825985527038573586e-02
6.813438510894775924e-02
6.802058124542235962e-02
6.802590823173522427e-02
6.809262037277222235e-02
6.807871913909911699e-02
6.807167601585388528e-02
6.799179553985595925e-02
6.799579930305481301e-02
6.814911198616027677e-02
6.807547974586486417e-02
6.803429460525513284e-02
6.803357386589049816e-02
6.799406766891478993e-02
6.818316054344177035e-02
6.808974409103393799e-02
6.858177542686462458e-02
6.822379255294799827e-02
6.812394976615905595e-02
6.806921529769897894e-02
6.826426720619201138e-02
6.823966073989867764e-02
6.815815067291260132e-02
6.828490734100341186e-02
6.831133842468262163e-02
6.818243908882140603e-02
6.818918633460999135e-02
6.817486882209777832e-02
6.842407464981078991e-02
6.832858705520629405e-02
6.830023789405822998e-02
6.825576996803284224e-02
6.832142663002013783e-02
6.845837855339050038e-02
6.858746743202209784e-02
6.879502844810485296e-02
6.829596734046936013e-02
6.834024524688721292e-02
6.839089012145996294e-02
6.830909633636474132e-02
6.842278170585631980e-02
6.828762316703795854e-02
6.827013111114502153e-02
6.835601186752318648e-02
6.858689570426941551e-02
6.841717815399170344e-02
6.831975889205932351e-02
6.843492937088012373e-02
6.862959527969360318e-02
6.863123083114623657e-02
6.856663179397583241e-02
6.878715610504150535e-02
6.847428202629089744e-02
6.861754608154296831e-02
6.855423164367675792e-02
6.849977731704712247e-02
6.844361710548400868e-02
6.851809000968933638e-02
6.855021977424621826e-02
6.849760913848876309e-02
6.857750511169433127e-02
6.838001275062560724e-02
6.839579033851624079e-02
6.844717884063721003e-02
6.855686235427856101e-02
6.856591844558715398e-02
6.857198834419250821e-02
6.869636130332947010e-02
6.837171411514282593e-02
6.844760942459106323e-02
6.850208020210266091e-02
6.852740406990051603e-02
6.853259468078613803e-02
6.846509361267090477e-02
6.854151439666747447e-02
6.855125737190247148e-02
6.957269692420960105e-02
6.866389369964599754e-02
6.865134024620056508e-02
6.866672515869140514e-02
6.871560955047607833e-02
6.866550493240355935e-02
6.866072416305542270e-02
6.867012763023376543e-02
6.880425882339477606e-02
6.854055905342101851e-02
6.858038282394408880e-02
6.856393241882324796e-02
6.859949660301208063e-02
6.876787018775940008e-02
6.879226565361022672e-02
6.864199090003966774e-02
6.863819766044616799e-02
6.850732564926147183e-02
6.860649037361145341e-02
6.874824047088623491e-02
6.880878639221191251e-02
6.856856727600098289e-02
6.854366445541382191e-02
6.870006728172302346e-02
6.870666790008544966e-02
6.859037113189697665e-02
6.871527957916259699e-02
6.877288699150085893e-02
6.873835611343383223e-02
6.880311393737792436e-02
6.874416995048522605e-02
6.894390344619751032e-02
6.899603486061095525e-02
6.890611243247986295e-02
6.861825346946716364e-02
6.870582628250121449e-02
6.858307194709778454e-02
6.855408906936645563e-02
6.867130064964294123e-02
6.841551160812378574e-02
6.847129464149474820e-02
6.868027973175049039e-02
6.856359386444091375e-02
6.864398837089538685e-02
6.864187955856322632e-02
6.871596264839172075e-02
6.865467071533203069e-02
6.843444991111755082e-02
6.854912924766540239e-02
6.845668244361877153e-02
6.868295073509216031e-02
6.877005147933959450e-02
6.857001972198485673e-02
6.868872690200805708e-02
6.867676854133605846e-02
6.866315197944640458e-02
6.856427335739136153e-02
6.853122997283934981e-02
6.857464456558227950e-02
6.899796271324157293e-02
6.892125678062438476e-02
6.890424275398254750e-02
6.894854760169982777e-02
6.897489380836487050e-02
6.907779860496521263e-02
6.888310480117797174e-02
6.888260650634765725e-02
6.891380929946899769e-02
6.890397763252258112e-02
6.891541934013366288e-02
6.892721152305603116e-02
6.913047575950623247e-02
6.901355195045470736e-02
6.899766325950622281e-02
6.894262409210205611e-02
6.900332689285278154e-02
6.920407128334045421e-02
6.892559599876403598e-02
6.903454017639160112e-02
6.883511686325073653e-02
6.897401523590088179e-02
6.898079395294189065e-02
6.909656858444214456e-02
6.910356473922729670e-02
6.903361964225769587e-02
6.912179183959961393e-02
6.899236440658569613e-02
6.904274559020996682e-02
6.899699378013611495e-02
6.900743412971496737e-02
6.908799386024475075e-02
6.899231338500975974e-02
6.908499264717102295e-02
6.900057268142700817e-02
6.898977446556091297e-02
6.888877272605896385e-02
6.899275469779968251e-02
6.895422077178954556e-02
6.898149514198302634e-02
6.889560389518738226e-02
6.895860028266906361e-02
6.903651571273804188e-02
6.911420679092407371e-02
6.909260678291320734e-02
6.910118579864502064e-02
6.920692777633666304e-02
6.933860015869140747e-02
6.914982819557190241e-02
6.924185276031494252e-02
6.911297488212585216e-02
6.915731620788574674e-02
6.916374158859252275e-02
6.913435649871825517e-02
6.915260386466980103e-02
6.912319827079772827e-02
6.912981772422790994e-02
