1.537678891588656427e+02
1.456095032900902595e+02
1.496503653818185455e+02
1.714736563800655915e+02
1.434841881288562035e+02
1.516760115413308654e+02
1.300154792060661464e+02
1.278547191766728588e+02
1.236830356545750647e+02
1.175339590964847076e+02
1.193711056446545342e+02
7.335979455702657503e+01
9.055138652913252884e+01
7.266052483245711358e+01
7.280596690617927891e+01
8.772096888900325951e+01
6.400823751833924291e+01
5.363363656180693084e+01
4.140342470654487528e+01
4.548103517366866555e+01
4.384929209171567521e+01
3.219610961164416096e+01
3.384605231614933984e+01
3.705386496962213272e+01
6.745604046906687756e+01
4.068850056946717331e+01
2.454547214009402367e+01
2.243172960043333219e+01
3.991677908836179967e+01
1.850250870102537348e+01
1.454027275799894525e+01
2.152121553865783099e+01
1.784629232041510249e+01
1.695869460417935670e+01
1.618384947457229472e+01
1.618689389791633815e+01
2.111820963986814093e+01
2.451957519494344950e+01
2.009586078885280003e+01
2.280353601194052615e+01
1.352848466743503586e+01
2.559256463574493168e+01
1.412209923005418588e+01
1.468889629846043476e+01
1.097017592571724975e+01
1.528644924138983896e+01
2.318231098284676506e+01
1.215183311990423221e+01
1.622059999515573736e+01
1.496655608250584280e+01
1.301128231339185604e+01
1.108648041506006798e+01
1.036250794292376831e+01
1.703068412467807846e+01
1.957018070346205008e+01
1.191435606877226938e+01
2.605824473055665891e+01
3.137138939753011968e+01
7.005684813049239068e+00
2.101612212825058990e+01
2.236471410886177580e+01
1.297077259587161890e+01
1.439588496951020602e+01
1.309987971777531079e+01
1.195688687628571856e+01
1.591949611877779880e+01
1.033347099824147008e+01
1.845297989277285566e+01
1.430839561232068569e+01
2.242605608774546511e+01
2.073698747793295638e+01
1.613887464437949504e+01
1.712529940485971380e+01
1.850469406433567343e+01
1.092383261485461254e+01
2.385138024500212595e+01
9.523166702814112483e+00
8.196212845172203387e+00
1.031405876954947054e+01
3.934835261280316132e+01
1.574555883494120856e+01
9.477140070775432079e+00
8.242152679935911053e+00
1.882646612200668557e+01
3.705065250790338638e+01
6.690712601458671749e+00
1.711611339375291507e+01
9.070020920329854519e+00
4.978193877154079416e+01
6.159721475523555867e+00
1.003781993601734079e+01
5.587865529268722931e+00
1.336898042534950548e+01
6.747477342537607115e+00
1.220261940307505988e+01
2.028879808016660391e+01
1.921673084390343789e+01
8.202832826768053920e+00
4.446245938448856805e+01
7.915414225469050713e+00
2.928534320344709485e+01
2.868411226757137200e+01
1.214503875618413886e+01
2.110919857786810283e+01
7.689483641638263478e+00
3.094227982007794608e+01
2.478911284766597234e+01
8.073325245469057165e+00
1.268980023334566631e+01
4.725781064597180858e+01
1.688026627720138251e+01
1.165776860276810467e+01
3.927885116126137177e+01
7.814731591772273589e+01
4.446016653369056115e+01
1.135088938307261763e+01
4.374830389826042421e+01
9.221991544203550717e+00
4.388804225234720491e+01
1.488882556328385398e+01
1.171161769123074237e+02
1.575418851617435934e+01
8.589214668757112037e+00
7.007709940847109920e+01
1.152290192760852072e+01
5.562888567250948313e+01
8.021486773740991794e+01
7.374242801426665039e+01
9.892088841556804013e+00
3.454410609397597653e+01
4.121260354968143247e+01
5.476251278326887473e+01
3.647910865801323865e+01
1.074023127840685987e+01
2.939617015427765168e+01
3.957724716333820680e+01
3.799044397585945632e+01
7.920740541712261518e+01
1.050482150795100722e+02
5.595527047263627196e+01
1.571042236644313661e+01
1.031111045692871464e+01
4.825505736859837214e+01
5.357414313068498046e+01
4.330195264018710333e+01
2.150233604462694359e+01
7.558992060245070199e+00
1.561409735142583344e+01
8.659540352697669974e+00
4.986364077966153552e+00
2.808639414160227687e+01
1.874541644628662240e+01
1.672735078497295547e+01
4.969863026989884958e+01
1.725989382821919449e+01
5.716433636378962291e+01
2.018387800653561825e+01
3.336394921335842412e+01
1.049328106244501555e+02
7.835076851018034638e+00
1.142343766506686542e+01
1.775278606110012447e+01
8.895444116826206837e+00
2.729228174345512059e+01
2.847217024658832685e+01
2.342044007102038705e+01
2.730160138107498113e+01
3.260693187752097799e+01
8.602719690750687320e+00
7.579428305006415734e+00
1.489288138459180644e+01
9.738320945019953712e+00
8.778808714823677306e+00
3.219312834489644359e+01
4.608039277552834534e+01
1.763532362806403953e+01
1.652615983334773375e+01
1.402444928420660730e+01
1.445385653764227207e+01
6.967723427920422985e+00
3.261349138281645565e+01
2.911008802567813802e+01
1.512573596438843815e+01
6.343301847161298213e+01
7.506296827540416494e+00
1.295524592268857589e+01
8.579024327425747387e+00
3.929187457182923282e+01
1.807412061232235700e+01
1.172138711832588420e+01
2.367071012578280431e+01
3.358752758813373163e+01
9.661263359771194104e+00
2.722159238757240374e+01
4.041492305966402654e+01
8.141991488518861786e+01
5.990624600634416907e+01
2.288596836908194732e+01
1.596929242354229572e+01
3.006227983523121594e+01
6.669956827066887683e+01
7.332968007617982842e+00
7.565912219752759960e+00
2.183781146310620969e+01
5.664559497043039293e+00
7.169044281538573316e+00
2.148715722636769243e+01
6.603476739967402587e+00
9.113436072177741210e+00
1.262341759243560446e+01
1.332366775191167996e+01
2.021753458538928783e+01
1.970314712851402206e+01
9.599407891368029411e+00
1.404351598801754086e+01
4.839012112462914672e+01
1.140765926798550467e+01
7.490567506190794234e+01
1.796038334065551112e+01
4.772585698898936357e+01
1.194589254177049398e+01
1.616129311186946538e+01
4.352756511489531732e+01
1.939702942574256639e+01
4.348760597417327034e+01
1.387428122948051090e+01
1.006242777953404044e+01
3.676735368695980100e+01
7.447017509295500304e+01
9.703107900218361337e+00
6.413193976708237543e+00
2.500019105358308025e+01
6.440969510004821075e+01
5.572457914686243186e+00
1.153443741041103010e+01
1.185862780186253929e+01
1.114531532924306667e+01
1.098497254928918743e+01
1.629507115005138829e+01
3.494037629230215458e+01
3.241071425376766513e+01
1.390506450789533588e+01
1.636026368531733155e+01
6.302257483485232292e+00
2.373926752024907572e+01
4.059201332035681276e+01
1.402007844289231109e+01
1.719346391466917723e+01
1.486154113313619263e+01
1.173817680516690487e+01
5.017800438374248273e+01
2.582064063270657428e+01
2.087927328676124006e+01
2.464473634521970880e+01
5.052787692082267057e+01
2.220314953616417242e+01
3.889316774434039559e+01
1.221828728693009936e+01
7.454363736887072101e+00
3.390655086414002994e+01
8.594775411408219767e+00
4.897988696798223174e+01
2.437562198081345244e+01
8.376650480849855640e+00
1.286636329536088574e+01
3.301629462196213183e+01
1.524406779249419763e+01
9.341170661235612016e+00
6.941980298164614815e+00
1.145554576333818098e+01
7.957880059542765672e+00
5.507200139333958333e+01
9.334575055134543220e+00
4.143993956829203995e+01
3.422947722501659484e+01
3.482552819182524217e+01
1.091481323430736516e+01
1.601070783663722708e+01
6.674707210259972712e+00
8.475766147301962761e+00
6.772515155087192262e+00
5.791799366432071849e+01
2.579360791428840471e+01
6.253298862807644909e+00
2.070521530495411611e+01
3.143564775587703508e+01
6.733868672520202381e+00
4.556124870728207377e+00
4.299471706415328498e+01
2.710562686813356947e+01
1.162413702428224305e+01
4.424331958199935144e+01
1.612796403920544819e+01
6.242857843868237389e+00
5.503403137053010141e+01
1.147392213937833638e+01
6.388790574900649055e+00
1.797258011611805628e+01
3.725631653788391162e+01
1.144798705552483042e+01
4.905497466403027573e+01
8.299044404614809523e+00
9.617695822153905283e+00
1.973249484747620741e+01
2.788211206185109603e+01
9.007530993913265505e+00
3.798527428319031429e+01
3.653195705046628206e+01
4.051372365937425712e+01
7.036484704137264679e+00
1.157695905492224497e+01
1.750835077247309357e+01
7.848272286642089313e+00
1.523822792359161937e+01
3.262777005574771039e+01
2.839862397266470850e+01
1.072970547077935066e+01
8.734736200746510804e+00
3.091914148459749612e+01
1.239198678720477709e+01
1.691740051679386880e+01
7.693988549146459022e+00
3.624402253104454275e+01
1.049231740916595079e+01
2.922508243104950054e+01
5.181664663980846797e+01
1.686185580377278015e+01
2.484393582166041980e+01
1.595792593454948793e+01
9.715563562681747811e+00
3.841151475016687300e+01
1.563990956313619130e+01
1.994094166978690552e+01
3.242012221063046695e+01
5.807197574624920122e+01
9.225321908107043001e+00
1.469386301421028485e+01
3.177884527129485548e+01
1.166222596458872829e+01
7.731335771309514371e+01
1.314409049021898923e+01
3.505790908571235320e+01
2.660760847268726081e+01
3.302893319079169743e+01
1.139998256233681317e+01
7.753466370617426051e+00
1.662226888640188704e+01
2.822988410471618792e+01
2.008937044467798216e+01
2.826296160981613426e+01
5.245107346375700530e+01
9.126486475229659945e+00
2.591422265359987520e+01
4.994247138276001863e+01
3.307154683088244695e+01
6.224336177179940144e+00
8.630013316880079444e+00
4.179448541502470960e+01
1.552166693142837239e+01
1.518907427444115399e+01
5.583260067750400957e+00
2.285593053714591960e+01
1.581514534465811472e+01
2.051908633741055965e+01
2.029580917602807943e+01
2.318318459475328552e+01
3.289306462083918348e+01
5.415716810494330069e+00
2.375215293721457854e+01
2.999927547969615915e+01
6.820302963031928734e+00
1.375315558525809223e+01
2.746930306956890178e+01
4.880813496236052629e+01
1.194055752943632775e+01
2.560119165941406294e+01
1.339838306017960257e+01
1.836235715697721460e+01
1.181840494713962819e+01
2.746356887727115037e+01
1.884255901553080648e+01
3.878425255005567607e+01
1.575675759734682657e+01
3.869154741982058709e+01
2.115493642722150014e+01
2.556158703823875911e+01
3.408570584269968151e+01
1.526680255170024303e+01
2.626855035272619432e+01
3.784503800491734182e+01
1.226987801945686662e+01
1.365147274960690282e+01
2.621867825432436305e+01
4.168153412175675498e+01
4.867807591790737298e+00
9.268437512434527292e+00
5.286352925857174867e+00
1.612239351422154243e+01
6.624596292483937532e+01
2.271187483673573482e+01
9.043132307817057125e+00
9.540792255015817958e+00
1.159248034785039749e+01
3.125345122575127021e+01
1.556159481531304323e+01
4.720298836563924993e+01
3.770063239537832800e+01
2.333094113180776219e+01
3.425715151422037508e+01
3.589013891169143733e+01
1.080986024959350900e+01
5.105326848435716158e+01
8.884643459957686673e+00
1.921824930009448451e+01
2.581742584329438728e+01
2.080139479283436899e+01
2.332727394943023924e+01
9.930699420626741158e+00
1.281172446202370985e+01
1.669598043309516200e+01
9.040779240090962787e+00
9.820369220313271086e+00
1.980705009925480198e+01
3.806115714646208659e+01
2.670676805362094797e+01
8.314368669011027890e+00
1.109816312999120491e+01
7.952974198250722715e+00
2.623125556984743056e+01
1.831399194306669287e+01
4.059066029596653635e+01
3.596898263439440768e+01
4.332839022209263646e+01
9.799220788698198348e+00
2.907021261807996737e+01
1.560659002879977209e+01
2.553739110238323917e+01
1.185342310747235928e+01
5.937032522011626412e+01
1.843604602038926643e+01
6.738867462640473427e+00
6.555618765437361439e+00
1.901987518915912290e+01
6.491849323188792198e+01
9.754136149033937997e+00
1.026842215827838167e+01
4.723371854851123430e+01
1.257931570824059442e+01
8.522955977319037757e+00
6.986484940631431328e+00
1.059917841562427299e+01
2.405029375704673100e+01
8.782909655087365763e+00
7.236383987989434274e+00
2.731918700582414061e+01
7.649138821680248945e+00
4.379512125175729409e+01
4.268315933656327843e+01
1.665257488896874349e+01
8.642488594220232301e+00
1.616682354502803776e+01
5.556812013379595072e+01
1.663444969433832910e+01
3.670641781268883364e+01
1.747386404356775813e+01
2.307339444857782951e+01
1.363620233134762749e+01
2.611485221304703330e+01
3.341751403717061919e+01
2.622632245698460807e+01
5.770213110310071336e+00
2.268736830805896787e+01
6.149673672244507117e+00
2.589517967224153239e+01
1.885449243138479147e+01
3.025397506072648213e+01
6.286107833231765696e+00
1.624639209729004108e+01
6.131266671315132477e+00
1.525368927547686404e+01
4.465036029475496804e+01
2.142549658619460473e+01
6.094220791854244368e+00
6.540172281059939863e+00
3.039752427848595318e+01
8.752065489564955669e+00
1.605604857903876237e+01
6.545899665833695202e+00
4.964651027585630594e+00
9.881250822002382250e+00
5.550492909792755114e+00
4.600490410175819278e+01
1.065298404816361355e+01
2.022003441943393298e+01
1.656160113148471424e+01
1.104329599575626908e+01
1.675757861051912201e+01
4.188530404114149341e+00
2.509382786429542378e+01
5.596750552586700955e+00
1.241482836574965631e+01
9.239893290328327069e+00
5.358380468238356897e+00
2.483776401558879954e+01
4.900808379721003583e+00
2.841126310850807002e+01
1.181966645476774502e+01
3.043618893988700336e+01
8.325835350170356364e+00
8.801140965166261765e+00
3.629636349334298728e+01
1.018344361576215107e+01
1.237275742191750183e+01
1.799329574472603710e+01
1.065633830129580595e+01
7.825919152499301035e+00
2.670884555807307592e+01
2.732440626811346007e+01
6.120719907682061489e+01
6.023149679553339908e+00
1.390107988897885782e+01
2.567065819889934275e+01
4.651898449052702489e+01
3.833165464364517305e+01
1.972422794471621899e+01
2.081481813111808066e+01
1.425907325431438544e+01
1.250570507097467043e+01
1.952938861479876564e+01
4.279781265535910428e+00
1.359091831548201768e+01
8.541317892100611431e+00
1.360354211827787552e+01
2.054054882795600534e+01
2.117039754877646018e+01
2.226014541034793126e+01
2.282847143862156969e+01
5.145795856677605862e+00
9.404565385856013648e+00
4.334193840162680722e+00
1.804929966307679479e+01
5.303433213904330756e+00
1.419316796935632929e+01
7.975485192602867812e+00
8.886558119553463087e+00
2.819231873153421120e+01
1.751590254473528674e+01
9.668659300539244938e+00
6.066544650466242139e+00
3.048747400486356174e+00
4.859314720842778001e+01
5.132051513686205269e+00
3.559710595569568259e+00
2.813303483365146818e+01
8.861724006860434599e+00
2.286220975256773613e+01
6.539672215903863162e+00
3.469703282512315212e+01
1.948955193487286763e+01
1.478300324724759918e+01
8.433113242593972103e+00
1.044302508855003531e+01
1.120625714041648457e+01
3.868494812282277096e+00
5.628863022105601743e+00
8.889667385761146789e+00
5.010475038116118185e+01
6.510330583001321614e+00
1.228620499569376356e+01
1.254773209187305660e+01
5.081251406109470459e+00
1.397019851146884051e+01
5.014830934980958332e+00
2.515730473293629643e+01
1.302712929765510452e+01
7.324443007563618657e+00
9.205835674830993298e+00
2.995390097370253102e+01
1.625401247197684640e+01
1.562857422125442852e+01
5.720843717998441491e+00
3.191044582831016641e+01
6.100267966501311534e+00
1.561621062122896220e+01
8.048731015199679817e+00
6.895975534704008147e+00
6.304609517077804703e+00
3.687805423586684128e+01
2.060547095259574135e+01
7.254905206053377853e+00
2.936997087465460154e+01
2.581074424748767626e+01
1.959182830989462332e+01
1.102450293142135784e+01
4.158025082249798032e+01
3.322384579006172345e+01
9.264957673554222950e+00
2.884073835997163116e+01
4.205220060891878830e+00
7.262766046248256657e+01
5.815946238911498511e+01
2.044891256492337561e+01
1.396813834945173305e+01
3.641663219070558455e+01
3.763089686643087184e+00
2.740800245745368358e+01
3.938285391282130377e+01
4.347114857394021215e+01
1.093431433427890198e+01
4.720800639495593742e+01
3.000621227160074866e+01
3.591369542097435641e+01
2.238999280918216428e+01
3.746540323093899616e+00
3.440335255123302005e+01
5.515565440923211327e+00
1.855865382724428159e+01
2.367091646015179052e+01
1.486911798071045965e+01
4.183838607826015021e+00
5.907138139142698918e+00
5.335567251481642792e+00
1.168749982142177402e+01
2.439448522571080247e+01
6.039675418364788939e+00
6.041863202875258132e+00
6.486324820704309602e+00
2.101124351787655442e+01
5.024038798636397729e+01
1.370002390663720426e+01
2.635562627470960706e+01
4.726499142278782983e+00
1.068752680047779613e+01
2.474240545892616439e+01
3.348603873603799741e+00
5.959758437372155271e+00
2.635281972176700549e+01
6.740309085316823712e+00
1.010727061752960054e+01
6.205885852579917206e+00
2.166311013351720050e+01
1.189650844207696956e+01
2.121479312696950004e+01
4.390413560457732345e+00
1.135847128395272243e+01
7.532955188376798006e+00
4.730219924120325103e+00
1.315474656900137340e+01
4.622698387546518006e+01
3.434972719397455165e+01
5.920290037850209686e+00
4.734399756682456228e+01
7.196085734104829434e+00
6.945782226375925461e+00
2.183474176700049085e+01
1.943643814036298068e+01
3.734258179416492407e+00
2.983275412230498702e+01
6.961636094321237067e+01
5.412887151149680776e+00
6.165812807431070297e+00
2.080489584206097575e+01
5.659285822048826020e+00
5.694590801290190463e+00
6.235445276618667876e+00
1.070193823023581636e+01
3.861315390772261225e+01
4.001931568471992762e+01
4.785320378469850588e+00
3.137195338155276048e+01
4.138246810077940552e+01
1.359074026248743294e+01
2.992686594486285756e+01
6.218721173628826371e+00
6.418859575611469026e+00
3.812669420903311135e+01
2.987283888033808310e+01
2.199960645683269078e+01
3.092058087018890689e+01
1.260508450701513006e+01
5.662036098551890717e+00
3.297953693422090282e+01
7.102722618015018696e+00
1.002992065132140276e+01
5.701891785070778873e+00
5.310348509239835124e+01
2.263007833713998451e+01
1.594596944683297757e+01
2.904267193870465746e+01
4.239642172701467615e+01
5.949515414341083108e+00
3.896757593521335394e+01
4.243491291287512901e+00
5.431893649531190960e+01
1.263208200620382371e+01
2.233150035700570513e+01
5.796838145774552586e+00
2.920319654590527492e+01
4.632134015233972946e+00
1.540489520388678812e+01
1.909903845968235458e+01
2.206430940194121604e+01
9.178960968695013989e+00
4.608310921474461530e+00
3.199582451527536264e+01
3.832064226725250933e+01
3.406223281666601821e+01
4.896748810738146496e+00
1.686714725309812479e+01
5.800687569813892885e+00
6.496013185344041929e+00
2.346955292073549160e+01
1.208364054752678385e+01
3.200889446383882841e+01
6.975828331252370340e+00
3.948416933407428075e+01
4.095223875393577906e+00
9.406973966293874057e+00
5.297627596645762438e+00
3.375229124880424791e+01
2.601933669448405695e+01
3.273716823490652672e+01
5.324345450116553025e+00
8.984681790154263936e+00
3.287707630063111619e+00
5.982200115565744269e+00
4.131472627396095554e+00
2.249294555634923753e+01
2.518598216653958843e+01
3.945191826905728227e+00
8.563171305569211356e+00
2.291234549499366224e+01
1.521005001121476141e+01
2.776589160773771070e+01
5.156116275833521456e+01
7.712338841896932529e+00
1.041039427239243054e+01
3.938235640268536031e+01
3.023203737338623043e+01
4.260726819096679385e+00
2.774889679951686716e+01
3.589354119281672251e+00
6.605837940844665468e+00
9.330997061722991148e+00
3.299039066261415343e+01
6.144363491785167497e+00
5.442385057467040710e+00
1.067895263837408493e+01
1.253991610422957415e+01
1.931557521152414836e+01
2.229868603030534402e+01
9.441283843030776168e+00
3.400829189243264938e+00
4.162180646119018057e+00
1.886769372841308012e+01
3.551922097265773459e+01
1.501908351881853854e+01
2.063268250471979215e+01
6.098265254503732535e+01
2.342691631303292965e+01
3.404057519473227700e+01
1.175865221662487414e+01
5.631660627106077399e+00
7.882595364957250439e+00
2.218514476920087475e+01
4.399417251354523728e+01
2.162616827932177799e+01
3.489691277943310865e+01
1.133040272181659347e+01
4.452883738121876434e+00
8.174008621740615155e+00
1.094571281300562404e+01
1.148654300516823312e+01
4.924513212216167091e+01
3.801484589903497469e+00
8.547380071092593568e+00
6.663389591291411840e+00
9.907542751001637171e+00
7.293774866881576280e+00
5.705640304678012420e+00
1.714574016231718900e+01
3.950475842779447078e+00
3.102184744745223099e+00
9.235833679806349394e+00
4.893176524729700105e+01
5.416021415735473354e+00
1.322477257589851085e+01
2.432784874552611143e+01
1.212771088851058288e+01
1.544805198844454885e+01
1.875287704612140516e+01
4.459005747175905299e+01
1.656820877496667421e+01
7.026023035177679787e+00
4.059660417082869621e+00
3.455815985062784534e+01
1.066396938464602151e+01
8.579874173183394959e+00
4.171159276670955762e+01
4.442913769350930409e+01
6.814906607689407814e+00
3.708196926675037020e+01
2.260763749374715914e+01
8.398094732747052760e+00
2.487516714473324342e+01
9.098387568847334350e+00
6.711984842308470434e+01
1.068271398714986731e+01
6.423863492738025371e+00
2.396768645433719414e+01
6.423982949841064105e+00
5.211469072851215856e+01
6.600469596997884381e+00
1.028109421371065046e+01
3.013485519545558766e+00
1.288670852682830237e+01
3.681459372932710750e+00
6.539941806865480878e+00
2.707968382484572700e+01
7.267750301730378837e+00
5.432280705902106632e+01
4.250576202188242725e+00
8.641205786662991883e+00
2.366333871487496765e+01
1.037284383434913870e+01
8.879445426781451545e+00
1.603362053519407482e+01
1.130270568227179595e+01
3.608602923725046452e+01
9.493316098407408532e+00
2.131744020901192727e+01
1.205470601363208516e+01
1.001093402461556536e+01
2.310945617306190059e+01
8.044627857494745626e+00
6.965573840233930447e+00
2.442617243282899864e+01
9.323025632007960084e+00
3.054723777317196021e+00
2.052440241112392272e+01
4.322298035131152183e+00
6.367502136953840264e+00
3.803476960904242787e+01
1.477773610360440060e+01
8.528926083083819165e+00
3.472299073989718465e+01
3.461954952611888814e+01
5.982337273047388493e+00
2.485636931958077867e+01
7.063573476052277478e+00
7.466322562517678563e+00
7.662352173377399822e+01
5.173767516205955275e+01
1.344729043815191538e+01
1.134888773041401500e+01
3.020924216647527416e+01
7.979271460319486309e+00
5.660957104865018685e+00
1.673527737107694691e+01
4.817199287349295922e+00
1.932845427900423019e+01
2.986683612131587751e+01
1.817284372068801446e+01
1.179169933200699383e+01
1.235940451725557487e+01
8.457365938212976886e+00
2.283372058164551888e+01
4.071576857297419139e+01
1.699303275655955403e+01
2.594914755669016770e+01
3.524206949424796420e+01
4.636055925402492228e+00
1.341595908902202794e+01
5.239246949495059624e+01
5.771241345688238056e+01
4.941441324784586087e+00
1.441300352834402254e+01
5.095564908360948664e+01
1.930843443292731720e+01
1.850014155936869287e+01
6.420018953219672753e+00
3.074543860329304579e+01
8.500369531828486203e+00
5.416687681172268398e+00
1.212963447802222916e+01
3.735165042657816059e+01
1.176114562413415499e+01
6.018501475115891175e+00
5.609297955951522141e+00
1.073063280707216194e+01
3.633007482289661993e+01
6.547722248136333967e+00
1.772071546472019676e+01
5.065044712782846403e+01
9.791548151622812668e+00
9.626511364571209484e+00
3.796245836101913795e+01
1.845217215620800744e+01
5.359530332829871213e+01
3.119127807764200000e+01
4.902102548215815148e+01
1.764185518623034099e+01
5.353807226696035038e+00
3.560975710449183484e+00
8.577550322694033724e+00
1.821134544875125272e+01
3.408954213906972619e+00
1.164269948714213676e+01
9.885611088170650262e+00
3.169357552917485421e+01
7.140476379848759159e+00
3.062755142496120797e+00
1.173099296402986802e+01
1.988816975882821225e+01
2.082503782427158256e+01
9.324076397312181186e+00
6.319193589567355218e+00
8.573003084465252499e+00
5.767925131253475257e+01
1.577915396757953381e+01
9.772814522857494524e+00
2.051266639896130428e+01
1.413615478255809954e+01
6.080547425960062036e+00
3.000857953405872536e+01
1.134186064212041067e+01
2.662579527694408910e+01
4.818880890270865081e+00
8.291177066484006986e+00
1.512718215185282666e+01
6.639573150203695207e+00
2.589146869068140333e+01
3.105501858000258153e+01
1.731712349919281024e+01
1.142352524949943238e+01
7.340619756854599665e+00
6.508157616458410288e+00
6.603500263257190284e+01
3.972364459563495842e+01
3.613022227309464540e+00
3.994938593167935181e+01
6.749691297793666500e+00
1.423867642014359092e+01
2.602762547338085497e+01
3.500780434868723745e+01
6.731902182502390808e+00
6.930267525524136829e+01
7.539385406219196284e+00
4.236781889640136711e+01
2.489697105603731941e+01
2.926038332678093212e+00
1.901535193919773548e+01
3.824869859616904222e+01
6.680218219893220066e+01
5.238672217950590948e+01
6.915316273468045338e+00
3.832794301902957113e+00
4.645522095391345374e+01
1.990369767138039592e+01
1.911682539453491003e+01
2.128160100822917045e+01
3.218511726913950710e+00
1.671508500001008812e+01
3.720235756921736936e+01
2.916761476219833682e+01
9.936683479662887564e+00
4.258766047692970069e+00
2.294874494094705497e+01
2.771967019924422360e+01
3.682771442572548182e+00
2.488215750151409722e+01
5.053608971757013180e+00
1.521204796284640537e+01
1.550052236580370923e+01
3.793990424478225432e+00
4.728016585714165387e+01
7.246403728360204077e+00
3.275304756508613480e+01
1.627458678860139685e+01
5.912476662496702673e+00
2.437008786739655974e+01
1.163875238965837156e+01
5.557593793600958954e+00
2.088386344107066961e+01
3.434131976875064396e+01
3.259195869318342886e+01
3.575916495671725670e+01
5.363568191094626236e+00
4.540130845348645749e+00
8.764598078626345767e+00
2.888574366277042316e+01
4.072246669479486769e+00
6.316100802903599210e+00
4.857488491824576649e+00
1.731436379550816085e+01
4.027376712894198363e+01
5.348562506507453129e+00
6.159067695063601633e+00
2.492173031183350318e+01
