2.596400897502899041e-01
5.829422163963317999e-02
5.690604996681213057e-02
5.634079289436340343e-02
5.660549521446228000e-02
5.673000645637512468e-02
5.665517759323120128e-02
5.680250215530395497e-02
5.659112620353698442e-02
5.651892018318176170e-02
5.684556841850280789e-02
5.712428212165832769e-02
5.669874668121337863e-02
5.646834206581115984e-02
5.696929240226745322e-02
5.681229376792907432e-02
5.665998005867004667e-02
5.734948015213012923e-02
5.695463538169860673e-02
5.691762685775756531e-02
5.712298488616943115e-02
5.698773598670959367e-02
5.615820884704589983e-02
5.671848583221435203e-02
5.660442733764648598e-02
5.705942344665527327e-02
5.688592624664306346e-02
5.637697267532348899e-02
5.633240914344787853e-02
5.680638408660888816e-02
5.687790894508362033e-02
5.631792664527893177e-02
5.622731232643127242e-02
5.658397531509399420e-02
5.662933349609375333e-02
5.633206653594970831e-02
5.620453166961669744e-02
5.615789556503295726e-02
5.623158073425293252e-02
5.605120205879211143e-02
5.576939058303832797e-02
5.583483815193176353e-02
5.601541376113891579e-02
5.606897211074829412e-02
5.602542090415954523e-02
5.619555902481079140e-02
5.629842257499694663e-02
5.586920738220214899e-02
5.605364537239074935e-02
5.609231972694397189e-02
5.599692940711974848e-02
5.613171648979187189e-02
5.626337933540344338e-02
5.615006136894225980e-02
5.675522923469543402e-02
5.612141919136047485e-02
5.767051625251769925e-02
5.625888442993164096e-02
5.641543459892273127e-02
5.617946648597717252e-02
5.613589406013488881e-02
5.598968696594238542e-02
5.619712042808532731e-02
5.609064745903015459e-02
5.646137905120849482e-02
5.621960854530334145e-02
5.622651839256286727e-02
5.632864260673522971e-02
5.619882059097289911e-02
5.620098114013671875e-02
5.830330300331115767e-02
5.770502877235412359e-02
5.757878208160400330e-02
5.824684906005859336e-02
5.869098258018493747e-02
5.845846462249755515e-02
5.816516137123108054e-02
5.837259650230407909e-02
5.814486837387084633e-02
5.791213655471801752e-02
5.673125791549682440e-02
5.843134093284606950e-02
5.756140804290771351e-02
5.842428016662597895e-02
5.765020513534546004e-02
5.734705162048339688e-02
5.820950937271118092e-02
5.790007352828979714e-02
5.779891920089721968e-02
5.780179047584533408e-02
5.732366681098938210e-02
5.713218641281127969e-02
5.781280732154846225e-02
5.836746263504028615e-02
5.813187122344970481e-02
5.770921182632446356e-02
5.754292058944702332e-02
5.815494608879089034e-02
5.836930799484253002e-02
5.634871840476989718e-02
5.809768867492675487e-02
5.885032749176025146e-02
5.914574432373046614e-02
5.809443378448485990e-02
5.858732748031616339e-02
5.775926780700683938e-02
5.792446947097778381e-02
5.831173777580261203e-02
5.837410211563110601e-02
5.811821341514587097e-02
5.869546794891357389e-02
5.807322382926941029e-02
5.861734485626220875e-02
5.823965930938720947e-02
5.832553529739380183e-02
5.823740410804748718e-02
5.864976167678832841e-02
5.702090549468993852e-02
5.789857673645019270e-02
5.769245839118957581e-02
5.786234855651855441e-02
5.874679160118102816e-02
5.840659832954406966e-02
5.886837458610534590e-02
5.764534997940063549e-02
5.897493338584899880e-02
5.904411864280700861e-02
5.870403528213501143e-02
5.905314755439758367e-02
5.908108091354370012e-02
5.872074580192566257e-02
5.886213779449463168e-02
5.862593173980713140e-02
5.895149540901183788e-02
5.849404621124267706e-02
5.876543498039245306e-02
5.896444392204285012e-02
5.872624993324279674e-02
5.903167939186096391e-02
5.873607659339905029e-02
5.883932590484618891e-02
5.829199504852294877e-02
5.871400856971741022e-02
5.811206674575805642e-02
5.826119184494018416e-02
5.911968731880187788e-02
5.895029830932617398e-02
5.933661985397338523e-02
5.867458367347717224e-02
5.907939696311950706e-02
5.952326202392577842e-02
5.908743548393249195e-02
5.832293415069580295e-02
5.865821909904479770e-02
5.916509819030761619e-02
5.931467819213866871e-02
5.923291993141174133e-02
5.929957962036132985e-02
5.905373907089233459e-02
5.933856678009033492e-02
5.923142170906067067e-02
5.932735776901244817e-02
5.871839523315429410e-02
5.905350756645202925e-02
5.896456146240234425e-02
5.910331654548645064e-02
5.790374660491943298e-02
5.913909149169922080e-02
5.899165153503418274e-02
5.951929283142089883e-02
5.950890469551086553e-02
5.914310145378112726e-02
5.873756551742553844e-02
5.938303685188293241e-02
5.927879142761230402e-02
5.937434935569763095e-02
5.943397927284240628e-02
5.901639342308044600e-02
5.909360814094543474e-02
5.977794981002807623e-02
5.940999174118041792e-02
5.935216808319091625e-02
5.883627462387085172e-02
5.843037748336792070e-02
5.841188406944274741e-02
5.853961539268493636e-02
5.890321135520935197e-02
5.882006263732909856e-02
5.819537281990051075e-02
5.838404822349547996e-02
5.827573132514953652e-02
5.783216094970702881e-02
5.744862437248229869e-02
5.857400488853454351e-02
5.793949604034423495e-02
5.751414895057678500e-02
5.808314871788024941e-02
5.855804228782653803e-02
5.854666829109191756e-02
5.796914386749267567e-02
5.703080916404724282e-02
5.710975432395935109e-02
5.833134937286377220e-02
5.867326474189758084e-02
5.886916518211364469e-02
5.878528785705566112e-02
5.919026756286620977e-02
5.900002169609069869e-02
5.865452146530151373e-02
5.876765608787536815e-02
5.859312176704406516e-02
5.882361364364623729e-02
5.876069021224975680e-02
5.889662814140320113e-02
5.931325173377990922e-02
5.897127628326415821e-02
5.897301745414734037e-02
5.838461375236510958e-02
5.866099572181701638e-02
5.773451876640319641e-02
5.985543775558471724e-02
5.904986143112182784e-02
5.935420346260070895e-02
5.918169903755188255e-02
5.892479324340820640e-02
5.849714303016662759e-02
5.912155556678772017e-02
5.909361863136291387e-02
5.782656669616699496e-02
5.830091333389281899e-02
5.914717245101928922e-02
5.795459890365600719e-02
5.940593147277831859e-02
5.916497397422790239e-02
5.822426319122314675e-02
5.909131002426147583e-02
5.951875233650207736e-02
5.954460453987121815e-02
5.915045619010925182e-02
5.838793969154357916e-02
5.770323395729064914e-02
5.941318535804748779e-02
5.948255705833434964e-02
5.891777610778808905e-02
5.963296413421630832e-02
5.929174900054931530e-02
5.923204946517944547e-02
5.897334885597228793e-02
5.924135994911193526e-02
5.884603333473205355e-02
5.932614660263061529e-02
5.909918022155762063e-02
5.918484783172607566e-02
5.926321196556091214e-02
5.883007073402404807e-02
5.899036812782287864e-02
5.945715880393982050e-02
5.901441740989685214e-02
5.881786537170410195e-02
5.870535039901733643e-02
5.887884974479675598e-02
5.720174145698547069e-02
5.830215644836425626e-02
5.648114967346191256e-02
5.737015843391418679e-02
5.968589782714843472e-02
5.882222628593444802e-02
5.958378219604492515e-02
5.883173418045044289e-02
5.904362392425537009e-02
5.929612016677856395e-02
5.921761655807494806e-02
5.914392137527466065e-02
5.918215370178222384e-02
5.907517242431640364e-02
5.924760985374450534e-02
5.897168254852294678e-02
5.926128506660461454e-02
5.915846824645996233e-02
5.768576598167419328e-02
5.883517456054687678e-02
5.902180218696594094e-02
5.883352160453796109e-02
5.859353780746459628e-02
5.922675657272338801e-02
5.864902639389037858e-02
5.944060778617858698e-02
5.940359020233153958e-02
5.829979586601257563e-02
5.915338444709777876e-02
5.978858685493469022e-02
5.965716958045959306e-02
5.924738311767577953e-02
5.903157734870910500e-02
5.931056141853332381e-02
5.813922905921935919e-02
5.915826010704040849e-02
5.914651918411254622e-02
5.943995881080627736e-02
5.875688099861144792e-02
5.883494210243225137e-02
5.871665549278259205e-02
5.938253188133239824e-02
5.846732854843139648e-02
5.920036578178405895e-02
5.647042131423950229e-02
5.790345859527588207e-02
5.942326974868774453e-02
5.936971020698547652e-02
5.914326453208923473e-02
5.921213960647583180e-02
5.910231256484985152e-02
5.903303670883178894e-02
5.948171257972717507e-02
5.947710418701172147e-02
5.939089918136596785e-02
5.945897054672241028e-02
5.951848053932189825e-02
5.905721592903136891e-02
5.915276384353637673e-02
5.846756243705749506e-02
5.827675080299377780e-02
5.830601406097411787e-02
5.896368145942688238e-02
5.870281267166137934e-02
5.891475915908813560e-02
5.897437834739684831e-02
5.868390870094299105e-02
5.848054361343384133e-02
5.858103418350219666e-02
5.888766002655029114e-02
5.857843112945556457e-02
5.831009125709533947e-02
5.815803074836731201e-02
5.827290701866150169e-02
5.860423159599303933e-02
5.972015976905822865e-02
5.958234572410583268e-02
5.940349507331848383e-02
5.918675756454467446e-02
5.825344896316528298e-02
5.875542068481445085e-02
5.957098627090454124e-02
5.871895456314087103e-02
5.905945181846618958e-02
5.936131811141967529e-02
5.882666587829590149e-02
5.881825351715087857e-02
5.856130313873290916e-02
5.860104560852050920e-02
5.891654968261719055e-02
5.873678302764892556e-02
5.779179048538207741e-02
5.894141888618469050e-02
5.863327264785766352e-02
5.909379005432129073e-02
5.902122759819030534e-02
5.962826538085937156e-02
5.922288036346435441e-02
5.801477646827697676e-02
5.866851925849914801e-02
5.879304289817809809e-02
5.929878568649291776e-02
5.937893295288085987e-02
5.959061026573181374e-02
5.920394182205199890e-02
5.920154237747192461e-02
5.838524627685547086e-02
5.873428535461425876e-02
5.898088979721069491e-02
5.854981136322021801e-02
5.876749682426452709e-02
5.883481669425964095e-02
5.858414673805236589e-02
5.824999713897704989e-02
5.833739566802978449e-02
5.852372097969055220e-02
5.819113349914550870e-02
5.852178001403808560e-02
5.830259847640990867e-02
5.833172750473022278e-02
5.766040515899658464e-02
5.813021039962768671e-02
5.783655118942260948e-02
5.753282237052917414e-02
5.731754899024963518e-02
5.720765042304992720e-02
5.727458286285400102e-02
5.731661748886108382e-02
5.911436128616333330e-02
5.952973914146423434e-02
5.877465701103210677e-02
5.890323996543884305e-02
5.915977954864502092e-02
5.897225594520568576e-02
5.911708307266235612e-02
5.958200287818908591e-02
5.914932990074157904e-02
5.959703707695006986e-02
5.870432806015014882e-02
5.897582626342773304e-02
5.915707039833068698e-02
5.919936084747314670e-02
5.988121628761291365e-02
5.907013607025146662e-02
5.909122776985168551e-02
5.903344559669494729e-02
5.947492623329162648e-02
5.874448704719543307e-02
5.883926534652710039e-02
5.822584939002990734e-02
5.840743422508239829e-02
5.903995394706726407e-02
5.886764192581176586e-02
5.908368206024169900e-02
6.043000793457031089e-02
6.017135047912597345e-02
6.003182482719421342e-02
5.979450869560241910e-02
6.062140178680419655e-02
5.970067048072814908e-02
5.977061939239501631e-02
6.027382302284240573e-02
6.011851716041564930e-02
6.006670713424682589e-02
5.929153823852539168e-02
5.988027119636535334e-02
5.964951825141906472e-02
5.953568339347839466e-02
6.000060248374938787e-02
5.935119748115539468e-02
5.935466146469116355e-02
5.983522939682006658e-02
5.993463802337646584e-02
5.949980878829955883e-02
5.990047526359558450e-02
6.053136992454528909e-02
5.981909489631653115e-02
5.952920365333556896e-02
6.013434457778930875e-02
5.960668063163757080e-02
5.984505605697632014e-02
6.012190079689026107e-02
5.931342291831970259e-02
6.024260830879211298e-02
5.977238154411315674e-02
6.022189903259277111e-02
5.998333120346069358e-02
5.959606981277466159e-02
5.960828065872192383e-02
6.014683437347412287e-02
5.998572659492492493e-02
6.013420772552489912e-02
6.045204138755798373e-02
6.071323084831237865e-02
5.977699184417724354e-02
5.978541254997253585e-02
5.967691659927368275e-02
5.992119026184081904e-02
5.874013042449951344e-02
5.986495876312256104e-02
6.015243530273437639e-02
6.034243679046630976e-02
5.965670084953308278e-02
5.954773831367492914e-02
5.908391571044922103e-02
5.984887886047363104e-02
5.971560168266296098e-02
6.057288050651550571e-02
5.990543770790100059e-02
6.017917227745055858e-02
5.810395836830139354e-02
5.939548873901367293e-02
5.893337392807006941e-02
5.991096234321593994e-02
6.031158757209777871e-02
6.004935836791992082e-02
6.026369929313659529e-02
5.979741525650024425e-02
6.029065871238708380e-02
6.068638896942138428e-02
6.036800193786621277e-02
6.027890181541442627e-02
6.032887911796570163e-02
6.042639684677124368e-02
6.015806913375854742e-02
5.997851729393005593e-02
6.016461634635925093e-02
6.092364263534545687e-02
6.044136118888854964e-02
6.053054141998290977e-02
6.052654314041137906e-02
6.082584071159363032e-02
6.059586000442505199e-02
6.115500926971435824e-02
6.060596084594726402e-02
6.050381016731262024e-02
5.918590378761291737e-02
5.861874365806579723e-02
5.793966078758239907e-02
6.052854537963867076e-02
6.013471579551697005e-02
5.998654580116272172e-02
5.972649312019347873e-02
6.084892845153808821e-02
6.057853364944457836e-02
6.028317832946777227e-02
6.074152398109435719e-02
6.034479594230651722e-02
6.080568575859069541e-02
6.068205118179321317e-02
6.114092350006103405e-02
6.137253332138061651e-02
6.065436553955078081e-02
5.987928080558777011e-02
5.999493312835693648e-02
6.065819191932678156e-02
5.984448266029358116e-02
6.057930994033813160e-02
5.878030371665954323e-02
5.991446900367736889e-02
6.064964222908020286e-02
6.036218667030334578e-02
6.020055603981017828e-02
6.014820027351379383e-02
5.865797805786132635e-02
6.046205306053161616e-02
5.991203355789184726e-02
5.972510480880737632e-02
5.949601674079894875e-02
5.992747545242309293e-02
6.018846702575683660e-02
5.990284442901611106e-02
5.999296259880065874e-02
5.978390765190124551e-02
5.986703610420227029e-02
5.967493271827697954e-02
5.984927296638489075e-02
5.984424352645874301e-02
5.996782016754150652e-02
5.951988983154296586e-02
5.996872544288635309e-02
6.034308052062987981e-02
5.974704313278197954e-02
6.006598544120788502e-02
5.974651980400085688e-02
6.009400701522827487e-02
5.974570155143738015e-02
6.039747238159179354e-02
6.060830044746398637e-02
6.064743375778198359e-02
6.056521773338317816e-02
6.098267030715942560e-02
6.059368681907653653e-02
5.999582934379577709e-02
6.098259949684142756e-02
6.082480049133300731e-02
6.090497183799743752e-02
6.008184766769409518e-02
6.041968178749084623e-02
6.107760095596313776e-02
5.945290398597717629e-02
6.049774098396300953e-02
6.136223697662353260e-02
6.036666965484618896e-02
6.011131882667541254e-02
6.067660951614380072e-02
6.100863933563232394e-02
6.002838253974914634e-02
5.907492136955261319e-02
6.103953480720519797e-02
6.085776853561401106e-02
6.080427789688110096e-02
6.075790452957153392e-02
6.056006097793579374e-02
6.079681062698364530e-02
6.103942155838013028e-02
6.098103189468383895e-02
6.069997644424438704e-02
6.118721485137939425e-02
6.064961576461792153e-02
6.100106024742126681e-02
6.095094656944274880e-02
6.089847612380981656e-02
6.173916435241699058e-02
6.083325052261352728e-02
6.055006289482117027e-02
6.119999122619628612e-02
6.129494237899780346e-02
6.096357059478759582e-02
6.088455486297607300e-02
6.127976918220520014e-02
6.035153365135192960e-02
5.977088308334350258e-02
6.113451695442199962e-02
6.103431963920593478e-02
6.088751697540283059e-02
6.084237170219421176e-02
6.111353349685669234e-02
6.072634601593017434e-02
6.087963128089905057e-02
6.142537283897400030e-02
6.101180720329284907e-02
6.114269351959228382e-02
6.112858724594116139e-02
6.062052679061889771e-02
6.056520915031433222e-02
6.059608674049377780e-02
6.075265836715697948e-02
6.084501552581787071e-02
6.078773951530456326e-02
6.067212843894958380e-02
6.132613468170165782e-02
6.097687959671020674e-02
6.092153525352478338e-02
6.093534636497497520e-02
6.079433202743530357e-02
6.058555960655212513e-02
6.067852377891540250e-02
5.824022221565246238e-02
6.087820553779602073e-02
6.093644523620605352e-02
6.045083880424499678e-02
6.073092651367187345e-02
6.069802927970886081e-02
6.103674578666686695e-02
6.077714729309081909e-02
6.104454445838928406e-02
6.100410032272338828e-02
6.122254514694213529e-02
6.066059207916259938e-02
6.135373258590698375e-02
5.839502358436584467e-02
5.880103588104248352e-02
6.030902028083801047e-02
6.042260384559631353e-02
6.020984005928039368e-02
6.011625957489013378e-02
5.968222737312316867e-02
5.983455801010131858e-02
6.049071288108825994e-02
6.038345766067505088e-02
5.975017476081848078e-02
5.982881569862365939e-02
5.975916409492492559e-02
5.935591101646423007e-02
5.950750589370727706e-02
5.917388939857482627e-02
5.930522370338439653e-02
5.904496860504150624e-02
5.883251357078551902e-02
5.867948436737060319e-02
5.874045062065124528e-02
5.854274773597717418e-02
5.944791889190673834e-02
5.908951830863952426e-02
5.911391210556030118e-02
5.895001769065857239e-02
5.863601398468017839e-02
5.880842900276184171e-02
5.896898508071899553e-02
5.978980326652526961e-02
5.933935999870300348e-02
5.933178496360778931e-02
5.955851125717163269e-02
5.966331195831298811e-02
5.928631472587585216e-02
5.782416772842407376e-02
5.845496678352356257e-02
5.946538639068603416e-02
5.903723597526550071e-02
5.929114127159118564e-02
5.908079075813293252e-02
5.975966882705688321e-02
5.924778795242309493e-02
5.897390937805175454e-02
5.910229492187499961e-02
5.961060929298400701e-02
5.913527083396911965e-02
5.945326614379882468e-02
6.146456670761108604e-02
6.084974503517150829e-02
6.100752091407776051e-02
6.121505379676819153e-02
6.131902670860290422e-02
6.111772894859313771e-02
6.058546042442321949e-02
6.095555925369262884e-02
6.082719969749450506e-02
6.093866634368896168e-02
6.128761529922485685e-02
6.117036342620849748e-02
6.129597401618957359e-02
6.201523852348327787e-02
6.200365352630615029e-02
6.171332216262817583e-02
6.126929473876953358e-02
6.058251190185547086e-02
6.051653337478637984e-02
6.168811535835266174e-02
6.069917559623718567e-02
6.126126384735107455e-02
6.140705108642578042e-02
6.132590723037719543e-02
6.092606449127196955e-02
6.138072299957275657e-02
6.094608187675475824e-02
6.090417599678039223e-02
5.937770986557006775e-02
5.989085102081298517e-02
6.025071430206298956e-02
6.109892892837524153e-02
6.159274291992187372e-02
6.191770720481872686e-02
6.118144369125366050e-02
6.145419573783874462e-02
6.117790055274963112e-02
6.071963453292846674e-02
6.115391683578490917e-02
6.157181882858276528e-02
6.115869760513305969e-02
6.110694694519042819e-02
6.141014051437378163e-02
5.972759604454040694e-02
6.134800028800964367e-02
6.137600851058960111e-02
6.092675638198852273e-02
6.139171457290649309e-02
6.200626134872436190e-02
6.149991941452026545e-02
6.084837436676025085e-02
6.086000561714172141e-02
6.130738329887390481e-02
6.144969987869262906e-02
6.133999490737915283e-02
6.170405149459838590e-02
6.157391166687011669e-02
6.192561459541320867e-02
6.138284873962402549e-02
6.093627071380615379e-02
5.938350176811218323e-02
6.144005060195922852e-02
6.129072189331054993e-02
6.199140763282776079e-02
6.190972781181335732e-02
6.092869567871093961e-02
6.075236988067626853e-02
6.186911320686340476e-02
6.146170926094055020e-02
6.138708043098449474e-02
6.111195230484008784e-02
6.181622743606567105e-02
6.183777976036071433e-02
6.061341261863708446e-02
6.122592926025390708e-02
6.155229210853576521e-02
6.174222564697265381e-02
6.135605192184448442e-02
6.150866556167602223e-02
6.156958937644958774e-02
5.929279398918151783e-02
6.022679090499877957e-02
6.153953313827514870e-02
6.199066114425659524e-02
6.206584811210632407e-02
6.113629055023193232e-02
6.179392695426941251e-02
6.186002779006957719e-02
6.103299427032470720e-02
6.079706525802612560e-02
6.135550117492676037e-02
6.231248784065246404e-02
6.167882323265075351e-02
6.161540079116821500e-02
6.183114051818847795e-02
6.153087043762207192e-02
6.206896972656249928e-02
6.168754744529723888e-02
6.189752507209778098e-02
6.255209946632385443e-02
6.176018786430358815e-02
6.253492474555968905e-02
6.194325184822082470e-02
6.164093422889709711e-02
6.278917145729065452e-02
6.265590810775756303e-02
6.194546198844909368e-02
6.214461541175842624e-02
6.116074180603027488e-02
6.077817630767821944e-02
6.069084262847900674e-02
6.078670215606689353e-02
6.187149763107299694e-02
6.049594259262085216e-02
6.112758517265319547e-02
6.045217156410217368e-02
6.168271899223327914e-02
6.131834292411804388e-02
6.117301106452941589e-02
6.192084074020385437e-02
6.011783957481384166e-02
6.101307320594787781e-02
6.127875971794128490e-02
6.134583592414855763e-02
6.163205599784851024e-02
6.121370840072631880e-02
6.067088460922240994e-02
5.972876381874084317e-02
6.141707468032837208e-02
6.155665707588196117e-02
6.163066267967223788e-02
6.191523838043212769e-02
6.152168059349059914e-02
6.171996402740478199e-02
6.238835239410400052e-02
6.197675108909606739e-02
6.227890253067016463e-02
6.217406845092773165e-02
6.259915328025818237e-02
6.254592967033385797e-02
6.230075597763061468e-02
6.192890095710754106e-02
6.232973432540893366e-02
6.198016238212585710e-02
6.195769143104553484e-02
6.256710076332092085e-02
6.153723549842834289e-02
6.142430758476257607e-02
6.243320107460022250e-02
6.245000481605529619e-02
6.206090879440307601e-02
6.188932347297668168e-02
6.223452067375183361e-02
6.232096195220947210e-02
6.238897228240966597e-02
6.167254233360290605e-02
6.249591612815857261e-02
6.156997275352477789e-02
6.228661704063415822e-02
6.180217742919921764e-02
6.124278926849364979e-02
6.253953647613524902e-02
6.275693416595458374e-02
6.262559819221497071e-02
6.304461026191711392e-02
6.273564147949219072e-02
6.192752265930175776e-02
6.231115865707397700e-02
6.187480783462524087e-02
6.252366447448730324e-02
6.214588785171509117e-02
6.240775847434997664e-02
6.226488351821899553e-02
6.236514425277710216e-02
6.186870241165161322e-02
6.179075670242309415e-02
6.208147478103637901e-02
6.173278880119324047e-02
6.245719337463379039e-02
6.241110825538635082e-02
6.252698183059691994e-02
6.187413668632507635e-02
6.246495485305786355e-02
6.100227093696593966e-02
6.262198686599732000e-02
6.195078825950622869e-02
6.227796840667724348e-02
6.249951028823852450e-02
6.260299372673035212e-02
6.262136960029601740e-02
6.239715099334716686e-02
6.236116290092467984e-02
6.246316647529601834e-02
6.135642504692077892e-02
6.219518995285034518e-02
6.231705117225647128e-02
6.198731398582458391e-02
6.245762062072753723e-02
6.202356195449829079e-02
6.218054127693176114e-02
6.281237339973450018e-02
6.279722380638122492e-02
6.152182149887085172e-02
6.236203193664550948e-02
6.223350024223327920e-02
6.243467712402343828e-02
6.267836928367614968e-02
6.303089928627014782e-02
6.244770598411560070e-02
6.201135039329528503e-02
6.219003534317016357e-02
6.273497915267944869e-02
6.252141213417053422e-02
6.213909769058227617e-02
6.261505651473998901e-02
6.222355723381042814e-02
6.252705216407776490e-02
6.217397618293762224e-02
6.163388013839721929e-02
6.175564694404601929e-02
6.228455281257629095e-02
6.156291627883911377e-02
6.144940018653869546e-02
6.150340676307677890e-02
6.099097585678100314e-02
6.142355561256408747e-02
6.170352149009704357e-02
6.100818109512329279e-02
6.084100961685180720e-02
6.166076064109802385e-02
6.071473670005798212e-02
6.084884548187256131e-02
6.092177605628967124e-02
6.078113889694213706e-02
6.033328723907470381e-02
5.986788487434387129e-02
6.057754230499267506e-02
6.003348207473754861e-02
6.025627136230468639e-02
6.019490528106689192e-02
6.016414999961852694e-02
5.993031263351440707e-02
5.991967797279357938e-02
6.025224232673644792e-02
6.008729863166809015e-02
6.004435753822326416e-02
5.982525992393493419e-02
5.959401440620422374e-02
6.001583075523376359e-02
5.968438792228698830e-02
5.968837594985961642e-02
5.968416070938110246e-02
5.983016371726989496e-02
5.971880173683166704e-02
5.990182900428771967e-02
5.960018706321716653e-02
5.974954533576965626e-02
5.981418848037720060e-02
5.982671236991882191e-02
5.975672435760497753e-02
6.003203129768371754e-02
5.997565531730651711e-02
5.988544607162475664e-02
5.993288087844848844e-02
5.987340664863586431e-02
5.987038421630859475e-02
6.221423172950744929e-02
6.205409598350524608e-02
6.216065263748168923e-02
6.255128812789917392e-02
6.228270387649536416e-02
6.240361642837524703e-02
6.213504576683044622e-02
6.207256627082824441e-02
6.290984559059142889e-02
6.195916509628295737e-02
6.216219449043274003e-02
6.124543690681457514e-02
6.270062613487244196e-02
6.199385452270507468e-02
6.242212581634521557e-02
6.223389053344726557e-02
6.220425629615783381e-02
6.201003265380859719e-02
6.254201745986938399e-02
6.214135694503784141e-02
6.204971551895141491e-02
6.205741453170776634e-02
6.258917832374573387e-02
6.266777515411377231e-02
6.223315954208374218e-02
6.231476807594299450e-02
6.191993331909179804e-02
6.280406403541564930e-02
6.326722383499144842e-02
6.239242959022522211e-02
6.287255144119262285e-02
6.291407036781311579e-02
6.288093733787536443e-02
6.271044731140136552e-02
6.250001549720764216e-02
6.246158361434936412e-02
6.228837370872497559e-02
6.248079729080200512e-02
6.273840737342833984e-02
6.244367384910583241e-02
6.340113878250122625e-02
6.297695732116699585e-02
6.272201919555664418e-02
6.289363503456116278e-02
6.270887565612792702e-02
6.288294434547424261e-02
6.243309187889099082e-02
6.299516892433167092e-02
6.283727335929870095e-02
6.284201145172119141e-02
6.293298387527465620e-02
6.322245025634765092e-02
6.238333630561828519e-02
