1.684574986829828163e+02
1.379444161186699205e+02
1.556617361261185692e+02
1.648816198003962370e+02
1.836642779008265052e+02
1.656919485368667040e+02
1.734803558105477066e+02
1.630451200773737810e+02
1.425207967781100251e+02
1.192704443242883343e+02
1.147597358510364955e+02
1.329633958728726952e+02
1.406807132740175064e+02
1.349712470868179253e+02
1.437074963864095025e+02
1.236465826219285447e+02
1.160192170298554970e+02
1.265594129611110503e+02
1.277657645393611858e+02
1.019354794056071540e+02
1.007911353090082542e+02
9.130577779105199454e+01
7.083475817470440461e+01
8.945179595954316198e+01
9.362750019261494572e+01
7.033182361379897429e+01
7.754404733716651776e+01
7.646411658586930571e+01
8.568231214553362918e+01
6.205943988768029129e+01
5.636610638277074514e+01
5.573887918185180013e+01
5.374467832417965241e+01
4.293206033712817771e+01
3.905923712993362074e+01
4.497745351401179903e+01
4.507318212031064775e+01
3.086393151689949477e+01
3.504552363577570873e+01
3.151952186379477894e+01
3.586834234480669181e+01
2.985911121134897783e+01
3.147557842974981313e+01
3.207665364236136440e+01
2.641130098409830396e+01
3.135366155256395970e+01
4.030440126590654160e+01
2.321600523795835613e+01
2.278310281271172144e+01
2.018734749765175351e+01
2.289214339967443479e+01
2.438417925467711100e+01
1.981105929189071091e+01
2.755642640864279258e+01
1.745863369920487784e+01
2.231498790185292691e+01
3.278427211109851669e+01
1.875712560843217602e+01
2.031242819094043384e+01
2.716907204490410521e+01
2.198440731565404960e+01
3.007837238615909570e+01
1.601809240290026537e+01
1.907033550644845477e+01
2.111585442131443813e+01
1.691362420023201807e+01
1.808647545965307302e+01
2.116947887501273584e+01
2.690823834125188796e+01
1.406208458545516571e+01
1.621619765358971677e+01
2.062586991673211401e+01
2.114331688155043665e+01
1.859727938204794739e+01
1.865001816498091713e+01
1.629830202919666604e+01
2.218347096657046080e+01
2.061294141542306591e+01
1.866352750724199083e+01
1.864391677631268607e+01
2.034401184841028609e+01
1.582656327076216840e+01
1.537330453513447637e+01
1.665227175318176833e+01
1.738183360715914816e+01
1.478651740436593798e+01
1.620455593322443733e+01
1.200999652939730211e+01
1.738542462903234309e+01
1.605062492685066289e+01
1.778654800511856138e+01
1.382460271031354004e+01
2.137202636169438108e+01
1.521473623795884578e+01
1.456177514124612493e+01
1.862723130832914009e+01
1.589648452783966270e+01
1.702093187909063587e+01
1.446547953491587002e+01
1.918374341631618307e+01
1.707348529087806455e+01
1.977593521065670146e+01
1.529233738517137908e+01
1.996797652525653888e+01
1.858935053315999042e+01
1.356576584129272867e+01
1.322841046201045145e+01
1.487760910799957159e+01
1.826505629821412313e+01
1.519457172694796121e+01
1.564677105447016459e+01
1.725388051557525770e+01
1.305248328996335161e+01
1.924566209643572279e+01
1.507663552353903214e+01
1.426931170718535569e+01
1.322212940805414760e+01
1.453433055957448516e+01
1.619171385546623299e+01
1.401804019383242839e+01
1.523669982748041640e+01
1.477733038054842929e+01
1.324263122134501280e+01
1.625385414876672741e+01
1.193303802591720597e+01
1.689953263309541498e+01
1.511197223099155629e+01
1.324942159583989998e+01
1.585103349690723284e+01
1.181538495256001120e+01
2.092672466161304001e+01
1.188250904260399743e+01
2.044124533285650003e+01
1.433684579578914331e+01
1.563034541133088950e+01
1.322802989511303373e+01
1.538278634616895424e+01
1.280406536963168662e+01
2.018706105119503036e+01
1.282306229524826513e+01
1.878977970441262357e+01
1.374169601775061622e+01
1.549878644755460577e+01
1.685782718400427882e+01
1.284852275577179803e+01
1.137933603835757168e+01
1.175571083752277168e+01
1.403651817766852083e+01
1.628175616681809146e+01
1.058274092044356962e+01
1.011805721737647801e+01
1.915475204150524391e+01
2.482872567381595630e+01
1.728619966881382908e+01
1.232707333055264165e+01
1.280264167571279010e+01
1.235681547672103697e+01
1.460211602474524639e+01
1.023147664289914083e+01
1.378462465413427296e+01
1.090854691126626541e+01
1.746527059043668828e+01
1.288002218113014052e+01
1.206905618974817962e+01
1.079297372586957593e+01
1.526400508386425159e+01
1.175922074836249998e+01
1.283913924248361127e+01
8.824146437291100042e+00
1.699807021706949328e+01
1.252699527284459613e+01
1.019991570667985492e+01
1.043650790542361584e+01
1.079448570184404765e+01
1.483373537617333504e+01
1.458076978294613291e+01
1.086001175603741764e+01
1.222378119228528170e+01
1.293799500569576821e+01
1.035089436740018520e+01
1.903047198857822409e+01
1.347226170024932834e+01
1.472297111023755001e+01
1.797274002933504633e+01
1.176376535744734220e+01
9.370591411479310295e+00
7.362410647950506259e+00
1.532276863017139590e+01
9.545743096651884585e+00
1.125993285019195866e+01
1.639116865508129095e+01
1.153687410671534685e+01
2.275879240514336033e+01
1.036064530736507905e+01
1.061550871913542693e+01
1.403081300795311037e+01
1.361061422184032388e+01
1.457671540211569194e+01
1.251510725650817513e+01
1.023307172701806778e+01
1.491797894013566683e+01
1.139301308490494158e+01
1.377504410443369309e+01
1.001286007117984234e+01
1.340487563423043760e+01
1.277426887593399840e+01
1.003154289520245612e+01
1.241250579287357958e+01
1.422421281468138687e+01
1.575307391512172650e+01
1.177363805734939817e+01
1.155568557133528351e+01
9.463743629938001334e+00
1.219921472508809224e+01
9.085300103894548229e+00
9.470307784009696306e+00
1.023473313637622617e+01
9.862079268419448042e+00
1.061420950590324530e+01
1.417616974290561771e+01
1.019665662039592924e+01
1.099758980556911503e+01
1.083711737879463222e+01
1.088293875766814267e+01
8.276092879454868267e+00
9.228617012478981252e+00
1.189056698048886673e+01
8.308501979953101468e+00
9.743902716094078542e+00
1.543668273085523523e+01
1.623255356386952997e+01
1.333108379968550850e+01
9.479313519024314516e+00
1.328106177338779936e+01
9.988750472660406388e+00
1.056366657506038464e+01
1.237782236430497917e+01
1.092127077626916076e+01
7.905695260496203858e+00
1.015540649280350571e+01
1.137999328316461600e+01
1.417751244053310344e+01
1.127680403668072628e+01
1.113772037720218755e+01
1.080712921375313229e+01
1.333039667070086587e+01
1.679209006700782325e+01
1.262827211805137040e+01
1.056936393409837649e+01
9.602449859261476206e+00
1.028805406148387824e+01
1.174462695139276391e+01
8.457526027420870562e+00
1.182012230299472577e+01
8.065355452374930678e+00
9.168818377781663642e+00
1.058222370481794528e+01
1.268738884402338662e+01
1.865358838028937072e+01
1.108616089392778292e+01
1.271145463949887500e+01
9.709574203637513889e+00
8.276651683021576389e+00
8.429035278369434891e+00
8.532864818865462553e+00
1.093210395337105290e+01
9.856259436551239261e+00
1.197364365650525642e+01
1.008412649942820138e+01
1.111463939582841931e+01
7.911117883507284176e+00
1.078756096345511040e+01
1.192715668697276676e+01
8.912191502358934869e+00
9.197542197370021100e+00
1.393669095765649146e+01
1.259673207264536643e+01
1.293210308239894246e+01
1.581616193423462136e+01
9.652962807077193119e+00
1.667947668697478036e+01
8.783624232707195389e+00
8.298674316700052955e+00
7.316234239298709419e+00
7.989576957788751876e+00
1.321886119679593463e+01
7.522775814754608881e+00
1.657408172397453328e+01
8.460702073100613063e+00
8.982603728664614096e+00
7.911420443980470729e+00
9.055482390625702038e+00
1.182733712171073925e+01
1.238594470247286949e+01
1.046106447892440094e+01
1.144221788137638640e+01
1.013718266232464060e+01
7.146506520515463201e+00
9.482027528059445487e+00
1.022605528425852484e+01
8.421194199325329421e+00
8.768838916273182349e+00
8.743963274505269112e+00
1.476982095650232729e+01
1.090221002487603741e+01
1.043259189215137184e+01
8.173492056559643615e+00
1.803222876185104084e+01
9.861433594973505024e+00
1.248725103224317579e+01
9.176029996717915083e+00
1.073442297930579059e+01
7.618916626784822732e+00
1.341472312739411166e+01
1.071912328992095453e+01
1.312492163035829407e+01
1.363288008777754712e+01
2.077188917913821342e+01
1.337408315920693980e+01
1.092653402772311111e+01
8.216944241243837155e+00
1.120091929372993000e+01
7.940543016039786295e+00
1.064573891867356181e+01
9.554777240060534638e+00
1.168758493564457446e+01
1.057135084666261804e+01
8.610249481167706165e+00
1.322649821217279431e+01
1.180263633602707074e+01
1.153140929157846806e+01
1.167165067794111799e+01
1.385410960126933944e+01
1.722653413602916928e+01
9.373800742221405358e+00
1.260030629810884406e+01
7.489135177212324024e+00
9.165281259818838677e+00
1.312030524685592425e+01
1.175098005655748246e+01
8.690577226903032582e+00
1.333902216990015965e+01
8.432771857284375727e+00
1.115127329091381192e+01
1.200462038885753202e+01
8.364803813814353006e+00
7.736975650098051105e+00
1.118329955399315345e+01
1.231768646128603883e+01
9.820565248943301739e+00
1.426564340530813624e+01
1.341958836121714249e+01
7.297245483074907391e+00
1.048790864476290707e+01
9.399636683548369120e+00
7.224841620519789842e+00
9.859757304208020656e+00
1.067667113392207234e+01
1.476070570645128299e+01
7.485605354570269654e+00
1.840181072566350551e+01
9.113541228681047102e+00
1.164756540482919434e+01
1.595836955556299763e+01
6.575385492091605499e+00
1.078929242757685358e+01
1.184036816009342985e+01
9.423036213759280244e+00
1.165796749241801145e+01
7.475928430009669334e+00
8.586420596337502431e+00
9.920069841458250437e+00
1.093538129599317976e+01
8.783747773013152127e+00
7.738236421368909213e+00
1.097834284249428549e+01
1.066427931366429860e+01
1.149802941029041925e+01
9.517747412820289910e+00
1.025507567020182265e+01
1.406599980172813602e+01
9.459705732092874797e+00
9.436960779323859683e+00
1.235379207867313234e+01
1.494196994173251447e+01
9.005575844692254250e+00
9.297329121805304908e+00
1.189968318999798846e+01
1.152719180628417917e+01
1.341343656549831564e+01
1.113791101187172217e+01
1.480262437091922756e+01
2.195955590173367611e+01
8.343446646661961452e+00
1.558829543445254373e+01
9.631744090027050120e+00
8.801231641688337604e+00
1.233328575386737569e+01
1.061627661262315847e+01
5.923851049747042019e+00
8.131170246118291089e+00
1.299282266968627653e+01
8.585649089369070452e+00
7.336631571586665679e+00
8.437955501984479412e+00
9.775156506802721523e+00
7.105524081789806878e+00
8.959366576437865604e+00
9.595147358948850069e+00
7.702262808321335363e+00
1.495653784973569422e+01
7.190382481585125163e+00
7.265928379724369002e+00
9.825706246321086468e+00
9.204175188310227185e+00
1.050284720229175228e+01
1.035987188926176295e+01
1.458364640546237645e+01
7.722518378784279491e+00
7.588233437472545084e+00
7.780817504543738217e+00
1.409781716817857067e+01
9.203620694870116026e+00
8.112366534185522227e+00
6.805248979118775132e+00
8.452730401225384327e+00
2.396459745549774922e+01
1.274904879681156089e+01
1.391288390227349403e+01
1.055585414757281804e+01
1.129986989596338276e+01
1.181461720596049503e+01
9.649080316283619396e+00
1.252554459122194608e+01
8.732266458952707922e+00
8.449743528651236346e+00
1.518969653028243449e+01
1.227850461824128736e+01
1.542101051387442823e+01
1.215197518706933799e+01
8.510281145612754727e+00
9.157656620471426479e+00
8.596155025965471097e+00
1.105146435034843400e+01
2.228933941428602949e+01
9.605080297503729270e+00
9.901744268414329753e+00
6.277201165087960888e+00
1.071550161609962792e+01
1.242748436435427450e+01
9.561150272822358076e+00
9.242331928910907379e+00
2.413853718376390844e+01
8.579075411058363798e+00
1.116457209676699058e+01
9.439071431919847655e+00
1.007535586830883823e+01
6.980886272983886975e+00
1.131438488376199913e+01
1.167375007785886609e+01
7.133814184896460908e+00
1.191364744537342446e+01
2.216153855076046852e+01
8.353820036390192882e+00
9.892556191926532350e+00
8.619320008116407195e+00
1.080529221400606765e+01
7.696712114486949474e+00
1.442033167471621979e+01
6.936298401200434505e+00
1.655792374097521602e+01
1.435233462197536092e+01
8.741206063604163745e+00
8.148370701984035236e+00
1.590676353191408943e+01
7.475763549715303213e+00
1.130065380257511265e+01
1.500878524571801087e+01
7.329499612339973602e+00
1.011931354963617657e+01
7.845153561876903936e+00
8.219189253526394623e+00
6.736390879221315409e+00
7.394109047382882771e+00
6.160360870245084719e+00
1.316149934097017571e+01
9.421775373522059738e+00
6.784350025548084417e+00
8.027481223249919751e+00
6.825923848633390634e+00
1.033739955498739782e+01
1.201051785358188084e+01
1.269472173893667133e+01
1.242027626375137750e+01
6.892172976331050194e+00
7.737406385722612079e+00
1.219446950535302321e+01
8.499063815283898649e+00
9.986546167011335129e+00
1.636583443193566723e+01
9.986660901867130846e+00
7.361978862291581827e+00
9.584830409277456553e+00
1.025099404355622035e+01
1.476196935374671781e+01
6.570342234680317972e+00
1.846832825531393141e+01
2.115977497707249810e+01
1.008298310223985972e+01
9.482444278539553295e+00
9.419847113703776031e+00
7.983324809077670281e+00
9.655625836537183204e+00
1.745777465412536245e+01
9.123590784808257581e+00
1.794553860434741566e+01
2.373613755616398180e+01
6.136351764680068932e+00
1.075158239986868125e+01
9.449120216013147555e+00
1.211550917698347263e+01
1.294816218733373070e+01
8.365368218418891999e+00
1.255027158447666835e+01
1.083283235286279123e+01
8.481999698459048886e+00
7.051824059827942470e+00
6.967517252036800279e+00
1.188496800973392453e+01
8.387660706449354464e+00
6.838559659058271123e+00
9.572375083530246798e+00
2.396197160777140311e+01
1.278645229796872229e+01
1.190605596422720147e+01
8.229823418909948174e+00
9.378663347841474263e+00
7.791113578104503112e+00
9.522409012270582451e+00
6.982253613161505612e+00
1.016969659570581896e+01
9.106893648536216190e+00
2.101218869603679096e+01
1.098733217594785039e+01
2.044625790027819079e+01
9.757268289091806324e+00
1.017519702615166644e+01
7.573655517726667341e+00
8.636017375680888009e+00
7.258983964092375452e+00
6.315564691685744414e+00
1.245675853709899705e+01
1.493834441584143491e+01
7.142498021326989743e+00
9.300137708902404654e+00
1.200995588768324218e+01
7.702034797207971017e+00
7.856230763818542684e+00
1.258298168907871784e+01
9.872536251383914774e+00
9.108618793235724098e+00
1.293272317219276424e+01
1.549090976167041589e+01
6.693771756334704115e+00
9.438106820287503140e+00
1.105108721384801029e+01
9.191140953122422630e+00
1.600118970648892969e+01
6.884543476968844722e+00
1.286697952861794469e+01
7.570699653218376568e+00
1.301812526861404251e+01
1.869860139404364219e+01
2.939122067239400948e+01
8.456316505254500626e+00
9.520511832016254061e+00
1.852494438874084182e+01
6.513526703120613881e+00
1.717056077339028164e+01
7.650507815146895929e+00
1.770160971389426763e+01
1.059580974499516515e+01
1.012450006166258909e+01
8.446019885083885015e+00
1.332316759374095660e+01
1.171635310011163611e+01
1.815926933883795513e+01
8.995869828526863898e+00
6.322400177050318426e+00
1.275164267567256715e+01
6.072406208413796413e+00
1.743683166223150494e+01
7.423996512762318645e+00
9.352413712552159808e+00
6.877388576740447235e+00
1.151234871632030377e+01
1.115050921261571304e+01
1.026639391634644660e+01
1.035519344468040259e+01
1.314782268406057497e+01
8.350586573506936006e+00
6.301701825513329247e+00
8.909124587219331204e+00
9.171370779589842925e+00
8.861761778653447053e+00
7.948537051253779850e+00
2.948695401849589359e+01
1.576809405602528003e+01
8.577882475946346119e+00
1.096992706225639047e+01
8.521872253293242494e+00
6.126793489675676163e+00
1.262471907495956458e+01
1.466635470842274636e+01
1.339524719766237482e+01
8.728009409021364462e+00
7.620738704903707195e+00
9.211304354334751920e+00
8.676861996248291575e+00
7.070344670455975589e+00
8.865108742133136488e+00
4.617118462057968387e+00
2.498991140117079013e+01
9.150142669044845078e+00
1.115650450043817088e+01
6.381285627509703851e+00
1.724321630939247996e+01
1.159165015369719143e+01
9.939460369049538002e+00
1.587714987928729826e+01
8.632396311531643107e+00
5.775734940719551957e+00
9.917976123619135720e+00
2.155810811739545230e+01
2.910354124417715482e+01
1.127959489531884607e+01
5.014553100860140944e+00
1.300975702460734063e+01
6.401674672723269843e+00
6.623481227501869739e+00
1.700691133295628532e+01
8.476020530232625916e+00
1.017768874568483106e+01
1.145289115085125253e+01
2.285816154694848734e+01
6.102600053340631270e+00
1.014754438146353266e+01
6.085574428030416705e+00
2.159290759233687851e+01
9.323772222774524110e+00
1.266285187174917048e+01
7.129287133667954635e+00
2.076500680003515953e+01
2.336845644016765888e+01
8.353699033213844771e+00
1.643768130144985662e+01
9.321217720769807258e+00
5.748834281020873682e+00
1.284116309059030314e+01
7.684275520611794086e+00
1.116471821758082861e+01
9.792917141023774974e+00
1.548766002339575820e+01
1.663418953758538521e+01
9.669712401093455867e+00
1.083950990007275017e+01
7.688435403807989843e+00
1.075628565783305923e+01
1.188105202918516667e+01
1.077153744391963031e+01
8.400371498118763824e+00
7.381245215116361003e+00
7.937358703204773214e+00
2.588270329452308260e+01
2.245867155743401256e+01
8.836468822082185426e+00
1.482176684427377289e+01
9.629802116390681732e+00
1.473632606262087208e+01
1.064654124443684680e+01
1.204981233389995765e+01
4.224355755228636156e+00
7.472199748016915777e+00
9.038260742280128213e+00
7.745441102707282255e+00
1.563496456062171092e+01
1.757506804868047112e+01
2.623099080486389667e+01
6.816377371243441452e+00
1.050761329606097050e+01
1.041274555944659852e+01
1.726895750492763426e+01
1.570895167206939114e+01
6.617096805268966264e+00
1.501408158552455063e+01
1.726584500536167255e+01
1.401532069934371627e+01
1.362865919558031358e+01
1.542408168858299788e+01
8.662335542392057164e+00
5.529013252650022636e+00
1.998782802730864105e+01
6.113077280610490050e+00
7.129125005370368307e+00
9.363092312852671739e+00
7.895896814526626173e+00
1.819305654780394121e+01
8.584234803901827249e+00
8.971923777504642317e+00
1.062199394237072347e+01
1.064335943375766647e+01
1.659917321132340362e+01
6.196222275083280273e+00
1.213698049249763500e+01
1.329979006686011545e+01
1.955053033891959302e+01
1.337545689021072626e+01
1.957608151700955190e+01
2.607532994454905051e+01
9.946406644300008537e+00
2.252846441219956830e+01
1.479373037947303970e+01
7.524405419089533531e+00
1.020325870752953534e+01
8.632947529927612607e+00
1.561315442431748046e+01
2.823944321255628154e+01
4.884261301439929426e+00
1.001295906295852411e+01
9.114366377541781361e+00
7.516710404569121984e+00
5.783577244338548695e+00
6.543545644606655998e+00
7.287800792151981177e+00
8.040964521104941198e+00
6.152550376829171164e+00
5.903888299331248923e+00
1.074128239382110195e+01
1.191996106103516162e+01
1.003137449437507200e+01
3.054616338296880684e+01
2.338460744031606353e+01
6.734089396593502030e+00
8.702374503440987397e+00
8.500909154596874018e+00
1.791065277717560988e+01
7.774220819925353965e+00
1.323856965246793038e+01
8.016981492785278718e+00
1.151133911316827962e+01
1.107066738143887008e+01
7.138743197501440818e+00
8.067112017769849430e+00
1.196361204821358548e+01
1.911909121127422395e+01
1.852173619775969726e+01
1.159158822852906212e+01
7.684184636900646126e+00
1.237949801698168883e+01
6.326205554164412881e+00
1.553748245151936480e+01
2.126625511750755493e+01
8.002445350918941713e+00
1.124801175360224015e+01
1.843179763300167195e+01
2.720027984332644166e+01
6.612694078625493965e+00
6.990361139140256697e+00
9.435760677572911703e+00
1.307210257881685678e+01
6.340023431858003988e+00
1.689622397974363466e+01
1.481184244856622101e+01
8.850876375643897731e+00
2.070041681695447622e+01
6.560253082999999208e+00
1.296086939715614328e+01
1.214728784170192455e+01
1.090940856939315751e+01
9.595556845767925225e+00
1.661833106096494816e+01
8.146674434910092799e+00
1.124777345509144766e+01
2.010378341585555972e+01
1.288129485577351652e+01
6.362627069752517350e+00
5.793561271368949050e+00
2.117459424615939767e+01
2.549702854761154214e+01
1.366175951943412059e+01
1.988942862887116547e+01
1.526269531521098166e+01
6.418004006800759775e+00
7.528647645787606812e+00
9.639225111439321481e+00
1.180723980992484279e+01
7.443479765179011665e+00
1.969949478581521163e+01
1.200609451626303859e+01
1.741050721172646121e+01
7.209303505427208769e+00
1.925241262224224315e+01
1.501395889362252767e+01
1.467005900127402462e+01
1.307663214597868517e+01
1.206366344489658005e+01
1.953450289046254440e+01
1.014806681579629810e+01
9.228734065532965047e+00
9.806303986316899923e+00
1.834690666903196998e+01
1.850456514622907278e+01
5.653826345073701631e+00
9.126163110247071941e+00
1.729568655562555790e+01
1.523329402218293005e+01
8.106080426389324245e+00
1.564229739693214682e+01
1.059849936841250795e+01
1.067351485660590882e+01
1.831778415900734558e+01
7.950500998169810707e+00
1.683453832844720566e+01
1.433927299234506414e+01
1.209287912015246746e+01
1.469626123443540600e+01
7.035120934355909128e+00
1.387833297541510369e+01
9.729798678320975114e+00
1.891912850561386250e+01
1.263044960543917306e+01
1.383925914656638945e+01
9.653574813292870260e+00
1.131193953040940414e+01
1.196177331013922185e+01
7.860708769615717628e+00
1.155012255747190508e+01
8.799600134660311213e+00
1.858409498097922707e+01
8.412492812789677643e+00
7.335340186257942818e+00
1.019621572897396078e+01
1.387464341937891099e+01
1.770733540844382858e+01
2.248441396838045492e+01
9.962034246830587136e+00
7.497424549834072138e+00
1.143042560414154885e+01
1.451775253316361614e+01
1.376144156130412988e+01
7.912223011406201323e+00
6.328301916552180550e+00
7.862145010150560331e+00
2.151377107489057749e+01
9.613455114538133728e+00
2.011346083876477309e+01
1.229574920129007332e+01
1.180977087659201175e+01
1.022125932977865048e+01
3.075623217209412630e+01
9.564573940352214976e+00
1.050384036968057444e+01
1.303840196943396279e+01
2.171181246412590582e+01
2.338539409688860005e+01
2.104311444140708431e+01
8.619706324405445486e+00
2.070650570204577079e+01
7.347183401361528254e+00
1.040423653057693087e+01
1.187484236071965427e+01
1.568476299009552122e+01
6.303635777794575290e+00
8.158329489566755299e+00
6.816833866122342656e+00
8.502094549851406668e+00
1.417727970723223407e+01
1.513277966777402739e+01
1.703018637559966209e+01
1.114058425449901790e+01
8.475611432825600033e+00
7.110806076315808966e+00
1.748738433757042188e+01
9.369349503488253461e+00
1.070390207028338558e+01
7.665557856026932626e+00
2.147988788421806916e+01
2.370320366319863936e+01
5.253906895300889168e+00
1.412808492684774109e+01
5.812919410315760871e+00
9.777087920916150310e+00
1.313061289212875238e+01
2.032939550166913278e+01
1.424628652607374590e+01
6.091678810918827125e+00
1.492108970166774995e+01
1.460444425222497600e+01
2.093880855602746394e+01
7.292296291601533476e+00
5.267849059337524231e+00
1.273447562852734727e+01
1.288529209661901831e+01
1.129144721308150956e+01
2.112300606037210926e+01
8.807295838487817718e+00
2.916125589177270072e+01
9.971928013009017988e+00
9.869721568228095876e+00
6.954803543586084658e+00
8.402615675066957834e+00
1.130113594627251850e+01
9.328172894932601267e+00
1.242576974999178496e+01
1.104928930031293177e+01
6.745659690973877964e+00
1.534237412213177265e+01
2.611919117904991694e+01
5.667463864185243061e+00
2.509968541344780135e+01
5.400612391239624444e+00
1.028675789959887332e+01
8.481974510721757454e+00
2.944065746715471121e+01
1.161393462722020153e+01
9.229461076994720514e+00
1.513256593669276029e+01
1.797864840551179455e+01
3.115838807483183359e+01
1.834531391713042936e+01
1.944877266034871255e+01
7.786469743683507971e+00
6.373298118035368276e+00
2.375676154030383458e+01
1.531095167148672864e+01
1.219331580011875182e+01
8.386443166594323984e+00
1.865421943986873288e+01
1.453673171167167943e+01
3.832021224247097990e+01
6.466095492559569280e+00
9.773632776491570695e+00
1.790466283536713021e+01
6.746066866987844968e+00
2.288106088671074545e+01
1.334025126992518828e+01
1.444308105552045518e+01
1.075920177633583208e+01
8.168937124960164553e+00
1.250998724487521230e+01
7.267245118662330583e+00
1.901243532001697645e+01
3.049445361221119910e+01
3.040723063756207623e+01
7.638003374291162828e+00
1.931372844027259461e+01
3.015182958021547321e+01
8.022312409303927083e+00
8.807490448549355477e+00
8.775969107082522314e+00
1.068733323546738667e+01
7.969061248801897257e+00
1.466558253586860694e+01
9.721496249905491993e+00
1.378167969722262498e+01
1.869424276034933285e+01
5.881630981259204916e+00
9.311403041019509885e+00
5.963419743083804292e+00
1.643494262985381837e+01
7.109177960084287484e+00
5.913349826049655533e+00
2.385486244336639317e+01
8.988892075718990071e+00
1.116608055258420862e+01
6.019901845007362695e+00
8.572568693920160854e+00
6.417074794312562780e+00
1.188122193363515322e+01
1.731046676695148889e+01
8.482634474779077394e+00
6.083632147825968950e+00
1.565263530096315314e+01
1.849016520242768991e+01
1.302406418595001192e+01
1.146035604021998289e+01
1.358317638477857159e+01
8.385474484765142122e+00
7.435608715577149752e+00
2.250413346064789621e+01
7.229142387955307392e+00
9.432575470399839901e+00
8.418417946456250078e+00
7.792968269662819303e+00
2.617767315478962686e+01
1.681699625967776157e+01
