2.479441690444946222e-01
6.977747297286987505e-02
6.909306454658507846e-02
6.868756818771362682e-02
6.879775023460388272e-02
6.893374824523926248e-02
6.889760613441467396e-02
6.904203701019287487e-02
6.876615929603577260e-02
6.917070102691649791e-02
6.930075144767761097e-02
6.878768873214721746e-02
6.910350990295410778e-02
6.939400982856749889e-02
6.964337682723999168e-02
6.905662035942077004e-02
6.929514765739440418e-02
6.934785532951355524e-02
6.955730509757995783e-02
6.927029109001159313e-02
6.957938575744629373e-02
6.962928819656372115e-02
6.957891058921814031e-02
6.962957024574280285e-02
6.943404603004454945e-02
6.942417669296264970e-02
6.988204216957091819e-02
6.956362605094909557e-02
7.007267522811889970e-02
6.993460941314696977e-02
6.992293429374694946e-02
6.988192582130432762e-02
6.982593870162963345e-02
6.985439729690551269e-02
6.976022815704345514e-02
6.966584944725036366e-02
7.022118401527405185e-02
6.992638039588927601e-02
6.949936509132385865e-02
6.950201702117919655e-02
6.971492838859558172e-02
6.981116890907287931e-02
6.995192408561706765e-02
7.002570676803589189e-02
6.955205202102661410e-02
7.028525304794311368e-02
7.006707215309143644e-02
6.981731891632080023e-02
6.979819083213806286e-02
6.986888289451599621e-02
7.030544233322143233e-02
6.987105512619018466e-02
6.988324666023254528e-02
7.032205629348754761e-02
7.017546629905700717e-02
6.918607258796691251e-02
7.031686210632323575e-02
7.038411641120910500e-02
7.011797380447387651e-02
6.987057304382324197e-02
7.041569352149963656e-02
6.960554885864257690e-02
7.005980753898620461e-02
7.021901035308837635e-02
7.012195825576782171e-02
7.056638288497925349e-02
7.026962995529174860e-02
7.011017799377441961e-02
6.998122572898864135e-02
7.001281023025512917e-02
6.972944092750549272e-02
7.019675564765930076e-02
7.052639818191527854e-02
6.972116589546203946e-02
7.040250635147095315e-02
7.020380187034606922e-02
7.064658713340758733e-02
7.018485093116760831e-02
7.004000830650329579e-02
7.053697109222412109e-02
7.052081084251403398e-02
7.026955199241638472e-02
7.021457123756408292e-02
7.025337624549865545e-02
7.031892633438110995e-02
7.040614533424377486e-02
6.962770318984985718e-02
7.081747102737426247e-02
7.000450611114501787e-02
7.035925412178040128e-02
7.037303614616394198e-02
7.049481630325317438e-02
7.080101346969604192e-02
6.984134411811829257e-02
7.074534440040589067e-02
7.086121058464049660e-02
7.012426209449768022e-02
7.022456717491150358e-02
7.063609337806701916e-02
7.052495718002319003e-02
7.036616992950439631e-02
7.057447266578674439e-02
7.041511631011962424e-02
7.002028441429138106e-02
6.992363595962523826e-02
7.036330246925354137e-02
7.055945897102355868e-02
7.016552734375000600e-02
7.034598207473755083e-02
7.036581516265869030e-02
7.024715757369995317e-02
6.965036058425903842e-02
6.967038798332214622e-02
7.082870221138000411e-02
7.043400359153748069e-02
7.038453793525695223e-02
7.013992428779601551e-02
7.052744364738464111e-02
7.042786121368407870e-02
7.037041401863097789e-02
6.988763713836669556e-02
7.032146048545837025e-02
7.062479805946350608e-02
7.043687391281128196e-02
7.041065311431884965e-02
7.009193348884582009e-02
7.026957178115844638e-02
6.997062969207763772e-02
6.980617046356200894e-02
7.034498310089111472e-02
6.997716426849365234e-02
6.981361103057860673e-02
7.081715583801269365e-02
7.105015516281128207e-02
7.070608830451965976e-02
7.029299139976501187e-02
7.018129801750183638e-02
6.986178946495055775e-02
7.034955334663391124e-02
7.018439841270446289e-02
7.097852158546447132e-02
7.107118654251098899e-02
7.090086555480956676e-02
7.043737196922301991e-02
7.054735851287842474e-02
7.071517372131347345e-02
7.066213011741638572e-02
7.098067831993103149e-02
7.119624185562133112e-02
7.090296506881714478e-02
7.108028435707092196e-02
7.097631001472473611e-02
7.072980952262877818e-02
7.079405808448790971e-02
7.103422832489013350e-02
7.027025485038757013e-02
7.102319216728210372e-02
7.069772076606750666e-02
7.082829999923706543e-02
7.089253878593444747e-02
7.056762862205505360e-02
7.065134096145629650e-02
7.105118560791015558e-02
7.064410114288330322e-02
6.979070067405700184e-02
6.992818760871886974e-02
7.111114573478698186e-02
7.043733453750609941e-02
6.978951048851013417e-02
7.102360486984253540e-02
7.079330277442931474e-02
7.108751153945923329e-02
7.069409799575805675e-02
7.104957556724547652e-02
6.995258259773254328e-02
7.087243700027465176e-02
7.083493733406066861e-02
7.081615638732910445e-02
7.068388748168945301e-02
7.092399454116821156e-02
7.092533183097839145e-02
7.094352102279663508e-02
7.080038166046143111e-02
7.098984503746032237e-02
7.110599684715271374e-02
7.124497270584106978e-02
7.061256718635558483e-02
7.008587980270385154e-02
7.061707735061645286e-02
7.126593923568726174e-02
7.094884085655212003e-02
7.094994807243347468e-02
7.102655816078186357e-02
7.109587955474853949e-02
7.106459856033325861e-02
7.101274800300598489e-02
7.065246915817260942e-02
7.101408958435058427e-02
7.136227273941039839e-02
7.071736979484558039e-02
7.114147329330444691e-02
7.117383527755737072e-02
7.067200970649718805e-02
7.127476835250853848e-02
7.123568367958069136e-02
7.000664877891540905e-02
7.094466638565063987e-02
7.132401180267333718e-02
7.118231821060180819e-02
7.108269166946411255e-02
7.105397677421569635e-02
7.123793268203734708e-02
7.113688254356384522e-02
7.113724827766418346e-02
7.100162720680236461e-02
7.103717446327209584e-02
7.123297238349914073e-02
7.105636143684387895e-02
7.145708155632018999e-02
7.097928619384766269e-02
7.112314200401306796e-02
7.105576300621033181e-02
7.182642865180968728e-02
7.125333976745605591e-02
7.114827466011047763e-02
7.070167183876037431e-02
7.115353035926819114e-02
7.131051898002624401e-02
7.154311847686767312e-02
7.105874323844910134e-02
7.109923481941222978e-02
7.152858591079712391e-02
7.121890473365784235e-02
7.132778358459472556e-02
7.119944047927856401e-02
7.162068653106688776e-02
7.136175107955933239e-02
7.152489614486694236e-02
7.113412284851074185e-02
7.151628899574279108e-02
7.061064600944519376e-02
7.082502436637878873e-02
7.118544411659240290e-02
7.120558738708496205e-02
7.145200657844542891e-02
7.183459854125975874e-02
7.132806968688965021e-02
7.121532082557678611e-02
7.215956282615661188e-02
6.984150099754334040e-02
7.064786696434020852e-02
7.183151793479919389e-02
7.157573676109313388e-02
7.125299048423766601e-02
7.188464355468750233e-02
7.152787494659423873e-02
7.183872461318970004e-02
7.148991084098815785e-02
7.137468218803405540e-02
7.145276141166687078e-02
7.085074353218077936e-02
7.140630531311034646e-02
7.163727569580077836e-02
7.141450047492980957e-02
7.126829814910888572e-02
7.160154867172241477e-02
7.124692463874816861e-02
7.135664248466491721e-02
7.147870898246765081e-02
7.101672124862670743e-02
7.149996995925902987e-02
7.206119394302368253e-02
7.157043790817260720e-02
7.103874492645263772e-02
7.056143736839294578e-02
6.977111649513244307e-02
7.125632429122924494e-02
7.190471434593201372e-02
7.177101230621338313e-02
7.101369619369507502e-02
7.183732509613037498e-02
7.177709054946899980e-02
7.168686532974243020e-02
7.165188479423523216e-02
7.159865260124206876e-02
7.061342573165893532e-02
7.082405495643616378e-02
7.127614307403563887e-02
7.136556506156921387e-02
7.141649723052978516e-02
7.121236395835876809e-02
7.146633410453796798e-02
7.086562061309814586e-02
7.099625802040100686e-02
7.099781656265258256e-02
7.066705775260925804e-02
7.025487589836119928e-02
7.042504739761352994e-02
7.052218770980835105e-02
7.027946686744690474e-02
7.033050131797791149e-02
7.010345721244812256e-02
6.994481801986694725e-02
7.022193384170531683e-02
6.990348601341248025e-02
6.984350299835205556e-02
6.993474674224853249e-02
6.946965360641479958e-02
6.996376347541809204e-02
6.997318530082702326e-02
6.963065743446350542e-02
7.003591752052307218e-02
6.979218053817748402e-02
6.960370922088622569e-02
6.978973555564881026e-02
6.975854659080504838e-02
6.995537376403808405e-02
6.985127258300781461e-02
7.022831869125366333e-02
7.043222856521606789e-02
6.997500014305114979e-02
7.038278555870056130e-02
7.036834287643432828e-02
7.035598731040954013e-02
7.027339625358582087e-02
7.017216610908508234e-02
6.995765471458434415e-02
7.002837991714477850e-02
7.020744895935059071e-02
7.015309786796569691e-02
7.021306300163268621e-02
7.011089611053467063e-02
7.039199161529541282e-02
7.057075953483581132e-02
7.014040946960449496e-02
6.993018817901611173e-02
7.013311576843261896e-02
7.029808259010314475e-02
7.024986100196838057e-02
7.040514421463012207e-02
6.982722520828246737e-02
7.024202108383179044e-02
7.021918606758117964e-02
7.042893338203430609e-02
7.017757439613342418e-02
7.021762633323669345e-02
7.036875057220458307e-02
7.035930514335632380e-02
7.015418195724487660e-02
7.037730598449706831e-02
7.017015242576599143e-02
7.023109865188598144e-02
7.054584145545959861e-02
7.190674710273742276e-02
7.191207551956177446e-02
7.213633394241332486e-02
7.158654737472534835e-02
7.176376986503600619e-02
7.164947938919066783e-02
7.228412127494812656e-02
7.185850858688354326e-02
7.159985232353210938e-02
7.199230599403382003e-02
7.208347630500792913e-02
7.201733469963073064e-02
7.175355458259582986e-02
7.207774353027343595e-02
7.176856517791747880e-02
7.225420212745665982e-02
7.146010518074036311e-02
7.190310549736023127e-02
7.246691012382507069e-02
7.170900774002075817e-02
7.235173940658569391e-02
7.251867437362670421e-02
7.213812899589538974e-02
7.234564828872680486e-02
7.210152173042297385e-02
7.167147779464722035e-02
7.253465700149536177e-02
7.241549015045166404e-02
7.259898185729980746e-02
7.258557081222534457e-02
7.256680655479430531e-02
7.289417982101439875e-02
7.306119799613952637e-02
7.251853299140929854e-02
7.223431658744812467e-02
7.267954874038695667e-02
7.300110697746277355e-02
7.282751226425171476e-02
7.284314036369324286e-02
7.295112514495849521e-02
7.255260014533997104e-02
7.277346706390380726e-02
7.269689726829528520e-02
7.190255379676818714e-02
7.210194563865661432e-02
7.194305706024170521e-02
7.205332589149475442e-02
7.225805521011352539e-02
7.222390317916869973e-02
7.102254271507263406e-02
7.084343862533569458e-02
7.243382072448729947e-02
7.228726148605346680e-02
7.227586150169372503e-02
7.157638263702392756e-02
7.185723543167114868e-02
7.254721069335937078e-02
7.260231328010559315e-02
7.083781313896178600e-02
7.040479421615600253e-02
7.196491384506226163e-02
7.253397893905640104e-02
7.246104311943053766e-02
7.251506781578063998e-02
7.271424317359924394e-02
7.282631564140319702e-02
7.185111689567566517e-02
7.113133454322814742e-02
7.308353257179260598e-02
7.262568974494934548e-02
7.195126438140869718e-02
7.212334537506102927e-02
7.258193898200988869e-02
7.275483155250549172e-02
7.258337163925171476e-02
7.245361423492431563e-02
7.248164629936218462e-02
7.141128778457642157e-02
7.212430310249329235e-02
7.278124690055846890e-02
7.328442263603210383e-02
7.231561255455017101e-02
7.239973449707030884e-02
7.239256477355957009e-02
7.172835636138916171e-02
7.227345967292785056e-02
7.267944955825805797e-02
7.236706376075745240e-02
7.264465689659119207e-02
7.261927890777587769e-02
7.268667578697204923e-02
7.245950746536254650e-02
7.225893425941466719e-02
7.232901644706725419e-02
7.257590913772582475e-02
7.249653816223144975e-02
7.232299613952636319e-02
7.243302845954895097e-02
7.274161624908447032e-02
7.281944847106933127e-02
7.365599918365478560e-02
7.301270008087158703e-02
7.311276435852050171e-02
7.294569134712219904e-02
7.284431743621826161e-02
7.281527709960937400e-02
7.281816482543945757e-02
7.280428242683410767e-02
7.200871491432189742e-02
7.340257120132445690e-02
7.307920551300048362e-02
7.329090690612792558e-02
7.302580022811890059e-02
7.329654979705810258e-02
7.297191071510314431e-02
7.304333376884460105e-02
7.255009579658508456e-02
7.333410787582397838e-02
7.296362829208373479e-02
7.275163936614990889e-02
7.274177169799804499e-02
7.286880254745482788e-02
7.322887921333312566e-02
7.267008495330810891e-02
7.285669112205504783e-02
7.291750478744506159e-02
7.341805720329284968e-02
7.324443864822387240e-02
7.326731085777282715e-02
7.339071726799011042e-02
7.347808957099914717e-02
7.283684730529785267e-02
7.282425045967101662e-02
7.317840099334717296e-02
7.266819357872009166e-02
7.249783372879028964e-02
7.291577863693236849e-02
7.331263637542724532e-02
7.191598200798034191e-02
7.142483091354370761e-02
7.243140625953674305e-02
7.241064143180847568e-02
7.218470644950866766e-02
7.213662171363829922e-02
7.163108634948731068e-02
7.180981516838073897e-02
7.160054755210876198e-02
7.078796553611754749e-02
7.214831709861754816e-02
7.193347716331481567e-02
7.179919552803039340e-02
7.149993348121642944e-02
7.120572304725647506e-02
7.180141878128051824e-02
7.167409372329712480e-02
7.133058476448059237e-02
7.127198648452759411e-02
7.104231095314025857e-02
7.116093969345092807e-02
7.102508306503295399e-02
7.108541440963744851e-02
7.041221690177917880e-02
7.056255650520325273e-02
7.077947950363158713e-02
7.027590322494506325e-02
7.045358514785766968e-02
7.009776568412780240e-02
6.997666811943054066e-02
7.000105714797973111e-02
6.977091264724731567e-02
7.151189994812011397e-02
7.004012346267700362e-02
7.113985180854796864e-02
7.169745135307312167e-02
7.163271999359130393e-02
7.231575965881348322e-02
7.238524603843689287e-02
7.190723443031310502e-02
7.230034732818603482e-02
7.277842354774474720e-02
7.205770039558410944e-02
7.251078748703003451e-02
7.208911204338074030e-02
7.238837742805480369e-02
7.227012658119201516e-02
7.234851288795471347e-02
7.248380398750305098e-02
7.209150719642638816e-02
7.083679986000060436e-02
7.048988533020018876e-02
7.237316203117370728e-02
7.254255080223083463e-02
7.230971193313598389e-02
7.191559100151062589e-02
7.167328572273254372e-02
7.217038202285766535e-02
7.219688963890075195e-02
7.233328986167907038e-02
7.215705800056457231e-02
7.239496850967407082e-02
7.192618870735167924e-02
7.270196723937988326e-02
7.209936189651489080e-02
7.195574188232421731e-02
7.224426126480101851e-02
7.238771677017212525e-02
7.255391359329223244e-02
7.229395961761474199e-02
7.230809640884398870e-02
7.243393063545226773e-02
7.233017539978027488e-02
7.232580232620239302e-02
7.159579586982726951e-02
7.222200417518616355e-02
7.278545212745667070e-02
7.204328989982604348e-02
7.238599109649658525e-02
7.208370137214660522e-02
7.239010810852050670e-02
7.240808272361755338e-02
7.235426545143126831e-02
7.224794912338257380e-02
7.235353565216064153e-02
7.242640757560729614e-02
7.257065033912658836e-02
7.225743460655212336e-02
7.210228896141052113e-02
7.258778119087219705e-02
7.269689345359801880e-02
7.236434245109557573e-02
7.229170513153075628e-02
7.266850709915161077e-02
7.219492888450622370e-02
7.276028871536255327e-02
7.229507613182067916e-02
7.269119596481322942e-02
7.287991189956664895e-02
7.241631150245667059e-02
7.214833879470824995e-02
7.249217820167541682e-02
7.181722116470336259e-02
7.222964239120482910e-02
7.217933106422423639e-02
7.271608805656433472e-02
7.225451087951660634e-02
7.228029489517212580e-02
7.278449606895447122e-02
7.262055516242980902e-02
7.233222866058350298e-02
7.162276005744934448e-02
7.266126728057861750e-02
7.269958806037903065e-02
7.266806840896605779e-02
7.252944135665893854e-02
7.255898690223694381e-02
7.290155339241027876e-02
7.260852193832396939e-02
7.247459769248962291e-02
7.199709844589233243e-02
7.297055697441101607e-02
7.274499773979187234e-02
7.281786346435546731e-02
7.232897543907165772e-02
7.265644717216492021e-02
7.235763716697693471e-02
7.281533217430115335e-02
7.281520867347716919e-02
7.230021357536316196e-02
7.286854767799377797e-02
7.296956801414489213e-02
7.306153297424317072e-02
7.238032531738280984e-02
7.220911812782287997e-02
7.250611138343811268e-02
7.283931279182434548e-02
7.284212040901183460e-02
7.259777617454528376e-02
7.248489356040954679e-02
7.225504684448241788e-02
7.220017910003662109e-02
7.250142121315002186e-02
7.230642867088317438e-02
7.256919550895690740e-02
7.250783586502075606e-02
7.300676918029784523e-02
7.250668716430663796e-02
7.223369288444518588e-02
7.268531918525696078e-02
7.270893383026122425e-02
7.256846952438354703e-02
7.235006809234618974e-02
7.241070604324341409e-02
7.280019664764404708e-02
7.280162644386291293e-02
7.277318000793457642e-02
7.283560347557067882e-02
7.304430150985717629e-02
7.254199647903442072e-02
7.262235736846923972e-02
7.245868992805480635e-02
7.283991622924804177e-02
7.278316068649291759e-02
7.295330548286438344e-02
7.258678174018859397e-02
7.274254131317138550e-02
7.243673515319824785e-02
7.252541351318358975e-02
7.279878020286560669e-02
7.141950345039367598e-02
7.182134819030762396e-02
7.216100025177002442e-02
7.254743480682372681e-02
7.259378623962402244e-02
7.269411325454712414e-02
7.281089878082275257e-02
7.277177453041076827e-02
7.276085829734801891e-02
7.258277821540833064e-02
7.290714454650878973e-02
7.305551481246948253e-02
7.248334383964538663e-02
7.220670747756957608e-02
7.270373940467834972e-02
7.232349371910094804e-02
7.261684966087340876e-02
7.267279267311095581e-02
7.323718690872192683e-02
7.291955471038819026e-02
7.260933828353881292e-02
7.263093662261962957e-02
7.206910395622254106e-02
7.229755759239196722e-02
7.288513708114624512e-02
7.233327269554137851e-02
7.256142377853393166e-02
7.265991187095642567e-02
7.065369224548340155e-02
7.205739808082579911e-02
7.321683764457702359e-02
7.237026906013488414e-02
7.270150279998779941e-02
7.281500697135925848e-02
7.228281402587891091e-02
7.340767955780029552e-02
7.247110104560852695e-02
7.319357991218566895e-02
7.293415999412536377e-02
7.323383808135985884e-02
7.272651004791259866e-02
7.282146143913269254e-02
7.314645481109618985e-02
7.354404807090758611e-02
7.284957671165466497e-02
7.293718719482421287e-02
7.314465594291687245e-02
7.332936763763427124e-02
7.350431895256041848e-02
7.367776870727539562e-02
7.284988069534301114e-02
7.307191419601440086e-02
7.329142642021178877e-02
7.341863465309142467e-02
7.304328346252440818e-02
7.294733381271362171e-02
7.325215530395508268e-02
7.333007454872131348e-02
7.314542174339294656e-02
7.316789221763610185e-02
7.320344495773314919e-02
7.308303618431091775e-02
7.344259595870972213e-02
7.333163928985596269e-02
7.311524701118468639e-02
7.306590294837951582e-02
7.257780218124389171e-02
7.304327630996704235e-02
7.257103848457335804e-02
7.318868088722228771e-02
7.285165286064147760e-02
7.301964187622070335e-02
7.368692731857300060e-02
7.277435874938964488e-02
7.133985614776611195e-02
7.307632827758789307e-02
7.287616491317748524e-02
7.318031764030456798e-02
7.270266819000244241e-02
7.278213882446289695e-02
7.263910412788390780e-02
7.306155443191528209e-02
7.285368490219115700e-02
7.226091217994690119e-02
7.316717886924743730e-02
7.259025073051453281e-02
7.269586610794066817e-02
7.254565715789794422e-02
7.305800294876098333e-02
7.256413722038268510e-02
7.260671067237854659e-02
7.348311376571654840e-02
7.313857483863830944e-02
7.309044289588928489e-02
7.280784106254577226e-02
7.289149975776672286e-02
7.346542620658874645e-02
7.270437955856323686e-02
7.333207583427428511e-02
7.286256384849548740e-02
7.316649222373962369e-02
7.322280764579773560e-02
7.300540089607238103e-02
7.190533185005187899e-02
7.163583445549011330e-02
7.228314018249511197e-02
7.291432523727417458e-02
7.291543126106261874e-02
7.279496216773986839e-02
7.307924461364746771e-02
7.294375109672546209e-02
7.312854886054992454e-02
7.265495562553406228e-02
7.312183976173400324e-02
7.338209652900695712e-02
7.279834794998168990e-02
7.316872167587280817e-02
7.268676662445068548e-02
7.296716642379760809e-02
7.289312458038330056e-02
7.287269783020020042e-02
7.281579828262328691e-02
7.297705841064452970e-02
7.323152518272399436e-02
7.195168805122376110e-02
7.236776351928711493e-02
7.337542080879211337e-02
7.330655264854431252e-02
7.310043811798096203e-02
7.323565196990966530e-02
7.332447767257690985e-02
7.362903642654418379e-02
7.327404832839966298e-02
7.304301428794861273e-02
7.326737523078918901e-02
7.325890874862671376e-02
7.314831995964050926e-02
7.314306735992431863e-02
7.311360669136048041e-02
7.282734990119933693e-02
7.331623959541321012e-02
7.285109376907349110e-02
7.342373514175415394e-02
7.312799406051635753e-02
7.242845654487610474e-02
7.321790170669555120e-02
7.360105824470519753e-02
7.340144181251526123e-02
7.339359784126281427e-02
7.349183011054992443e-02
7.339381384849548440e-02
7.329989075660706122e-02
7.307749295234680642e-02
7.332073473930358909e-02
7.326370525360106911e-02
7.222659993171691439e-02
7.340227246284485030e-02
7.335775876045226573e-02
7.347391271591185991e-02
7.340152597427368475e-02
7.329600620269775824e-02
7.322756648063659390e-02
7.322487378120422219e-02
7.340200924873352406e-02
7.310336256027222257e-02
7.375758767127990612e-02
7.349041318893433095e-02
7.367077326774597312e-02
7.349889016151428534e-02
7.324082708358764515e-02
7.313793587684631892e-02
7.369443774223327637e-02
7.384972143173217096e-02
7.253396987915039507e-02
7.348519253730774470e-02
7.263807702064514760e-02
7.313727927207946955e-02
7.346826362609863714e-02
7.301880097389221169e-02
7.370501422882079490e-02
7.339649295806885410e-02
7.351478385925293291e-02
7.350550794601440341e-02
7.355435204505920976e-02
7.315021920204162198e-02
7.326998472213745728e-02
7.368000769615173917e-02
7.315026187896728205e-02
7.316771125793457287e-02
7.359923553466797552e-02
7.328369760513306352e-02
7.335308003425598800e-02
7.345968389511108032e-02
7.333992958068848156e-02
7.363651466369629250e-02
7.418982934951781627e-02
7.358874177932739347e-02
7.365102696418762696e-02
7.409168052673339999e-02
7.371235179901122758e-02
7.391706228256225697e-02
7.337419486045837491e-02
7.370726895332337103e-02
7.329748702049256048e-02
7.372324991226196500e-02
7.374221611022949152e-02
7.358244705200195357e-02
7.378192496299743053e-02
7.322256112098693426e-02
7.382105612754821800e-02
7.328710961341858288e-02
7.242993450164794678e-02
7.282643890380859075e-02
7.281098175048827947e-02
7.412790203094482555e-02
7.361483573913574219e-02
7.402694821357727606e-02
7.375476837158202736e-02
7.350374317169189320e-02
7.337289452552794855e-02
7.347826266288756680e-02
7.365037918090820701e-02
7.407462191581726252e-02
7.357106018066406072e-02
7.394244790077209029e-02
7.339641380310057972e-02
7.390458226203917846e-02
7.342484545707703147e-02
7.396227908134460349e-02
7.393337512016295854e-02
7.446582388877868997e-02
7.344918036460876265e-02
7.370376443862915183e-02
7.379368042945862183e-02
7.343428230285645175e-02
7.321489834785462059e-02
7.323867154121399548e-02
7.341109609603882480e-02
7.369276046752930298e-02
7.356768202781677202e-02
7.399325180053710482e-02
7.367132496833801725e-02
7.349034833908081599e-02
7.365001296997070179e-02
7.160181832313537720e-02
7.363837766647339522e-02
7.379169774055481523e-02
7.383431315422057939e-02
7.367030191421508611e-02
7.352189207077027000e-02
7.359403419494628396e-02
7.390170335769653820e-02
7.343720436096191906e-02
7.337313699722290694e-02
7.367868423461913785e-02
7.450208330154418912e-02
7.416163063049316384e-02
7.395654249191284391e-02
7.373322033882141746e-02
7.397735929489135387e-02
7.325949144363402832e-02
7.406670522689819125e-02
7.359357690811156594e-02
7.371835589408874678e-02
7.404038047790527377e-02
7.396939492225647339e-02
7.355750536918639892e-02
7.364723944664001987e-02
7.375282478332519098e-02
7.380326151847839411e-02
7.375180459022522006e-02
7.374365854263305320e-02
7.363286352157592807e-02
7.383575487136841142e-02
7.365340232849121316e-02
7.408629083633422319e-02
7.383062505722046143e-02
7.367143392562866544e-02
7.297947120666503640e-02
7.386952018737792669e-02
7.376511979103088368e-02
7.424354600906371560e-02
7.389779233932494695e-02
7.357012748718261275e-02
7.397322034835815407e-02
7.385517358779906949e-02
7.345409774780273238e-02
7.372534847259520907e-02
7.383417558670044012e-02
7.360752463340759777e-02
7.380151963233948231e-02
7.348997926712036444e-02
7.430809736251831055e-02
7.353862929344177901e-02
7.355208683013915449e-02
7.377025341987610008e-02
7.408788561820983665e-02
7.404405331611632612e-02
7.419612717628479293e-02
7.407722353935242143e-02
7.406826400756835738e-02
7.381999039649964067e-02
7.360175633430481035e-02
7.351121854782104170e-02
7.356090092658996993e-02
7.379484438896179166e-02
7.361953783035278531e-02
7.378669857978820135e-02
7.354228854179382935e-02
7.424978876113891291e-02
7.368948030471801636e-02
7.332136273384094738e-02
7.390674471855163130e-02
7.389017820358276256e-02
7.876262831687927402e-02
7.369608139991759566e-02
7.376550602912902710e-02
7.397887897491454978e-02
7.437848377227783414e-02
7.450687432289124223e-02
7.417422914505004961e-02
7.420137906074524003e-02
7.384593629837035711e-02
7.395475053787231579e-02
7.373456931114197310e-02
7.443090581893921365e-02
7.437726807594299827e-02
7.364091420173644875e-02
7.363335609436034990e-02
7.384894084930419822e-02
7.421462678909301891e-02
7.405987071990967341e-02
7.427488613128661876e-02
7.383382010459900446e-02
7.425967884063720825e-02
