1.376081323884221774e+02
1.426138571893047811e+02
1.461223128845534518e+02
1.572509859212204049e+02
1.543866437804515783e+02
1.328877364767213294e+02
1.354210406463046183e+02
1.267760943640283529e+02
1.224906048133531442e+02
1.053031396465238458e+02
9.458795031372063988e+01
7.712101446408229322e+01
5.955831112357154922e+01
6.099765063800808917e+01
5.140449062655304147e+01
6.172410291466309218e+01
7.101514745881064528e+01
5.725401043792442124e+01
5.526193232054827575e+01
4.536615683258560949e+01
4.224728755288987969e+01
4.395783510257649596e+01
3.680841864528444773e+01
2.124023508928120307e+01
2.746973639195884687e+01
2.749055548343180533e+01
3.252338234284786722e+01
3.161454587450213438e+01
3.680433866787239339e+01
2.140808559732161598e+01
1.781696891126727067e+01
1.796106205390285737e+01
2.167700058780373951e+01
2.373418096026765056e+01
5.361280179115924227e+01
1.712797864001384340e+01
2.098581632147857690e+01
2.827061958584827295e+01
1.308240992633572652e+01
1.350708411282545640e+01
3.306540928055846962e+01
1.853699294517367235e+01
2.061718425654188991e+01
1.415421339462189287e+01
2.238493799836475873e+01
1.124140570606996192e+01
1.905957042570569726e+01
7.000125133536714372e+01
1.961374391717957977e+01
1.604521389542659549e+01
1.654156348606028359e+01
2.228847032200375722e+01
1.918013421255593798e+01
1.406269488589366468e+01
1.274356863044971178e+01
1.595132735076283836e+01
2.624670911118140992e+01
1.539980245050676544e+01
1.215093610266727531e+01
1.435568816741382925e+01
1.275282888838499673e+01
2.136089058974147648e+01
2.009920447751525430e+01
9.882773949987750939e+00
2.637056060419064707e+01
1.383880731536445730e+01
1.841171075264367829e+01
2.869345165504854478e+01
1.011590070509000228e+01
2.111741600831149768e+01
3.511221174732550310e+01
2.010629774612882414e+01
2.159313787573587362e+01
3.072879919366150148e+01
1.894042370339086645e+01
2.625853679876895441e+01
1.036414439116733277e+01
3.416643207460490572e+01
8.811572837445750039e+00
2.191286518547948958e+01
1.371965810028455124e+01
1.245753019398540395e+01
1.162974654302928101e+01
1.362160994713544859e+01
1.046405621028829813e+01
1.141572561371324745e+01
2.403108535970769566e+01
1.888224234505417698e+01
1.392510825195758883e+01
1.328482576274774374e+01
1.016751793645334345e+01
2.952731850789622925e+01
8.706700610752205804e+00
7.815328484960206268e+00
1.483996714042599052e+01
1.148445050906591547e+01
1.272000363592440131e+01
1.616942858213666767e+01
6.162015539619878979e+01
3.578883214190016560e+01
1.655177173677317981e+01
1.409147183384780355e+01
1.597871908450358980e+01
1.560469975823579958e+01
3.472287964504816671e+01
3.464075291554021874e+01
1.084335587683472824e+01
1.516685302714286721e+01
2.697238782118246192e+01
3.880071135668828930e+01
2.604080915178607825e+01
1.556850655116300253e+01
1.534809187189539692e+01
8.471913376287696806e+00
9.961497953520845883e+00
9.284123091732567445e+00
2.485772579674278404e+01
1.087495605867606407e+01
8.289860055228825075e+00
7.712938163329549290e+00
1.053591856351045308e+01
8.771316903077320148e+01
7.587750008602919927e+00
1.091268207857447869e+01
7.291691952544712585e+00
3.810526238519643272e+01
5.034292694555123404e+01
1.573338755521205456e+01
8.906838508607787475e+00
1.256196613084623337e+01
1.284241954460969737e+01
2.148515333789639570e+01
2.272472796219502200e+01
4.648694429235786174e+01
1.136656866626001872e+01
7.364031437586754159e+00
1.983137521389269864e+01
1.318189377436302578e+01
1.985226163844815517e+01
1.146158186678533575e+01
1.572356064056975278e+01
2.344668246619204055e+01
1.496594994702429560e+01
1.936573098804653981e+01
1.198903069384139286e+01
1.906984302061526648e+01
3.493729675479917063e+01
7.558536951646841473e+00
2.148799329042171991e+01
6.705290845037425562e+00
9.697904134558408273e+00
9.642231666518968680e+00
1.804161855456224473e+01
1.674905736639750486e+01
9.526252888239655547e+00
1.292329477727031772e+01
1.139023097197779855e+01
6.672059465435621561e+00
1.640946126409929562e+01
4.861491895299601396e+01
3.172831358873370178e+01
1.273416981234157319e+01
8.958083926983329448e+00
1.495547377613570106e+01
9.972323118176735335e+00
1.312115142342834595e+01
7.227716289301940655e+00
6.824734225821296185e+00
1.227604129852610804e+01
3.493199579246866904e+01
1.035851978705116139e+01
1.137491102267347287e+01
1.355065210688666788e+01
3.834738712870804278e+01
1.059903861217565257e+01
1.711809801429465239e+01
9.798256808017724140e+00
5.735508767506509287e+00
9.418885211138942282e+00
1.664422512584847880e+01
1.471399949739494595e+01
6.437531329355837606e+00
1.086862426631205558e+01
9.842387581787848561e+00
9.263299941294022233e+00
1.092279804042640912e+01
1.040607670596743084e+01
7.059516539041769789e+00
1.183718476682188481e+01
7.889843318727154831e+00
8.608203407883282310e+00
6.289054283045320659e+00
3.423419993197104816e+01
1.109126669769082696e+01
7.984545874376875574e+00
1.631029884875594504e+01
2.084441999957938307e+01
8.516950767584893001e+00
6.076128002324464816e+00
8.703638385904289620e+00
1.180718762956067991e+01
1.420746366779076197e+01
1.087971479645480244e+01
3.328185160556783728e+01
8.321812114260392690e+00
9.210202753790225572e+00
2.061141700038998437e+01
8.189981889598977105e+00
1.154929403885279093e+01
1.287124925775497175e+01
1.514386081389420902e+01
8.948862426672077319e+00
1.591278208381121040e+01
7.216135193314300977e+00
1.789950407427309997e+01
8.792718395181243096e+00
2.979373070528438916e+01
9.187703751143788011e+00
1.300656409125284796e+01
8.332843522348643006e+00
2.438015732711086869e+01
9.444247993618656523e+00
1.178082353258685622e+01
1.166578510464797525e+01
1.118166941739570319e+01
1.933981724229523991e+01
7.166430490746233950e+00
7.745640991884826576e+00
1.078505657526928196e+01
7.480525030132198161e+00
3.180822591871369909e+01
1.032299333808521347e+01
9.276729841680483091e+00
9.554481936037195311e+00
2.221686900215525284e+01
8.534013705749599055e+00
7.795864245696337846e+00
6.692048831682122945e+00
1.261829842293553305e+01
7.091837398424018168e+00
1.468522347150155838e+01
8.866228294865734938e+00
1.105176469358190694e+01
2.530514770164182536e+01
1.089962789595909243e+01
8.973560154377775433e+00
8.815564105098649961e+00
2.098739301712672045e+01
9.874076194909697790e+00
1.526201473397258823e+01
9.940265577416049325e+00
1.146480701020627180e+01
8.791197492410201875e+00
2.123020482337491188e+01
9.578955840760237095e+00
9.988559916964817376e+00
2.357729326780782486e+01
6.938788882708274208e+00
9.100517589777464167e+00
7.933668537608751237e+00
7.631133501455620305e+00
1.463530100195372974e+01
1.151454793802598786e+01
1.861815298033171473e+01
1.364578971766515281e+01
8.802088582680598350e+00
6.284796621814208173e+00
5.220064219050646770e+00
8.782170717797676218e+00
6.064397773638138922e+00
1.364150871026157752e+01
1.323475808111782825e+01
7.350079568658842710e+00
2.736757907880255303e+01
1.409809605458974602e+01
9.855744875342873357e+00
9.929147575036871842e+00
3.094519574429278208e+01
1.950913339201163055e+01
1.096526593100526803e+01
1.304371371541743230e+01
6.743162610967064374e+00
1.117550226024142823e+01
2.223021959303407868e+01
2.301218420129410447e+01
3.089276903863671109e+01
1.535058363245838287e+01
9.703993033658900202e+00
1.524592231126881714e+01
1.137565939354616518e+01
1.246248956801868779e+01
1.430082510128029227e+01
1.037436267276173751e+01
2.964659341943152526e+01
9.830412350513745068e+00
7.957545038701299589e+00
3.562852732106102849e+01
1.090809160258519839e+01
2.081267433843308723e+01
1.502184167035461115e+01
1.273315049444999758e+01
8.813352593859534068e+00
1.699855846755942324e+01
1.830745248148176785e+01
1.736702895721780138e+01
9.399843737842159541e+00
6.437183728404883709e+01
1.321627866974074550e+01
2.456571936726520278e+01
1.128443986035336621e+01
1.679281366800934805e+01
2.311703180802749102e+01
9.826491263633839068e+00
7.702039615235262815e+00
1.145284211842561817e+01
6.968724728762137666e+00
9.389768706235329887e+00
2.564799737940020918e+01
2.058519435845507317e+01
4.138352452623531263e+01
1.396859811305066756e+01
1.980914102687878042e+01
2.408422384411883499e+01
1.017455133982238458e+01
4.972380142674597181e+01
2.741369681958636306e+01
2.203693513103492307e+01
1.042638565606829282e+01
4.142900751561251838e+01
2.361266662823672036e+01
7.574916590548413708e+00
1.818324142473481686e+01
3.166416513870938587e+01
1.520623838102663861e+01
1.384694149184537437e+01
7.090257510181686484e+00
9.578489546693955248e+00
1.130767690829801531e+01
1.098958834100082882e+01
9.485236165350844573e+00
1.721664198816330682e+01
1.733614175812322244e+01
1.205133079901136561e+01
2.346207535050567117e+01
2.285004726697960820e+01
6.249969324527774006e+01
1.845972023365413150e+01
3.817893750220324023e+01
6.462994945873855812e+00
1.820542711411244596e+01
1.321478896317216467e+01
3.710766345863856941e+01
1.154929870921359303e+01
8.079096596323372736e+00
1.191800500229137327e+01
1.857921613378661974e+01
1.876544475689007285e+01
2.284870427023675177e+01
2.243491181985512029e+01
2.601326432769103292e+01
2.646459730084481166e+01
3.955567511512434464e+01
2.002618627448782362e+01
1.916066877276180591e+01
1.371218371619325893e+01
1.286254903044505049e+01
2.334581666873479477e+01
7.558137191796195253e+00
2.021718291724153005e+01
2.663833006938758530e+01
8.499661628636138389e+00
2.209985866872544236e+01
1.692337267283589242e+01
1.650910646600754816e+01
4.403219908445675124e+00
1.839813299434590732e+01
2.111283773254248786e+01
7.624619997233167190e+00
5.842504432266570014e+00
1.836128162395785068e+01
5.920307805953684444e+00
4.801908478615401066e+01
1.255355094113776815e+01
2.625736166044715247e+01
1.591767959219766659e+01
2.306837266564299682e+01
8.648616293234203667e+00
3.051543532645787593e+01
7.872105853862761293e+00
7.970213978688869716e+00
1.192745318960226975e+01
1.435427528846203238e+01
9.192313163947337884e+00
1.076863168221786005e+01
1.242226123517874292e+01
9.850735627364299418e+00
1.112664885086982913e+01
2.727345592222957649e+01
3.068487949933854964e+01
1.883652008869831107e+01
7.448496218997618712e+00
3.578406845320608198e+01
1.975991269171636233e+01
1.711405851915680643e+01
9.957501853945446513e+00
8.434983927014078731e+00
1.785474905535221879e+01
1.045670444475872074e+01
1.487421394495644655e+01
1.630753671749031852e+01
6.711716183030309146e+00
1.245279668755810931e+01
9.252955246019624269e+00
1.997368363965189175e+01
4.440526154984279827e+01
2.421063257827772830e+01
1.025853324579122727e+01
3.621593431180318845e+01
1.117757456439831643e+01
1.795253178341365796e+01
1.627700209443511170e+01
3.031064042310866569e+01
2.500069621487902793e+01
2.319907144973921120e+01
1.891459009549044268e+01
1.680342618759942397e+01
1.229174583972154267e+01
2.304561450184544569e+01
1.742977480338207386e+01
3.187435146766007676e+01
6.545353866335160831e+01
3.594541203384514461e+01
1.703386660522557605e+01
3.388316354608101477e+01
1.783691497730183073e+01
1.691818837269314812e+01
2.960464691549022831e+01
1.506801924076378363e+01
2.973839876924467163e+01
1.306681381085200577e+01
3.401119574019730152e+01
1.465125839219077442e+01
2.607128242715057453e+01
1.356433672992600314e+01
3.627668232889549671e+01
1.537984091187312607e+01
5.194721009931870981e+01
5.454181952782794696e+01
2.693707980770101784e+01
2.845999669333718174e+01
1.623143658564533709e+01
2.408227847421048295e+01
3.129027852119345354e+01
4.764081255928070391e+01
3.938919096421533084e+01
1.693647754139620432e+01
2.792525108054232064e+01
2.088380326055225567e+01
2.250312646234439384e+01
1.297156857024810073e+01
3.757578761221568442e+01
5.399411066523391867e+01
3.263454530083478033e+01
1.243540195231413570e+01
1.889913599768544472e+01
3.297685250223357656e+01
2.119450843066887558e+01
4.207820253212107531e+01
4.267342583222939822e+01
4.034616364381754750e+01
5.107884559620374887e+01
2.863773625432266812e+01
4.420408296327798325e+01
2.823310116052500618e+01
7.196646828100107030e+01
3.327690258422808256e+01
1.781441108093424219e+01
2.857700016473363291e+01
1.700863038869663058e+01
1.271722875246319084e+01
5.177783745262174619e+01
4.127964526272278789e+01
3.557199393723650616e+01
3.854060751769988258e+01
1.768059024186100459e+01
3.230459796683237528e+01
6.290734184820789210e+01
4.859239216481415014e+01
3.547680397234594807e+01
2.778106875048814572e+01
1.873088426753058400e+01
3.104861453102595803e+01
1.752138872146899828e+01
1.768077889721569207e+01
6.254953388141962733e+01
1.855529007839814781e+01
4.785667141496414700e+01
2.938340402358588577e+01
2.881311501938772324e+01
3.561265615402688667e+01
5.330207518769612562e+01
5.076221488757987288e+01
4.864055086592114208e+01
3.934847392234602381e+01
6.753444168633944855e+01
1.675927900724592945e+01
6.280075388557669669e+01
6.838095386557300515e+01
3.938725793618559834e+01
5.524639986528689661e+01
2.863170542937750440e+01
3.958695756175066549e+01
2.199516994460855202e+01
5.536247060186005342e+01
6.218748976294730824e+01
2.478914704387734247e+01
4.063856060768058853e+01
3.637682884036913578e+01
1.725652677829647175e+01
2.359906332299686582e+01
3.238475938577555979e+01
4.431831477108843131e+01
5.748068379214971912e+01
1.632123285466932217e+01
2.673400335506051562e+01
5.051299780384860583e+01
7.209369012055336157e+01
4.385889674725368081e+01
1.468862985339610994e+01
6.817379918480040146e+01
5.879044688816949815e+01
3.177068488651065437e+01
2.998089618858829652e+01
3.083886960329086335e+01
3.098253613367217696e+01
6.391871012258930307e+01
7.962918542627454599e+01
6.340698393200869987e+01
4.686995142899132816e+01
1.184326028739674115e+02
3.364241660226166886e+01
3.854467243981343216e+01
8.931611591268367079e+01
3.298435540206259731e+01
5.865220007021718374e+01
7.376550503282638260e+01
6.355790848867798815e+01
4.156777500314256457e+01
1.694945885360298377e+01
3.844014295250648416e+01
1.326130939131047910e+02
8.292364719261577477e+01
6.012947101761663760e+01
5.948740322866034091e+01
5.822626279890661749e+01
1.152686879053306370e+02
6.035890411300610481e+01
8.262812238606356630e+01
4.360313117861627319e+01
3.564395342708872505e+01
4.639317551097571624e+01
3.423551157418357604e+01
4.002008862273998346e+01
5.849353458436095110e+01
8.111187879123788491e+01
2.623574364680080606e+01
7.218793717650628139e+01
3.213797766228442043e+01
9.266692333690072303e+01
3.539915045299462548e+01
9.045563417320609290e+01
6.165256208762770740e+01
7.853926277156999447e+01
6.427186150989555813e+01
8.275415802075008287e+01
5.992135099783921959e+01
6.078439973160610066e+01
5.852028496162173354e+01
3.512097029127404113e+01
1.031600156490470397e+02
4.823381210278076736e+01
1.222813677613971919e+02
9.751824432873023341e+01
2.428063582248382701e+01
3.848627546765180085e+01
4.879751925323341766e+01
5.833470701992800400e+01
5.880499720896745686e+01
8.159201635556968313e+01
7.524106174002872649e+01
3.249523924545647446e+01
6.395275349858074776e+01
8.762295690580565122e+01
1.131170811498934370e+02
3.860173671601005907e+01
7.090504372905014918e+01
6.488937326776841985e+01
3.590703970209806783e+01
4.504217738657187908e+01
4.932522678034360553e+01
6.378304517696651743e+01
3.430696496743405532e+01
5.501073590907810029e+01
8.272566218433769336e+01
3.762169429816862731e+01
3.068746301131680454e+01
4.923721884593257414e+01
1.044525722230466158e+02
6.293846531154802193e+01
3.322923815857986796e+01
8.912511893034954369e+01
4.435847013365111025e+01
4.887750622953981150e+01
1.067305075773853815e+02
8.119370064968363465e+01
5.950084314010953079e+01
7.369960092832803866e+01
7.326335669503345116e+01
4.294736219554106782e+01
6.140023945007973794e+01
4.029311749762955941e+01
7.247056246555578696e+01
4.226524308344387748e+01
5.940851613597658343e+01
4.954520586917863767e+01
3.495996266081686343e+01
7.511852868529740590e+01
4.411192639343024524e+01
5.128680816099826956e+01
5.020977855022727709e+01
4.107884518586865852e+01
7.868509871285655777e+01
5.289837925456889423e+01
7.362414254631214305e+01
2.691194091593508375e+01
9.127129154261646704e+01
1.167275025456480932e+02
4.132719361678010728e+01
6.785608099440301544e+01
4.614620288411551741e+01
3.626356968002078673e+01
6.561311656253796798e+01
5.612202450870319126e+01
9.091346904676849761e+01
8.515350381702712923e+01
4.867976982006980080e+01
1.141369069672295211e+02
8.361349495663277764e+01
8.108873541398872931e+01
5.490692290435458034e+01
7.045870003439537754e+01
2.839552895438999514e+01
5.436309157182196827e+01
7.904222009612141164e+01
9.198994534417377622e+01
1.270418197362562722e+02
7.351063065665653085e+01
1.241804173185051354e+02
3.253080739726849657e+01
2.345727672370054862e+01
1.252682071284590251e+02
6.296142134636691168e+01
1.207061203418810038e+02
5.861325383074760254e+01
1.512137621238920531e+02
1.104993993655349556e+02
4.739197421228706020e+01
4.129161798732724975e+01
6.262614889479767299e+01
9.303253007844404010e+01
5.060608143699912631e+01
7.377498016821749616e+01
7.000804005522486761e+01
7.916458167483884267e+01
8.804377601995932423e+01
1.589687114606080343e+02
3.466029915497268377e+01
8.618226200644413382e+01
5.138506219762027882e+01
7.451725596020951059e+01
4.645512622389558999e+01
7.712577323115262118e+01
9.711334166463396400e+01
8.691474659156470750e+01
7.126021740808315030e+01
2.475294812646195197e+01
8.078135691797682227e+01
2.227432489197779830e+01
5.551444017138356912e+01
8.358037103554980263e+01
8.128992346407048331e+01
4.954471692101819258e+01
6.952987192465455735e+01
8.705782927584395736e+01
1.036576416179365623e+02
1.495849963250650205e+02
4.760405514642058478e+01
1.657269357934502523e+02
2.471113231819963474e+01
1.116728011369698805e+02
7.166289220720079811e+01
1.293980395768686833e+02
2.190431032533162892e+01
1.503734905789444269e+02
8.176376929501805080e+01
4.675299538117909748e+01
1.201944090235689941e+02
7.137363835153689706e+01
9.390711909407816904e+01
6.953849467664718986e+01
6.291639135797323235e+01
7.630283678760208943e+01
1.071585524272686030e+02
5.333543401010022933e+01
8.675771538523711968e+01
3.795849219347633152e+01
3.339270629522670930e+01
1.946627901499786049e+02
5.237727470634639104e+01
1.371605745220012409e+02
1.950403428790796170e+02
2.061960779353783835e+01
3.602227124676332437e+01
3.067192425152990509e+01
8.348578639473819862e+01
2.256637712244988947e+01
4.961242606835984503e+01
4.744964151414041709e+01
1.160185167551327936e+02
9.180168814109326547e+01
5.977373714257429071e+01
3.988426567343380924e+01
3.862443578571593150e+01
9.608079918840040534e+01
3.415476930848110015e+01
4.617045947018348784e+01
5.810746173030311468e+01
3.442254879580065818e+01
1.272286153151188302e+02
8.269265690983431227e+01
5.636063128431698033e+01
7.825207018533195935e+01
1.158009848500866070e+02
1.088862914077028989e+02
1.116752908383943890e+02
3.355597072611812592e+01
1.199200598829768722e+02
7.417842403107886184e+01
1.363941187624165821e+02
5.556597178977723672e+01
9.223736340204479234e+01
8.655012686352664275e+01
3.703354113886317833e+01
1.339501471883220063e+02
4.531456227645108470e+01
1.124315523223458655e+02
1.071607836518971624e+02
4.210078355813772788e+01
3.434035822065771271e+01
3.204305387917750636e+01
8.599985079746986116e+01
4.104872825998285180e+01
6.073645998977324467e+01
6.770683479976581509e+01
8.740901917693376788e+01
4.413352961182423684e+01
9.051740380805475183e+01
4.980634121371770107e+01
8.075681152123617323e+01
3.687555675392746224e+01
5.714268739023301436e+01
1.048255083880013956e+02
1.175119732434287130e+02
4.874088244292597949e+01
3.595716975959546602e+01
9.192150482794568234e+01
8.531200180230815988e+01
7.401833641930495844e+01
3.441234814206469395e+01
5.545958020715658421e+01
7.605476449347330004e+01
6.875661078247922831e+01
1.231365877133515738e+02
6.520296368148129318e+01
6.909185741779737100e+01
4.072907379774613901e+01
5.616902226561194311e+01
8.993246737751879039e+01
7.514543484581554367e+01
1.103181929562436778e+02
9.122136463882500834e+01
1.167057693543897017e+02
4.481681237150782948e+01
1.388141169000720367e+02
6.651425882219426455e+01
1.192657778719061668e+02
4.238392955015370234e+01
5.624189465261576970e+01
1.414541307699036565e+02
7.530721680129434503e+01
1.305057758179496830e+02
1.256669650940010143e+02
6.935487134484111493e+01
9.538358820048074449e+01
3.580695991111952736e+01
6.195089604921039950e+01
1.723103201669154600e+02
1.330161030330285143e+02
5.201706351475648660e+01
1.139390331702546177e+02
1.027812419181618964e+02
8.665864452666636453e+01
4.986335562532158860e+01
6.662110696665645548e+01
4.989610277006680406e+01
8.378180102643986515e+01
4.038680327467217523e+01
4.416363554835883320e+01
6.673069181225510249e+01
8.990363110869505192e+01
8.001202189982129198e+01
2.967045136145606676e+01
4.412258235133141682e+01
8.367815632958277661e+01
7.422573704241081316e+01
5.799604679844446764e+01
1.017813872406690336e+02
8.339597717036454583e+01
5.610950653187125425e+01
4.164153562538896125e+01
1.193284019880244529e+02
1.157152283616114090e+02
5.660064308636144403e+01
1.528487991030075648e+02
1.413689068320543072e+02
8.013654823854962217e+01
8.764728262504439726e+01
1.083684887970598396e+02
5.109466917326405166e+01
5.248197619602556330e+01
6.027814152812984361e+01
7.447756761770004630e+01
6.617171774601408174e+01
7.449881454567513117e+01
7.500148327299972095e+01
6.316210558063330183e+01
6.383451789023186507e+01
7.177555387270535903e+01
1.323749393031764896e+02
1.051389745378736791e+02
2.318379344872290631e+02
8.150233920866780579e+01
6.536583683917808685e+01
4.040976077239526632e+01
6.199208873400457520e+01
6.916958000409235297e+01
8.868007404125397386e+01
5.630431618855735110e+01
4.469795609462880748e+01
4.188836078296098719e+01
1.138938798333100522e+02
7.691126930558051811e+01
3.694005068293384397e+01
9.323333402401379999e+01
1.121641395234695864e+02
8.510683668026595683e+01
6.776396851729477078e+01
3.392882419033298902e+01
8.197390282510082216e+01
4.610035090269936120e+01
1.580394276037478960e+02
1.183267584982376519e+02
5.599969479297898545e+01
4.829381588667003200e+01
8.165548593681401712e+01
2.872358699225168621e+01
1.171298157130172655e+02
1.228500694819216363e+02
7.209709905827155296e+01
1.227288609264749795e+02
5.333396604361248450e+01
2.821153038675382518e+01
1.012176605571371510e+02
6.307946216649037297e+01
5.263503043331650844e+01
1.740583130629917150e+02
1.019923883241893918e+02
1.019940314440303126e+02
9.345890641535028465e+01
5.033133781497475923e+01
5.566596315219114643e+01
3.350160911434826971e+01
6.720890981992319269e+01
5.865161523077645001e+01
2.770770274479984963e+01
9.054444625904491772e+01
1.212799855927324444e+02
6.724392676703664051e+01
7.015612351230409161e+01
5.021547379921605625e+01
8.276938144284673626e+01
1.361997868790204507e+02
5.322317918749367749e+01
7.357879274245104284e+01
8.753114034895504858e+01
9.875625768308444208e+01
1.244628626476178823e+02
1.488206938347991013e+02
6.612100957500248910e+01
8.540330069274675395e+01
1.209234037253557830e+02
3.959211219798537940e+01
7.529662825737575815e+01
6.740924168964721730e+01
6.554535101394334617e+01
9.883237994210074362e+01
8.742671775961156300e+01
7.101658395775207566e+01
7.064192815076702914e+01
4.821886046648884872e+01
7.266143226290344614e+01
1.130331882013366567e+02
1.009892994755554554e+02
6.543725929184682855e+01
5.571716743929364668e+01
4.881847984562867993e+01
9.304548645708663912e+01
2.112715993568367594e+02
6.413851493858589947e+01
4.453364897624913255e+01
4.792688194707930904e+01
7.620856466427342468e+01
4.689527924280388760e+01
4.245249112917199596e+01
1.172456207284689356e+02
9.834229528436755174e+01
4.077019920886287707e+01
6.616642940602928036e+01
1.666736215537577834e+02
4.749675374300596076e+01
1.137118832890933078e+02
1.380860376882555158e+02
5.535905707251860974e+01
6.947749911613621521e+01
5.694247811154853878e+01
7.982431777964777098e+01
2.772874636861593345e+01
8.647461928676248988e+01
6.957796754337246625e+01
7.320379253496888339e+01
3.630216996455794742e+01
3.464035374303104931e+01
9.754254947245489404e+01
8.686391727738627822e+01
7.355160955488778995e+01
4.370764220926758270e+01
4.455269332974753382e+01
5.195534319875969942e+01
1.206509300805971208e+02
7.793187144424855717e+01
6.354250411861691106e+01
8.416558902513369844e+01
3.825517525210707959e+01
8.414499244500753150e+01
1.859030493010980933e+02
9.045467319966550690e+01
1.020904528098905075e+02
5.047050249840918212e+01
6.836045526165007402e+01
8.004512756044766775e+01
6.526824032280703136e+01
8.803517580529181430e+01
2.081043237151506844e+02
9.475497557753475064e+01
7.527957582608458154e+01
6.833163501104048976e+01
6.517088997328539790e+01
5.605083061210445550e+01
1.044277740893394650e+02
7.903101510321619116e+01
5.335711232812224836e+01
5.945115253594125448e+01
7.032224844339184244e+01
8.819516642308958865e+01
8.273269201321269861e+01
5.008107003658852108e+01
4.738500548626951314e+01
4.109992231755345671e+01
6.684772791844365258e+01
5.556908451280474992e+01
7.096519752205621501e+01
4.971254670982283130e+01
5.122933938043496482e+01
1.596329379211207993e+02
7.828734910742811337e+01
8.931868624840080884e+01
1.326125141915598249e+02
6.928836518709870518e+01
1.316532912733005105e+02
