2.685210223197936896e-01
6.540739417076110729e-02
6.407750225067138095e-02
6.358467841148376931e-02
6.413900375366210493e-02
6.379713892936705877e-02
6.381852769851684148e-02
6.368665790557861972e-02
6.383430814743042137e-02
6.415043401718140137e-02
6.388051104545593162e-02
6.352486515045166482e-02
6.369141483306885176e-02
6.393988180160523060e-02
6.321053385734558272e-02
6.337883925437927390e-02
6.366172194480895774e-02
6.370544028282165705e-02
6.371653938293457553e-02
6.369361162185668834e-02
6.379917335510254528e-02
6.375480270385741610e-02
6.381671237945556185e-02
6.395264792442321988e-02
6.366007709503174183e-02
6.373810744285583751e-02
6.357933092117309948e-02
6.385127186775207964e-02
6.375514674186706643e-02
6.358390545845031550e-02
6.403913116455077492e-02
6.444645667076111251e-02
6.396851181983947976e-02
6.384065556526184737e-02
6.466944527626038164e-02
6.509688472747802990e-02
6.489662218093872337e-02
6.469797515869141202e-02
6.478102779388428267e-02
6.473372960090637007e-02
6.483366084098815540e-02
6.480337119102477783e-02
6.429353332519531505e-02
6.458936667442322088e-02
6.459000897407531083e-02
6.480803537368774736e-02
6.489337301254272106e-02
6.485398650169373058e-02
6.496768951416015403e-02
6.428708457946777366e-02
6.505266022682189286e-02
6.481246352195739469e-02
6.502846884727478405e-02
6.493758368492126565e-02
6.493108987808227095e-02
6.496229457855225153e-02
6.482473683357238559e-02
6.461159253120422885e-02
6.484056425094604503e-02
6.471782374382019365e-02
6.478648567199707387e-02
6.471360754966735962e-02
6.528615427017211981e-02
6.503494524955749645e-02
6.513464283943176669e-02
6.511768174171447821e-02
6.526440191268921553e-02
6.482397484779357788e-02
6.490722751617430952e-02
6.492844486236572232e-02
6.496710252761840609e-02
6.482887077331543624e-02
6.511737632751464500e-02
6.575295686721802091e-02
6.500551056861877952e-02
6.474757218360900624e-02
6.477118301391601718e-02
6.570371603965759200e-02
6.501754570007324541e-02
6.504275560379028931e-02
6.501075005531310735e-02
6.476196789741515969e-02
6.484985637664794633e-02
6.492689466476440907e-02
6.500448584556579867e-02
6.516808629035950040e-02
6.440715193748473844e-02
6.500727128982543290e-02
6.489473915100098245e-02
6.428414511680602406e-02
6.486432743072509388e-02
6.539254593849182229e-02
6.645090150833130038e-02
6.518758916854858199e-02
6.578089690208435703e-02
6.533944511413573852e-02
6.560137891769408924e-02
6.540826320648193692e-02
6.552205920219421331e-02
6.587170267105102450e-02
6.573793220520018910e-02
6.577108502388000211e-02
6.579286098480224831e-02
6.475724172592163541e-02
6.447934579849243231e-02
6.499418973922729825e-02
6.552037453651428367e-02
6.556731557846069702e-02
6.558757996559143322e-02
6.570273900032043424e-02
6.606846666336059493e-02
6.611996722221374911e-02
6.503616285324097246e-02
6.583528399467468428e-02
6.567507219314575040e-02
6.562554550170898726e-02
6.541580986976623657e-02
6.576210093498230380e-02
6.481953859329223078e-02
6.543375635147094527e-02
6.572647571563720870e-02
6.564568543434143311e-02
6.494043684005737505e-02
6.592368316650390470e-02
6.627490663528443071e-02
6.589840483665466986e-02
6.596080899238586370e-02
6.661236071586608409e-02
6.575384521484374523e-02
6.583633971214294944e-02
6.613545989990234075e-02
6.565152525901794822e-02
6.533544206619262829e-02
6.587280249595642290e-02
6.630650615692137984e-02
6.549599099159240934e-02
6.596690797805786211e-02
6.561488914489746471e-02
6.639460873603821034e-02
6.614734768867493175e-02
6.582859277725219838e-02
6.583560538291931274e-02
6.604393410682678212e-02
6.571988463401794156e-02
6.620184803009032670e-02
6.611790037155151900e-02
6.599075770378112771e-02
6.551713657379150402e-02
6.546786689758300748e-02
6.526457190513611228e-02
6.527727580070495639e-02
6.504479146003723511e-02
6.524367856979369773e-02
6.484313583374023970e-02
6.469993925094603970e-02
6.457315993309020730e-02
6.516757988929748613e-02
6.544544482231140492e-02
6.526204228401183416e-02
6.634402728080748823e-02
6.637074518203735229e-02
6.633436512947082919e-02
6.570699214935302179e-02
6.535389757156372104e-02
6.632494592666625388e-02
6.650195598602294533e-02
6.600752258300780773e-02
6.584360694885253718e-02
6.612168955802917580e-02
6.490874624252319924e-02
6.597859930992126809e-02
6.630292201042174705e-02
6.604690980911255560e-02
6.634444141387939309e-02
6.621760892868042148e-02
6.644955468177794755e-02
6.639798283576965610e-02
6.591377210617065108e-02
6.534013533592224199e-02
6.556484627723693781e-02
6.642694687843322954e-02
6.616371440887451605e-02
6.536680483818053944e-02
6.619837641716003196e-02
6.630976200103759488e-02
6.679379487037659380e-02
6.608973836898804355e-02
6.602910375595093251e-02
6.514440822601318126e-02
6.561428904533386786e-02
6.548068451881408625e-02
6.480352544784545588e-02
6.581003284454345348e-02
6.618985843658446722e-02
6.555972528457641724e-02
6.590882587432861373e-02
6.558720612525939520e-02
6.611710095405579080e-02
6.578882074356079412e-02
6.621652579307556186e-02
6.594379496574401256e-02
6.623445487022400213e-02
6.588046789169312023e-02
6.613121771812438543e-02
6.606673598289489191e-02
6.626809072494506403e-02
6.644041419029235451e-02
6.709251379966735263e-02
6.594711518287658947e-02
6.590025210380553999e-02
6.627790689468383845e-02
6.591950702667236095e-02
6.559216690063476851e-02
6.538558578491210360e-02
6.594887447357178356e-02
6.548901510238647194e-02
6.570699882507324840e-02
6.593872618675232500e-02
6.604978132247925349e-02
6.578979778289795188e-02
6.587900733947753273e-02
6.595220756530761896e-02
6.618682527542114891e-02
6.616392755508422596e-02
6.662474083900452038e-02
6.586208915710449474e-02
6.596295142173766446e-02
6.532840275764464910e-02
6.393962502479552668e-02
6.537089800834655628e-02
6.645930433273315729e-02
6.626066446304321178e-02
6.535829377174377786e-02
6.615558147430419811e-02
6.570737171173095248e-02
6.634843850135803411e-02
6.674956917762756015e-02
6.655623960494995439e-02
6.667074441909789928e-02
6.598510527610779164e-02
6.641616320610047031e-02
6.589966654777526522e-02
6.551910924911498457e-02
6.602789735794067916e-02
6.636583209037780207e-02
6.593285632133484564e-02
6.571627163887024115e-02
6.645802426338195956e-02
6.504406499862670776e-02
6.590658569335937356e-02
6.624253869056700994e-02
6.623654246330261397e-02
6.682563161849976174e-02
6.592447948455811002e-02
6.596666216850280429e-02
6.591264557838440175e-02
6.625189971923828303e-02
6.615550732612610063e-02
6.596346569061278808e-02
6.570850968360901490e-02
6.554314970970154253e-02
6.507348465919494951e-02
6.552343750000000355e-02
6.511361074447631625e-02
6.528719091415405296e-02
6.515461993217468162e-02
6.503893113136291482e-02
6.490733528137207498e-02
6.487606310844420965e-02
6.463781213760376454e-02
6.464661383628844682e-02
6.487651109695434515e-02
6.470287799835204579e-02
6.483126640319823719e-02
6.488691735267639038e-02
6.458496642112732111e-02
6.464816069602966064e-02
6.448620438575744518e-02
6.410791373252869296e-02
6.492116999626160179e-02
6.466392588615417492e-02
6.479417896270751875e-02
6.466844630241394554e-02
6.479151797294616100e-02
6.574199509620666515e-02
6.469710111618041937e-02
6.443903660774230602e-02
6.504637408256530584e-02
6.482347464561462325e-02
6.432039594650268421e-02
6.453724050521850164e-02
6.502014350891113792e-02
6.488848018646239946e-02
6.453670978546142967e-02
6.488630557060241777e-02
6.483332824707031816e-02
6.504505753517150768e-02
6.506817793846129960e-02
6.477956318855285223e-02
6.483511209487914650e-02
6.513808083534240734e-02
6.488316512107848710e-02
6.481520700454711237e-02
6.522017216682433893e-02
6.476702547073363847e-02
6.477260255813598044e-02
6.410153627395630271e-02
6.455976963043212613e-02
6.471621680259705134e-02
6.448931431770324463e-02
6.427905511856078780e-02
6.456751656532287720e-02
6.401784324645995450e-02
6.416396284103394188e-02
6.425679826736449551e-02
6.667582249641418324e-02
6.638115930557250688e-02
6.684397125244140314e-02
6.711629414558410722e-02
6.699395895004273127e-02
6.679005479812621937e-02
6.593031692504883190e-02
6.580035591125488192e-02
6.666607403755188399e-02
6.702927255630493353e-02
6.680516314506530773e-02
6.707514238357543956e-02
6.739902853965759610e-02
6.644082474708556951e-02
6.706644654273986872e-02
6.672065663337707619e-02
6.637239217758178489e-02
6.681285691261291959e-02
6.720430541038513450e-02
6.706208539009093916e-02
6.644384360313415616e-02
6.709835791587830112e-02
6.721549654006958585e-02
6.695992398262023970e-02
6.639318370819091708e-02
6.574031209945678522e-02
6.617650318145751331e-02
6.671719598770141368e-02
6.602958655357360485e-02
6.457928490638732699e-02
6.641944122314452637e-02
6.677085471153258733e-02
6.687955760955810458e-02
6.660789942741393577e-02
6.716886949539184470e-02
6.618950128555298185e-02
6.668019962310790805e-02
6.665761947631836104e-02
6.652402877807617188e-02
6.651222515106201827e-02
6.691603755950928378e-02
6.726539230346680054e-02
6.667509746551514294e-02
6.632094359397888717e-02
6.700582003593444358e-02
6.700125455856323353e-02
6.752643179893492997e-02
6.632144403457641835e-02
6.687104511260986983e-02
6.695252251625061213e-02
6.611540031433105202e-02
6.624146199226380038e-02
6.542159438133239580e-02
6.693369102478027854e-02
6.610798144340515603e-02
6.475297284126281527e-02
6.642018079757690263e-02
6.639794421195983898e-02
6.716612052917481090e-02
6.711200857162476219e-02
6.717791604995727861e-02
6.690872526168822887e-02
6.739012575149536111e-02
6.703564596176148083e-02
6.674352288246154785e-02
6.762244296073913197e-02
6.759954977035521895e-02
6.698263072967529375e-02
6.668381118774413530e-02
6.645843577384948075e-02
6.679187369346618885e-02
6.711310863494873713e-02
6.688402915000915550e-02
6.691389346122741943e-02
6.691451263427734830e-02
6.692846274375915949e-02
6.802112507820129439e-02
6.693929123878479548e-02
6.629687857627868108e-02
6.606775569915770974e-02
6.664583349227905240e-02
6.758684515953064520e-02
6.735034918785094693e-02
6.757221579551696278e-02
6.689243125915526889e-02
6.689243555068970226e-02
6.667284250259399025e-02
6.635262656211853016e-02
6.724502944946289529e-02
6.714377093315124223e-02
6.736755275726317993e-02
6.765514898300170610e-02
6.725388145446777044e-02
6.709557795524596913e-02
6.748876571655273993e-02
6.686616206169128385e-02
6.689206171035766424e-02
6.712437725067138539e-02
6.646824622154236251e-02
6.676725077629089289e-02
6.503657937049865667e-02
6.671994853019713734e-02
6.691088914871215487e-02
6.726348066329955466e-02
6.697534966468811357e-02
6.717188358306884488e-02
6.764494943618774847e-02
6.768743205070495983e-02
6.764207148551941440e-02
6.709661841392516868e-02
6.746469044685363126e-02
6.667759776115417258e-02
6.651935863494873313e-02
6.566886091232300438e-02
6.729223775863647783e-02
6.738107776641845403e-02
6.727178859710693237e-02
6.792522883415222368e-02
6.761360645294189897e-02
6.705987191200256381e-02
6.695890140533447554e-02
6.688413858413695678e-02
6.728958368301390935e-02
6.662791275978088845e-02
6.723879241943359064e-02
6.672995781898498346e-02
6.693481850624084795e-02
6.701141119003295454e-02
6.690790534019469549e-02
6.665080714225768421e-02
6.638950061798096214e-02
6.724648714065552257e-02
6.564319419860839555e-02
6.663842010498047252e-02
6.658508515357970670e-02
6.494221997261047374e-02
6.629842615127563843e-02
6.655936050415038607e-02
6.693155932426451959e-02
6.748445439338683627e-02
6.703018665313720259e-02
6.668678951263427856e-02
6.656824326515198287e-02
6.661628413200378074e-02
6.648291659355164140e-02
6.651815462112427302e-02
6.651292037963867088e-02
6.650125145912171021e-02
6.697044730186461903e-02
6.636699628829956232e-02
6.658955717086792458e-02
6.662490916252136741e-02
6.628774619102477395e-02
6.667728710174559981e-02
6.717066645622253585e-02
6.788378810882568504e-02
6.695152902603149214e-02
6.784835910797118452e-02
6.707699298858642301e-02
6.753603672981262074e-02
6.746369433403015536e-02
6.769367575645446333e-02
6.742431664466858043e-02
6.752578377723693348e-02
6.675532674789429188e-02
6.838671565055846890e-02
6.744191074371337635e-02
6.537914848327636141e-02
6.648141288757324074e-02
6.730069231987000078e-02
6.672934699058533092e-02
6.639187955856323820e-02
6.560836958885192527e-02
6.780848670005798495e-02
6.745439171791076105e-02
6.773881959915160900e-02
6.719210481643676791e-02
6.728165912628174261e-02
6.733068490028380759e-02
6.707675957679748446e-02
6.749211263656616777e-02
6.667718863487243075e-02
6.631878900527954368e-02
6.734846925735474277e-02
6.765418505668639726e-02
6.744154930114745761e-02
6.789976000785827304e-02
6.777665829658507946e-02
6.764022684097290017e-02
6.750723171234131181e-02
6.700566554069518899e-02
6.794992709159851374e-02
6.751433324813842229e-02
6.775981354713439542e-02
6.756524515151977883e-02
6.761922240257263461e-02
6.778639507293701683e-02
6.804202604293822787e-02
6.783839821815490501e-02
6.818099761009216442e-02
6.806791901588439553e-02
6.786810326576232788e-02
6.774174666404723932e-02
6.744507336616516191e-02
6.607778906822205089e-02
6.695734310150146251e-02
6.756678438186645985e-02
6.780480384826660656e-02
6.742315602302551003e-02
6.536054682731629040e-02
6.679032492637634877e-02
6.796121311187744429e-02
6.814532876014708918e-02
6.705517816543579701e-02
6.761750006675720792e-02
6.737556195259093716e-02
6.788794660568236994e-02
6.792066192626952659e-02
6.841712045669555431e-02
6.786963987350463912e-02
6.815534877777099099e-02
6.755736756324767778e-02
6.816801118850708552e-02
6.699150753021240745e-02
6.827468395233154963e-02
6.809943962097167458e-02
6.828373742103577282e-02
6.706373357772826838e-02
6.678897118568420666e-02
6.760081505775451804e-02
6.789233112335205100e-02
6.757044267654419012e-02
6.746648383140564642e-02
6.793450498580932972e-02
6.765112280845642090e-02
6.736261653900146862e-02
6.663718485832213767e-02
6.758037233352660877e-02
6.726405787467956698e-02
6.693380045890807983e-02
6.711019182205199551e-02
6.664101195335388195e-02
6.582868266105651456e-02
6.677358078956603660e-02
6.653417563438415727e-02
6.683308911323547485e-02
6.674002337455749168e-02
6.634312725067138816e-02
6.641218543052673784e-02
6.790612316131591775e-02
6.732227921485900435e-02
6.771735644340515226e-02
6.765057587623596325e-02
6.832032155990599986e-02
6.758752727508544889e-02
6.780740690231323864e-02
6.800682282447814697e-02
6.837239003181456998e-02
6.782885885238647272e-02
6.780655741691589411e-02
6.797194766998290727e-02
6.741498446464538885e-02
6.793012166023254528e-02
6.714135456085204567e-02
6.643005704879760553e-02
6.751499652862548440e-02
6.747156810760497614e-02
6.749390602111816906e-02
6.686460709571838412e-02
6.608990240097045721e-02
6.687495160102843728e-02
6.598336529731750610e-02
6.685062646865844171e-02
6.573424983024597767e-02
6.642098498344421731e-02
6.676040267944335915e-02
6.653251695632934892e-02
6.695240283012390825e-02
6.688544011116027976e-02
6.639922165870666693e-02
6.710603737831115356e-02
6.700417280197143444e-02
6.721193623542785767e-02
6.666233968734741611e-02
6.690283727645873757e-02
6.642599248886107977e-02
6.642535829544067572e-02
6.663015818595886819e-02
6.628426051139831021e-02
6.641627502441406483e-02
6.686070990562438532e-02
6.623277783393860529e-02
6.636727762222290050e-02
6.627599048614501998e-02
6.670729160308837280e-02
6.654036641120911200e-02
6.651565504074097301e-02
6.650546765327453036e-02
6.646295285224915195e-02
6.643427157402038985e-02
6.675788760185241699e-02
6.649894356727599487e-02
6.638676047325134388e-02
6.655684161186217751e-02
6.639540028572082919e-02
6.601474714279174927e-02
6.700554084777832209e-02
6.641035795211791548e-02
6.664320015907287953e-02
6.682364368438720170e-02
6.683236885070800715e-02
6.834786343574524026e-02
6.813369369506835915e-02
6.840022397041320423e-02
6.806389355659485385e-02
6.817489576339721968e-02
6.854495978355407138e-02
6.813959026336670333e-02
6.775824952125548972e-02
6.794923305511474387e-02
6.815531945228577027e-02
6.863217973709107023e-02
6.831829595565795665e-02
6.830294775962829357e-02
6.819386506080626908e-02
6.814779806137084839e-02
6.721459555625915183e-02
6.883381843566895031e-02
6.873670077323913719e-02
6.865834569931029974e-02
6.922184944152831587e-02
6.878791928291320967e-02
6.848937821388244307e-02
6.897515344619750688e-02
6.871019029617309037e-02
6.881420469284058039e-02
6.896176290512084917e-02
6.906248188018798695e-02
6.862892031669616533e-02
6.781426954269409446e-02
6.823752641677856279e-02
6.801670360565185980e-02
6.852482247352599531e-02
6.830605387687682661e-02
6.806837821006775369e-02
6.811894893646240623e-02
6.827973914146423517e-02
6.826623988151550582e-02
6.836350178718567094e-02
6.821208167076110718e-02
6.840739774703979981e-02
6.834913992881774814e-02
6.827979326248169445e-02
6.858479762077331066e-02
6.837649631500243574e-02
6.812334060668945312e-02
6.853034615516662154e-02
6.814982318878173850e-02
6.837700414657592318e-02
6.839722776412963945e-02
6.856578683853149780e-02
6.781716537475586393e-02
6.710381484031677224e-02
6.805785083770751753e-02
6.756642842292785722e-02
6.837966966629027699e-02
6.829718446731566917e-02
6.912511730194091653e-02
6.849393582344055764e-02
6.866945886611938721e-02
6.843391108512877907e-02
6.845225286483765104e-02
6.817203450202942439e-02
6.857614469528197643e-02
6.841292524337769243e-02
6.841141080856323609e-02
6.829708719253539673e-02
6.865995645523070845e-02
6.871041893959045632e-02
6.887030243873595858e-02
6.779608607292175737e-02
6.892877674102783347e-02
6.865909433364868197e-02
6.833365130424499945e-02
6.834986782073974865e-02
6.848873424530028953e-02
6.903303885459899369e-02
6.837032818794250288e-02
6.877958893775940052e-02
6.853329110145568726e-02
6.915841627120972168e-02
6.824078822135924705e-02
6.841484594345093040e-02
6.898803734779357377e-02
6.821904730796814198e-02
6.855814170837402910e-02
6.876148033142090443e-02
6.852336645126343162e-02
6.920820736885070767e-02
6.840625000000000178e-02
6.874243187904358066e-02
6.831050419807434271e-02
6.878263378143310847e-02
6.835254096984863525e-02
6.865156745910644398e-02
6.902375173568725542e-02
6.873494696617125921e-02
6.851601266860961326e-02
6.832517385482787808e-02
6.877905273437499856e-02
6.852487730979919811e-02
6.868916821479797985e-02
6.953400182723999678e-02
6.955069303512573242e-02
6.901927590370178500e-02
6.848022484779357766e-02
6.822479867935180020e-02
6.773695540428160966e-02
6.857297539710999201e-02
6.886720943450927446e-02
6.856687211990356023e-02
6.848083615303039717e-02
6.810491204261780174e-02
6.802329945564269953e-02
6.783100438117981024e-02
6.757546997070312811e-02
6.851188635826110929e-02
6.890971374511718761e-02
6.823445057868957053e-02
6.757385230064391624e-02
6.899580407142638649e-02
6.820092153549194014e-02
6.786055612564087514e-02
6.821305751800536832e-02
6.832835292816162587e-02
6.894572186470031283e-02
6.936099076271057262e-02
6.886031460762023770e-02
6.875523614883423396e-02
6.887223362922668957e-02
6.882323408126830855e-02
6.897810578346252885e-02
6.895852375030517289e-02
6.871870160102844238e-02
6.871565890312195113e-02
6.890446400642394331e-02
6.870278525352478682e-02
6.836819624900818126e-02
6.888599920272826804e-02
6.920167541503906283e-02
6.866888594627380826e-02
6.845439577102660489e-02
6.908246874809265137e-02
6.917880368232727506e-02
6.930029702186583929e-02
6.875766539573668901e-02
6.864858531951904819e-02
6.848301792144775857e-02
6.864432787895202726e-02
6.818187141418456665e-02
6.779542946815490800e-02
6.846061110496520774e-02
6.889719176292419256e-02
6.816214323043823242e-02
6.885484743118286399e-02
6.923077583312987893e-02
6.918373656272888694e-02
6.852835345268248890e-02
6.818672943115233753e-02
6.914116048812865567e-02
6.916540026664734497e-02
6.913519668579101718e-02
6.966589283943176725e-02
6.893851923942566351e-02
6.854371833801269076e-02
6.895426774024963901e-02
6.902713489532470714e-02
6.834450531005858975e-02
6.857238459587097767e-02
6.853842091560363725e-02
6.909051561355590565e-02
6.870585155487060613e-02
6.885692858695983964e-02
6.877785801887512096e-02
6.898142123222350541e-02
6.919726133346557062e-02
6.904350256919861151e-02
6.847629356384277166e-02
6.914797520637512573e-02
6.902453565597534146e-02
6.902688646316527954e-02
6.908247280120849432e-02
6.883137440681456887e-02
6.885342717170715721e-02
6.910838437080382701e-02
6.940881037712097468e-02
6.806067824363708219e-02
6.880891132354736983e-02
6.955058121681213790e-02
6.907876515388489125e-02
6.918111419677734630e-02
6.882329559326172408e-02
6.839361262321472235e-02
6.920714282989501309e-02
6.901457834243773792e-02
6.897655272483825539e-02
6.891081476211548262e-02
6.937595748901367876e-02
6.870600414276123447e-02
6.911292648315429943e-02
6.916314363479614258e-02
6.897990441322326971e-02
6.891726183891296043e-02
6.858526897430419766e-02
6.848886227607726973e-02
6.829759669303893388e-02
6.816577029228210183e-02
6.837330198287963623e-02
6.751555252075194802e-02
6.797805714607238481e-02
6.788850855827331665e-02
6.792737603187561091e-02
6.812950277328491677e-02
6.760339546203612826e-02
6.780971670150756636e-02
6.745618081092834284e-02
6.757585310935973477e-02
6.777668452262877730e-02
6.803445816040039340e-02
6.825574398040772095e-02
6.832751750946045033e-02
6.842395353317261286e-02
6.731770372390746826e-02
6.798593783378600874e-02
6.789807987213135332e-02
6.794980788230896296e-02
6.769105482101440974e-02
6.788045382499695302e-02
6.797559046745300926e-02
6.809147715568542036e-02
6.806219148635864191e-02
6.773935317993164118e-02
6.773184847831725808e-02
6.772064781188964766e-02
6.771888756752014737e-02
6.792778801918029907e-02
6.824580740928649913e-02
6.820758295059203835e-02
6.789490723609924172e-02
6.739120483398437778e-02
6.760459256172179909e-02
6.747508263587952138e-02
6.706487178802490734e-02
6.745654749870300115e-02
6.710791659355164196e-02
6.692066431045531893e-02
6.719317770004272494e-02
6.694920516014099543e-02
6.678666448593140181e-02
6.677512574195862416e-02
6.935279464721680331e-02
6.919457054138183905e-02
6.894243526458740390e-02
6.948934292793274015e-02
6.911660242080688854e-02
6.928457641601562522e-02
6.907838964462280351e-02
6.902700018882751420e-02
6.895698523521423540e-02
6.937433552742004739e-02
6.935779595375060613e-02
6.954908871650695990e-02
6.967739915847778742e-02
6.907270860671997637e-02
6.924442744255066007e-02
6.997441077232360862e-02
6.920454096794127763e-02
6.961484313011169489e-02
6.934577822685242254e-02
6.837561702728271740e-02
6.943302440643310536e-02
6.954960346221923662e-02
6.934617042541503518e-02
6.930002593994140370e-02
6.901811313629149791e-02
6.901636886596679288e-02
6.851582384109497492e-02
6.976894617080688088e-02
6.895131182670592718e-02
6.923140215873718750e-02
6.893473911285399880e-02
6.868311405181884433e-02
6.956312918663025424e-02
6.873032855987548650e-02
6.739837908744812645e-02
6.795185828208923084e-02
6.857480597496032337e-02
6.804007840156554854e-02
6.805630707740784047e-02
6.758832240104675759e-02
6.762299084663390969e-02
6.756666302680969238e-02
6.749437451362609586e-02
6.911589360237122004e-02
6.839672589302063510e-02
6.752436923980713324e-02
6.778220224380493431e-02
6.790910983085632346e-02
6.778612422943115778e-02
6.777626562118529985e-02
6.766155433654785778e-02
6.769947576522826471e-02
6.775103521347046465e-02
6.768669462203980025e-02
6.780628347396851219e-02
6.787853145599365146e-02
6.810472321510314953e-02
6.786149501800536887e-02
6.798598027229309226e-02
6.768206810951232777e-02
6.817102718353271196e-02
6.776423168182373058e-02
6.814351224899292681e-02
6.984003806114197355e-02
6.952325868606566706e-02
7.007746410369873613e-02
6.965837168693542192e-02
6.984258747100829945e-02
6.963736653327941284e-02
6.987893581390380859e-02
6.930445170402527166e-02
6.990431356430053256e-02
6.845424771308898648e-02
6.814583086967468395e-02
6.993504071235656649e-02
7.007020688056946056e-02
6.934048175811767523e-02
6.998412322998047441e-02
6.966783285140991377e-02
6.966673612594603826e-02
6.977137947082519276e-02
7.008358263969421964e-02
6.958240485191345692e-02
6.978819298744201594e-02
6.956969285011291304e-02
6.974599552154540916e-02
6.963448762893677257e-02
6.989706087112426691e-02
6.964142417907714933e-02
6.980579638481140825e-02
6.997670865058898404e-02
6.976001787185669156e-02
7.007740092277527089e-02
6.978028774261474387e-02
7.019401979446411588e-02
6.990386891365051036e-02
7.064687108993530917e-02
7.023874330520629705e-02
7.055475497245788929e-02
6.985472726821899403e-02
7.075912022590637174e-02
7.007458996772765458e-02
7.044509077072143299e-02
7.063069963455199940e-02
7.053324031829834306e-02
7.045979094505309959e-02
7.003363084793090554e-02
7.003524017333984109e-02
7.048645186424255804e-02
6.972927236557006914e-02
7.037750720977782593e-02
6.871331238746643255e-02
6.879357242584228926e-02
7.070120429992675370e-02
7.025257444381713401e-02
7.056868624687194502e-02
7.051446843147278487e-02
6.962037849426269687e-02
7.026369380950928112e-02
7.048400831222534357e-02
7.014444899559020563e-02
7.031107521057128329e-02
7.067359709739684526e-02
7.000702524185180298e-02
