3.964487593173980917e-01
1.157472677230834968e-01
1.148867578506469755e-01
1.145437715053558292e-01
1.139698553085327082e-01
1.140336019992828354e-01
1.141802761554717993e-01
1.146051075458526664e-01
1.153685882091522175e-01
1.158340525627136186e-01
1.165411953926086402e-01
1.165843737125396712e-01
1.170136873722076448e-01
1.171247608661651618e-01
1.162024924755096500e-01
1.154694392681121784e-01
1.154630401134491002e-01
1.157736423015594540e-01
1.165360336303710997e-01
1.170741364955902031e-01
1.164179956912994446e-01
1.169637777805328377e-01
1.164690425395965567e-01
1.170646407604217509e-01
1.155399773120880103e-01
1.140676133632659850e-01
1.134612474441528268e-01
1.138651244640350307e-01
1.134813275337219207e-01
1.139510381221771201e-01
1.137038187980651816e-01
1.141046025753021248e-01
1.136647236347198553e-01
1.142630231380462602e-01
1.131429159641265808e-01
1.136645176410675112e-01
1.132347748279571575e-01
1.131319811344146664e-01
1.133772859573364267e-01
1.130182814598083563e-01
1.135690491199493474e-01
1.132851006984710723e-01
1.138863384723663302e-01
1.153075377941131657e-01
1.152248859405517606e-01
1.157613260746002265e-01
1.159527463912963935e-01
1.156855769157409675e-01
1.157226717472076422e-01
1.153811135292053258e-01
1.147856104373931874e-01
1.151367299556732143e-01
1.139011814594268757e-01
1.144603364467620815e-01
1.134063601493835449e-01
1.132276501655578582e-01
1.133342940807342547e-01
1.132979369163513161e-01
1.137060124874114952e-01
1.140823261737823474e-01
1.145192067623138493e-01
1.149960751533508352e-01
1.150516176223754933e-01
1.149835369586944545e-01
1.150513939857482903e-01
1.151856057643890346e-01
1.152011923789977993e-01
1.150513250827789324e-01
1.140938613414764352e-01
1.145738263130187951e-01
1.146498491764068595e-01
1.147546794414520260e-01
1.147872259616851826e-01
1.150348799228668173e-01
1.142153816223144547e-01
1.140445115566253720e-01
1.146453227996826196e-01
1.148615744113922060e-01
1.144650878906249974e-01
1.141434116363525403e-01
1.138300940990447929e-01
1.135561671257019067e-01
1.131928048133850062e-01
1.130134298801422077e-01
1.130836615562439001e-01
1.131985609531402648e-01
1.132339220046997136e-01
1.130374083518981970e-01
1.130005993843078566e-01
1.128455512523651172e-01
1.128429398536682088e-01
1.130914995670318640e-01
1.135820858478546191e-01
1.147571983337402346e-01
1.148925566673278803e-01
1.154343872070312527e-01
1.157434599399566610e-01
1.157522344589233393e-01
1.145492637157440180e-01
1.147166604995727562e-01
1.150353751182556089e-01
1.152489466667175333e-01
1.154963326454162553e-01
1.148583526611328121e-01
1.143136415481567358e-01
1.145529205799102751e-01
1.146677970886230413e-01
1.145321276187896697e-01
1.146399760246276794e-01
1.147615041732788083e-01
1.149689531326293923e-01
1.140968129634857137e-01
1.141256248950958258e-01
1.141769413948059142e-01
1.141588826179504440e-01
1.142129449844360295e-01
1.142123522758483889e-01
1.141635200977325487e-01
1.142517836093902561e-01
1.145773527622222926e-01
1.142354795932769840e-01
1.138803980350494433e-01
1.138013732433319075e-01
1.141930534839630113e-01
1.144684624671936102e-01
1.144670565128326351e-01
1.144055714607238733e-01
1.147090749740600629e-01
1.145927448272705124e-01
1.148379797935485808e-01
1.156510527133941674e-01
1.156598250865936289e-01
1.159772171974182142e-01
1.166695661544799867e-01
1.168269877433776860e-01
1.159128115177154583e-01
1.154319663047790462e-01
1.154459764957427997e-01
1.153112826347351128e-01
1.153157405853271478e-01
1.142030582427978475e-01
1.138645792007446228e-01
1.138967540264129580e-01
1.137621943950653108e-01
1.136858351230621289e-01
1.137279288768768271e-01
1.155582470893859875e-01
1.199043118953704856e-01
1.218573460578918494e-01
1.219108433723449653e-01
1.219035208225250216e-01
1.208569271564483710e-01
1.208777894973754874e-01
1.201707413196563684e-01
1.207549629211425724e-01
1.206010241508483904e-01
1.207297155857086218e-01
1.204477970600128234e-01
1.204926261901855533e-01
1.206648793220519988e-01
1.197666251659393333e-01
1.198169839382171586e-01
1.198483462333679167e-01
1.197170534133911168e-01
1.205136005878448546e-01
1.200724065303802462e-01
1.209687151908874492e-01
1.206118652820587223e-01
1.158521504402160590e-01
1.154017250537872352e-01
1.153716056346893309e-01
1.156046242713928279e-01
1.160848884582519475e-01
1.159790556430816688e-01
1.157810521125793440e-01
1.160394494533538851e-01
1.165140662193298315e-01
1.164479591846466072e-01
1.169010162353515681e-01
1.165797882080078091e-01
1.168446459770202672e-01
1.172786898612976081e-01
1.176824083328247006e-01
1.175814039707183817e-01
1.178589239120483440e-01
1.171964414119720521e-01
1.167424361705780012e-01
1.165016760826110831e-01
1.168203933238983194e-01
1.169865195751190190e-01
1.170545282363891632e-01
1.170802242755889927e-01
1.162325234413146974e-01
1.164120824337005616e-01
1.165972597599029548e-01
1.172625994682311990e-01
1.175208930969238313e-01
1.159243068695068324e-01
1.158115999698638848e-01
1.153829417228698778e-01
1.155313422679901114e-01
1.153690774440765399e-01
1.153786118030548091e-01
1.161450753211975134e-01
1.161432468891143849e-01
1.163561291694641120e-01
1.161961433887481743e-01
1.166875360012054469e-01
1.172498624324798538e-01
1.170482549667358346e-01
1.164565043449401899e-01
1.163371531963348360e-01
1.169621412754058842e-01
1.175326220989227344e-01
1.181956861019134580e-01
1.188045463562011766e-01
1.181463577747344923e-01
1.180758049488067618e-01
1.188681046962738047e-01
1.194124307632446341e-01
1.196125390529632626e-01
1.199963183403015138e-01
1.196327724456787145e-01
1.195792953968048133e-01
1.200375547409057581e-01
1.201760890483856148e-01
1.159908485412597667e-01
1.162851955890655542e-01
1.166310174465179511e-01
1.164658825397491410e-01
1.162564315795898418e-01
1.157915890216827393e-01
1.157523088455200133e-01
1.163366830348968456e-01
1.158902559280395456e-01
1.161179654598236133e-01
1.162134499549865724e-01
1.160546882152557330e-01
1.159963128566741941e-01
1.155636746883392380e-01
1.160049157142639120e-01
1.158297576904296911e-01
1.160864052772521970e-01
1.167172932624816889e-01
1.170681958198547395e-01
1.165402576923370292e-01
1.161385710239410396e-01
1.165279488563537580e-01
1.171526460647582951e-01
1.174574513435363704e-01
1.175889556407928443e-01
1.180669872760772704e-01
1.181409280300140391e-01
1.177219293117523213e-01
1.157875101566314680e-01
1.159725146293640180e-01
1.157064168453216524e-01
1.155254485607147275e-01
1.156513218879699767e-01
1.162014198303222695e-01
1.164111208915710460e-01
1.165586109161377004e-01
1.160723795890808152e-01
1.163669219017028772e-01
1.162832684516906800e-01
1.162589511871337938e-01
1.163529486656188910e-01
1.157758228778839049e-01
1.161980156898498595e-01
1.154842803478240976e-01
1.154020149707794124e-01
1.155190069675445519e-01
1.156601939201355039e-01
1.154545433521270703e-01
1.155458464622497600e-01
1.156663386821746853e-01
1.157440373897552499e-01
1.155745065212249734e-01
1.160650930404663050e-01
1.161410803794860891e-01
1.160510008335113585e-01
1.165841658115387008e-01
1.165618717670440646e-01
1.157987835407257027e-01
1.160444397926330556e-01
1.163503634929656944e-01
1.166462321281433040e-01
1.169483392238616914e-01
1.172555141448974603e-01
1.172106835842132572e-01
1.168980741500854487e-01
1.172142188549041703e-01
1.181012821197509749e-01
1.178453361988067577e-01
1.179015240669250425e-01
1.184272363185882582e-01
1.182286260128021238e-01
1.183725943565368671e-01
1.188481395244598421e-01
1.193124320507049502e-01
1.193767390251159605e-01
1.195128309726715132e-01
1.192201566696167031e-01
1.191129000186920139e-01
1.181589593887329148e-01
1.182018241882324266e-01
1.171948599815368641e-01
1.177027735710143991e-01
1.175258808135986321e-01
1.178424298763275091e-01
1.180164349079132063e-01
1.176161239147186233e-01
1.158912587165832481e-01
1.160653114318847684e-01
1.164129827022552521e-01
1.167061662673950229e-01
1.177657825946807901e-01
1.178091020584106502e-01
1.177889978885650613e-01
1.184310097694396963e-01
1.178257882595062228e-01
1.180938029289245600e-01
1.174324436187744181e-01
1.176896793842315686e-01
1.175634095668792733e-01
1.173743283748626687e-01
1.173389430046081483e-01
1.170729897022247251e-01
1.172556109428405796e-01
1.171510586738586379e-01
1.170103912353515629e-01
1.170218341350555413e-01
1.175113334655761704e-01
1.181405143737793012e-01
1.175421388149261448e-01
1.175906472206115772e-01
1.173645329475402899e-01
1.179420483112335188e-01
1.177443342208862320e-01
1.177525508403778065e-01
1.159880125522613492e-01
1.158302543163299558e-01
1.157241117954254106e-01
1.159173483848571773e-01
1.166274557113647498e-01
1.157299423217773432e-01
1.158150358200073227e-01
1.162788593769073509e-01
1.163369479179382354e-01
1.169444174766540584e-01
1.171538367271423298e-01
1.166967062950134276e-01
1.161376976966857905e-01
1.160035524368286108e-01
1.164924457073211739e-01
1.170453362464904806e-01
1.169720268249511697e-01
1.171954004764556856e-01
1.173276798725128162e-01
1.173295657634735173e-01
1.172564668655395465e-01
1.172745072841644282e-01
1.176781363487243715e-01
1.172923207283020075e-01
1.171213998794555650e-01
1.175759773254394513e-01
1.180311446189880320e-01
1.181552901268005384e-01
1.181355352401733394e-01
1.162418682575225848e-01
1.173421235084533693e-01
1.182877902984619117e-01
1.177419316768646279e-01
1.172691748142242474e-01
1.177085862159728963e-01
1.182016382217407208e-01
1.183258285522460901e-01
1.178841764926910340e-01
1.180272703170776316e-01
1.179157545566558857e-01
1.177814812660217259e-01
1.173187465667724638e-01
1.173184030055999805e-01
1.175570201873779308e-01
1.176013963222503622e-01
1.184971272945403997e-01
1.186204855442047068e-01
1.183864350318908631e-01
1.179146838188171453e-01
1.182382895946502699e-01
1.173451972007751448e-01
1.175589833259582523e-01
1.178140583038330136e-01
1.181468877792358346e-01
1.174527790546417289e-01
1.177176065444946323e-01
1.179131858348846373e-01
1.170834825038909871e-01
1.161399693489074680e-01
1.157794516086578379e-01
1.158687274456024208e-01
1.163222265243530340e-01
1.163881564140319819e-01
1.164678573608398382e-01
1.159806616306304911e-01
1.163358495235443102e-01
1.169224421977996808e-01
1.167022466659545926e-01
1.163768672943115284e-01
1.166263117790222181e-01
1.172117490768432579e-01
1.175270061492919987e-01
1.171842408180236855e-01
1.174930167198181136e-01
1.174811682701110832e-01
1.175602169036865235e-01
1.178278923034667969e-01
1.174981620311737057e-01
1.177988896369934063e-01
1.180611448287963855e-01
1.167330501079559268e-01
1.173656184673309288e-01
1.172522351741790703e-01
1.175375704765319884e-01
1.183486540317535418e-01
1.188214397430419900e-01
1.173198215961456237e-01
1.179863784313201908e-01
1.183622677326202355e-01
1.178809731006622286e-01
1.175255856513977015e-01
1.173292937278747616e-01
1.172740361690521177e-01
1.172383725643157959e-01
1.171884551048278794e-01
1.169371395111084011e-01
1.173353140354156526e-01
1.173078472614288298e-01
1.171430871486663777e-01
1.171963763236999467e-01
1.178335061073303158e-01
1.179450585842132526e-01
1.185077161788940375e-01
1.185638413429260241e-01
1.178113808631896936e-01
1.181470127105712919e-01
1.174962561130523664e-01
1.177805705070495562e-01
1.177838377952575705e-01
1.169123406410217253e-01
1.166964733600616422e-01
1.161454834938049352e-01
1.164500796794891296e-01
1.166620147228241006e-01
1.162515928745269794e-01
1.161366426944732688e-01
1.159568812847137503e-01
1.161020071506500273e-01
1.161184175014495917e-01
1.160013413429260287e-01
1.167870752811431823e-01
1.162630224227905323e-01
1.167758328914642318e-01
1.174486150741577140e-01
1.177671906948089542e-01
1.172614784240722657e-01
1.175340461730957076e-01
1.173017017841339049e-01
1.174507815837860097e-01
1.180784754753112786e-01
1.188279588222503624e-01
1.189509346485137925e-01
1.188640761375427263e-01
1.182259178161621099e-01
1.181061773300170897e-01
1.180787248611450263e-01
1.176795883178710922e-01
1.171200997829437290e-01
1.171459810733795209e-01
1.170026688575744600e-01
1.175678191184997556e-01
1.179919631481170655e-01
1.176090247631073060e-01
1.169209995269775426e-01
1.161253819465637160e-01
1.159006767272949268e-01
1.156271231174468977e-01
1.166583464145660443e-01
1.169074673652648888e-01
1.166238942146301250e-01
1.163636524677276601e-01
1.170895226001739536e-01
1.176630558967590306e-01
1.177564969062805111e-01
1.164950828552246131e-01
1.168129341602325427e-01
1.170142486095428480e-01
1.169695980548858677e-01
1.166155018806457472e-01
1.161232712268829292e-01
1.168725461959838896e-01
1.174152674674987795e-01
1.180101125240325954e-01
1.185548903942108129e-01
1.182722368240356481e-01
1.187195470333099329e-01
1.187321758270263733e-01
1.182809445858001712e-01
1.182570950984954822e-01
1.196404554843902568e-01
1.185145349502563505e-01
1.191672346591949455e-01
1.165201187133789035e-01
1.161778693199157775e-01
1.161780128479003860e-01
1.161191525459289581e-01
1.165817310810089158e-01
1.164470677375793461e-01
1.163938665390014671e-01
1.164164357185363818e-01
1.164939532279968271e-01
1.165218706130981413e-01
1.168475089073181122e-01
1.168682737350463935e-01
1.168190920352935730e-01
1.170428054332733198e-01
1.175786809921264692e-01
1.184385771751403776e-01
1.187763879299163772e-01
1.178189604282379177e-01
1.176766548156738257e-01
1.181595709323883109e-01
1.177665042877197310e-01
1.176662080287933371e-01
1.177354283332824741e-01
1.175713391304016170e-01
1.178442583084106376e-01
1.179756565093994097e-01
1.189215297698974633e-01
1.187077481746673518e-01
1.185837385654449488e-01
1.158565468788146924e-01
1.160810897350311316e-01
1.132588262557983338e-01
1.115887398719787593e-01
1.111965427398681622e-01
1.115995116233825662e-01
1.111689283847808879e-01
1.105754888057708801e-01
1.109321072101593086e-01
1.113322498798370308e-01
1.114217786788940373e-01
1.116571640968322815e-01
1.113347837924957284e-01
1.116113722324371393e-01
1.116590585708618216e-01
1.116867284774780283e-01
1.120848941802978505e-01
1.150598990917205827e-01
1.158130159378051721e-01
1.159236311912536649e-01
1.161716058254241984e-01
1.158743839263915998e-01
1.166732592582702677e-01
1.170178079605102561e-01
1.167467703819274893e-01
1.166791090965270949e-01
1.162066557407379214e-01
1.170990202426910459e-01
1.169626443386077852e-01
1.126928019523620594e-01
1.126856138706207322e-01
1.120642414093017541e-01
1.124454710483551029e-01
1.126737720966339146e-01
1.123722362518310564e-01
1.121767828464508010e-01
1.118538408279418916e-01
1.118827996253967255e-01
1.115722284317016560e-01
1.117904996871948303e-01
1.122072994709014948e-01
1.132483425140380917e-01
1.132406558990478457e-01
1.120357828140258749e-01
1.121957001686096217e-01
1.124800360202789368e-01
1.124824376106262208e-01
1.123041217327117869e-01
1.134027645587921129e-01
1.138655669689178501e-01
1.138145127296447817e-01
1.143144385814666708e-01
1.139460897445678661e-01
1.135557441711425725e-01
1.141526820659637398e-01
1.135352377891540587e-01
1.140377411842346256e-01
1.115924944877624558e-01
1.106407351493835511e-01
1.116303045749664352e-01
1.122517178058624332e-01
1.115991897583007847e-01
1.120453886985778857e-01
1.116805846691131532e-01
1.123665137290954658e-01
1.126023797988891656e-01
1.134240701198577922e-01
1.123253297805786172e-01
1.121665353775024437e-01
1.118687913417816121e-01
1.125931193828582783e-01
1.127586336135864287e-01
1.150402879714965826e-01
1.141157972812652521e-01
1.142226498126983625e-01
1.137644591331481991e-01
