2.702400627136230526e-01
6.831125926971436113e-02
6.680705785751342440e-02
6.636871027946472656e-02
6.655138731002807617e-02
6.646234822273254517e-02
6.661656713485718251e-02
6.662662625312805453e-02
6.660258936882018643e-02
6.691871023178100342e-02
6.654326987266540039e-02
6.661404657363891035e-02
6.655141234397887740e-02
6.687973070144653809e-02
6.623577117919922375e-02
6.664078855514526945e-02
6.644526624679565618e-02
6.702344679832458740e-02
6.703511929512023793e-02
6.664996695518493608e-02
6.702874422073364091e-02
6.685186195373535312e-02
6.740859627723694292e-02
6.676324319839477273e-02
6.718066692352295255e-02
6.748461699485779064e-02
6.771860766410828236e-02
6.754719090461730469e-02
6.758400750160217796e-02
6.723225951194762573e-02
6.767004728317260742e-02
6.751744747161865512e-02
6.780617332458496738e-02
6.765474414825439764e-02
6.800720405578612737e-02
6.772849702835083419e-02
6.813104248046875089e-02
6.796946525573729914e-02
6.788005900382995672e-02
6.779456758499145808e-02
6.798665332794188998e-02
6.783695125579833340e-02
6.756381487846374601e-02
6.786406803131103671e-02
6.814289069175720470e-02
6.857267379760742521e-02
6.881503796577453924e-02
6.805065250396728771e-02
6.797907686233520264e-02
6.812317538261412897e-02
6.819716835021973067e-02
6.838638496398925792e-02
6.839168047904968517e-02
6.794633936882019110e-02
6.868230438232421353e-02
6.795160818099975353e-02
6.880368041992188100e-02
6.807829236984253019e-02
6.801511073112487260e-02
6.788342761993408636e-02
6.791992282867431729e-02
6.864086532592773848e-02
6.791803669929503962e-02
6.809901881217957087e-02
6.852766299247742277e-02
6.851893281936645430e-02
6.842427611351013794e-02
6.808063411712646229e-02
6.770928692817687611e-02
6.870235633850098333e-02
6.819297575950622470e-02
6.839538073539733198e-02
6.887489867210387640e-02
6.833951210975647284e-02
6.863392543792724843e-02
6.862297821044921475e-02
6.809251403808594394e-02
6.868029880523682240e-02
6.855868792533874323e-02
6.887290716171264038e-02
6.823519706726073608e-02
6.894315505027770463e-02
6.880312657356262018e-02
6.840496039390564498e-02
6.794689345359802846e-02
6.886882710456848633e-02
6.892234683036804754e-02
6.877029466629028254e-02
6.883728909492492498e-02
6.814257502555846890e-02
6.830844521522522195e-02
6.720694351196289384e-02
6.850408530235289895e-02
6.784768986701965321e-02
6.910077857971191895e-02
6.833940601348877097e-02
6.914903974533080644e-02
6.877040672302246749e-02
6.910490417480469327e-02
6.882487154006958208e-02
6.884688043594359985e-02
6.871038937568664517e-02
6.841676735877991189e-02
6.886833691596984386e-02
6.908596587181091431e-02
6.906604266166686823e-02
6.878248691558837280e-02
6.911203932762145785e-02
6.874824070930481146e-02
6.783264994621276966e-02
6.844299578666687700e-02
6.864474940299987449e-02
6.860782408714294345e-02
6.875682449340819735e-02
6.818365049362182240e-02
6.822004771232605125e-02
6.837066817283631026e-02
6.864061236381530096e-02
6.857043576240540173e-02
6.818152904510497991e-02
6.832554388046264970e-02
6.714560365676880416e-02
6.806868839263915949e-02
6.815488862991332664e-02
6.837878465652465210e-02
6.836764693260193038e-02
6.835947561264038574e-02
6.831840801239014160e-02
6.834042096138000233e-02
6.877033257484435613e-02
6.769048023223876720e-02
6.825889086723327392e-02
6.855852460861205921e-02
6.679373884201049438e-02
6.814808559417724620e-02
6.840390372276305975e-02
6.840176796913147172e-02
6.828519940376281960e-02
6.847884583473205777e-02
6.777511620521545210e-02
6.880284070968628596e-02
6.880283308029175315e-02
6.847636294364929654e-02
6.830720472335814752e-02
6.893042898178100564e-02
6.850285983085632746e-02
6.765917730331420799e-02
6.823130202293395397e-02
6.869101405143737682e-02
6.918465566635131903e-02
6.827781176567077059e-02
6.843396234512329201e-02
6.883906126022339145e-02
6.865110468864440985e-02
6.896111631393432584e-02
6.872650098800658913e-02
6.888027048110961781e-02
6.910852360725402987e-02
6.825056934356689420e-02
6.897173428535460782e-02
6.816931343078613814e-02
6.833183193206787687e-02
6.839984488487244052e-02
6.858132982254028231e-02
6.811280465126037797e-02
6.850076985359192239e-02
6.810976457595825651e-02
6.821574878692626687e-02
6.893845081329345870e-02
6.862187099456787398e-02
6.855709362030029674e-02
6.922308635711670044e-02
6.862130308151245806e-02
6.918536114692687422e-02
6.807357931137085483e-02
6.879353213310242243e-02
6.908740472793578613e-02
6.761643576622008989e-02
6.905592274665832420e-02
6.856259322166442793e-02
6.807093214988708951e-02
6.861985635757446300e-02
6.816637349128723544e-02
6.817781043052673073e-02
6.889001989364623713e-02
6.875127387046814365e-02
6.850966119766235818e-02
6.839313936233520907e-02
6.839700746536254983e-02
6.822074794769286687e-02
6.854999661445618231e-02
6.898246908187866122e-02
6.775800991058349154e-02
6.906186699867249146e-02
6.889789819717406782e-02
6.868084216117859020e-02
6.913823556900024203e-02
6.828263139724731479e-02
6.795362377166748458e-02
6.773242306709290061e-02
6.924033832550048617e-02
6.887626957893371038e-02
6.923996257781982189e-02
6.806336021423339822e-02
6.828799176216125699e-02
6.869388985633849420e-02
6.894626116752625156e-02
6.899549961090087336e-02
6.911080479621886652e-02
6.919690465927123835e-02
6.795988416671752685e-02
6.860946345329284324e-02
6.861545348167419345e-02
6.885230755805969716e-02
6.841034531593322143e-02
6.776364064216613969e-02
6.751917123794555498e-02
6.830807161331177435e-02
6.832256484031677679e-02
6.805617475509644076e-02
6.838691568374634377e-02
6.797858953475952037e-02
6.793110489845276267e-02
6.758003783226013139e-02
6.789664435386658092e-02
6.798505496978760054e-02
6.837846565246581687e-02
6.788141798973083840e-02
6.780364060401916637e-02
6.667444610595703314e-02
6.733728790283202703e-02
6.724345970153808305e-02
6.739537048339844238e-02
6.750437140464782271e-02
6.710092377662658925e-02
6.747351479530334928e-02
6.721678972244263250e-02
6.733796620368957819e-02
6.747431826591492043e-02
6.723134541511535667e-02
6.733630132675171021e-02
6.685826992988586071e-02
6.714567112922668890e-02
6.712615847587585782e-02
6.709306907653808660e-02
6.752628087997436523e-02
6.715312337875366244e-02
6.711310529708862382e-02
6.774771380424499112e-02
6.755541753768920521e-02
6.705661892890929510e-02
6.739196777343750555e-02
6.738001680374144930e-02
6.720908808708191129e-02
6.871840095520019565e-02
6.860012412071228582e-02
6.769998216629027898e-02
6.770687484741211293e-02
6.883387541770935592e-02
6.957252740859985740e-02
6.889080452919006670e-02
6.894649505615234319e-02
6.868167090415953913e-02
6.755534529685974787e-02
6.899857258796691928e-02
6.822499442100525557e-02
6.883787441253662320e-02
6.850957012176513150e-02
6.669140982627869141e-02
6.829278564453125644e-02
6.890866804122924849e-02
6.866920042037963356e-02
6.878746247291564475e-02
6.879765105247497015e-02
6.867760801315307695e-02
6.773475360870361006e-02
6.809313631057739569e-02
6.879999971389770541e-02
6.651808571815490123e-02
6.756408476829528498e-02
6.908906698226928433e-02
6.889506149291992065e-02
6.857546925544738547e-02
6.924417614936828613e-02
6.909986925125122248e-02
6.970371699333191562e-02
6.883719944953918535e-02
6.919547438621520552e-02
6.866132783889770941e-02
6.869412708282471303e-02
6.967100524902343495e-02
6.845600581169128396e-02
6.931891250610351662e-02
6.914216089248657882e-02
6.938900613784790283e-02
6.890111446380614568e-02
6.958126115798950184e-02
6.971782112121581443e-02
6.942009639739990523e-02
6.946932554244994451e-02
6.973802137374877919e-02
6.929246830940247182e-02
6.850266885757445856e-02
6.879181146621704546e-02
6.732765626907348533e-02
6.940293884277343173e-02
6.990377545356750433e-02
6.902891135215759311e-02
6.963378977775573631e-02
6.945128774642944647e-02
6.934927511215209506e-02
6.960470890998840532e-02
7.012299227714538508e-02
6.929083800315856412e-02
6.876807022094726107e-02
6.914859795570373058e-02
6.939609360694885820e-02
6.946965432167052923e-02
6.922531414031982133e-02
6.902363252639770463e-02
6.897613048553466464e-02
6.955977272987365345e-02
6.937440371513366177e-02
6.954135775566100408e-02
6.984200954437255748e-02
6.967533779144287343e-02
6.930799961090088057e-02
6.985153961181640725e-02
6.987427997589111539e-02
6.990254044532775990e-02
6.966150903701781583e-02
6.951928353309631825e-02
6.967500424385070223e-02
6.895148372650146407e-02
6.969008994102478260e-02
6.947736573219299994e-02
7.043226861953735818e-02
6.967278718948363703e-02
6.969744801521300659e-02
6.944166398048401412e-02
6.998707723617553222e-02
6.933719754219054565e-02
6.912879586219787542e-02
6.930626845359802446e-02
6.933122491836547774e-02
6.944742250442505205e-02
7.026769351959229193e-02
6.959083080291747492e-02
6.961126589775085138e-02
6.965404367446899336e-02
6.946563982963561978e-02
6.908436346054076804e-02
6.906748104095458696e-02
6.974244880676269687e-02
6.934602499008178655e-02
6.904475688934326449e-02
6.952670717239380072e-02
6.960787034034729426e-02
6.936990284919739014e-02
7.015019202232361528e-02
6.975328588485717185e-02
6.984936690330505182e-02
6.915485501289367343e-02
6.881903910636902322e-02
6.767523002624512007e-02
6.821808028221131026e-02
6.807443070411682562e-02
6.850495004653930908e-02
6.840096974372864014e-02
7.008315563201904241e-02
6.941141939163207597e-02
6.925981330871582020e-02
6.948974251747130904e-02
6.927847743034362682e-02
6.815462040901183738e-02
6.929072332382202326e-02
6.933985280990601074e-02
6.968064737319946966e-02
6.960568904876708596e-02
6.990109944343567139e-02
6.974862885475158203e-02
6.952751398086548518e-02
7.005513715744018932e-02
6.830676507949828835e-02
6.920045781135558682e-02
6.962634396553039895e-02
7.002248525619507447e-02
6.964480900764465077e-02
6.964257049560547419e-02
6.947179436683655063e-02
6.974424004554748147e-02
6.977205824851989702e-02
6.963809299468994019e-02
6.961812639236450440e-02
7.001605319976807185e-02
6.991436982154845825e-02
7.036774826049804754e-02
6.961615538597107355e-02
6.996541166305542125e-02
6.977886581420898737e-02
6.927927017211914229e-02
7.028140497207641113e-02
7.016225695610046886e-02
6.993943476676940663e-02
6.974293732643127575e-02
6.962242269515991899e-02
7.000311493873595525e-02
7.040173196792602617e-02
7.043217468261718517e-02
6.983233261108398593e-02
7.000137329101562000e-02
6.996909880638121915e-02
6.919397258758544500e-02
7.031286549568176170e-02
7.019679999351501054e-02
6.984592008590698176e-02
7.000676727294921631e-02
6.986621880531311557e-02
7.041332483291626310e-02
6.975803017616272195e-02
7.015032792091369096e-02
6.953061699867248147e-02
6.985214138031005382e-02
6.984300875663757013e-02
6.930205583572388028e-02
7.047246408462524980e-02
6.984795689582824763e-02
6.990968227386475109e-02
7.007562303543091176e-02
6.996018481254577537e-02
7.039019989967346125e-02
6.988875079154968639e-02
7.017953062057495639e-02
6.996341204643249934e-02
6.983720445632934926e-02
7.015989255905151489e-02
6.994789719581603893e-02
7.038482451438904386e-02
6.945860505104065052e-02
7.004669260978699241e-02
7.051819634437561657e-02
6.981937122344970825e-02
6.978339290618897073e-02
6.981272149085998580e-02
7.040509772300719560e-02
6.982428693771362826e-02
7.011198544502258989e-02
7.004051280021666992e-02
6.968664693832397894e-02
7.009169840812683183e-02
6.937448453903198586e-02
6.966017270088195601e-02
6.978094887733458929e-02
6.851645350456238293e-02
6.901644301414490423e-02
6.952698326110839933e-02
6.943888163566588889e-02
6.954213047027588135e-02
7.028139686584472523e-02
6.998401808738707874e-02
7.030552816390990556e-02
7.035236954689025324e-02
6.976652479171753518e-02
6.970563936233520330e-02
7.020052313804626964e-02
7.043701505661011109e-02
7.003223752975464012e-02
6.988034248352051336e-02
7.071515560150146151e-02
6.995261883735656716e-02
7.010304903984070080e-02
6.965028095245361095e-02
6.893121790885925471e-02
6.975982856750488625e-02
7.011584925651549727e-02
6.992466831207275191e-02
7.046873998641968451e-02
6.950999498367309293e-02
6.999333572387694824e-02
6.969490599632263694e-02
6.932640337944030728e-02
6.895618319511413741e-02
6.902990937232970914e-02
6.910070919990539406e-02
6.944417095184325650e-02
6.972494435310364058e-02
6.905325722694397039e-02
6.875820732116699752e-02
6.873968195915222679e-02
6.854880547523498069e-02
6.867170071601867709e-02
6.836670112609863348e-02
6.827299737930297985e-02
6.814325904846191273e-02
6.837012887001037154e-02
6.793219566345215510e-02
6.784953665733337025e-02
6.811490345001221247e-02
6.826323699951171442e-02
6.785643148422240700e-02
6.801898407936096680e-02
6.830356574058532582e-02
6.819946694374084961e-02
6.846663165092468917e-02
6.828416228294371948e-02
6.799575281143188654e-02
6.803475689888000000e-02
6.835287332534789595e-02
6.816972851753234919e-02
6.858146786689758856e-02
6.822820758819579667e-02
6.837709760665892922e-02
6.917459940910339333e-02
6.898488736152648404e-02
6.939613890647888805e-02
6.894016957283019553e-02
6.871826434135437645e-02
6.939286708831787776e-02
6.988189721107482266e-02
6.944989132881164429e-02
6.976423621177672840e-02
6.949086689949035556e-02
6.910080742835998657e-02
6.834811663627624045e-02
6.856146001815796587e-02
6.864334702491760309e-02
6.904752779006957664e-02
6.880216050148010853e-02
6.825727200508117931e-02
6.912048554420471835e-02
6.853203392028808794e-02
6.865478992462158148e-02
6.878249549865722567e-02
6.838436341285705766e-02
6.888645195960999001e-02
6.835677194595336792e-02
6.900257778167724620e-02
6.917036366462707420e-02
6.816590690612793491e-02
6.865345573425292447e-02
6.731170701980590532e-02
7.002155804634094260e-02
6.933968782424926314e-02
6.943112611770629883e-02
6.990605473518371471e-02
6.942499876022338590e-02
6.994180297851562700e-02
6.987957406044006947e-02
6.946548175811767534e-02
6.949847173690795743e-02
6.801828360557556075e-02
6.793066596984863315e-02
6.971543812751769542e-02
6.957571625709534080e-02
6.969911456108093817e-02
6.914371585845947854e-02
6.951961874961852528e-02
6.933008742332458230e-02
6.948716855049133501e-02
6.976863884925842141e-02
6.944215273857116955e-02
6.921988749504089100e-02
6.940630435943603849e-02
6.935425591468810658e-02
6.949538493156433294e-02
6.929028487205504683e-02
6.971491384506225963e-02
6.920409035682678622e-02
6.938017654418945912e-02
6.749793863296509044e-02
6.917695069313049838e-02
6.968553876876830422e-02
6.988468122482299760e-02
6.990663361549377675e-02
6.909960150718688632e-02
6.934317135810852406e-02
7.036373281478881803e-02
6.963560533523559248e-02
6.964484524726867465e-02
6.993638968467712214e-02
7.062957215309143000e-02
7.041575264930724498e-02
6.978041911125183738e-02
7.023703527450561590e-02
6.946680259704589300e-02
6.958946514129638050e-02
6.913262581825256603e-02
6.848812603950500677e-02
6.935223054885863991e-02
6.906247162818908436e-02
6.945589923858642989e-02
6.843560171127319181e-02
6.939498281478881370e-02
7.049162840843201105e-02
7.016417026519775058e-02
6.989031171798705533e-02
7.005666565895080078e-02
6.988951086997985396e-02
7.078234314918517567e-02
6.993396234512329335e-02
6.998687553405762152e-02
7.025702357292175348e-02
7.057869076728820468e-02
7.056735634803772139e-02
7.074479246139527000e-02
7.047302412986755638e-02
6.987959837913512717e-02
7.052102923393249734e-02
7.030965948104858643e-02
7.068827414512633689e-02
7.010712194442748901e-02
7.032442736625671431e-02
7.008185648918151267e-02
7.028930926322937700e-02
6.996674990653992121e-02
7.025597023963928156e-02
6.919232606887817938e-02
7.042285990715026200e-02
7.039651322364806618e-02
7.007172465324401633e-02
7.021235036849975131e-02
7.049692964553833097e-02
6.965797591209411943e-02
7.076307034492493320e-02
6.956140518188476396e-02
6.915240263938904342e-02
6.983662819862365700e-02
7.021019577980042170e-02
6.987453556060790882e-02
7.029632854461670410e-02
7.023683261871338512e-02
7.063175845146178744e-02
6.996403479576110418e-02
7.045225358009338246e-02
7.039562058448790849e-02
6.982832717895508245e-02
7.017686963081359863e-02
7.022845315933227972e-02
7.033423709869385254e-02
7.028438162803650469e-02
6.989246273040770896e-02
7.000534200668334650e-02
6.915255403518676125e-02
7.039446377754211837e-02
7.044647955894470237e-02
7.023552989959716553e-02
6.994733357429504250e-02
7.041624641418456343e-02
7.027759575843811612e-02
7.052341389656066606e-02
7.039719629287720382e-02
7.018627882003784790e-02
7.020950102806090831e-02
6.993444204330444280e-02
7.017155814170837613e-02
7.107486581802367753e-02
7.001240539550780684e-02
6.994525361061096347e-02
7.029411435127258523e-02
7.032046604156494407e-02
7.023249006271362060e-02
7.001286625862121471e-02
7.085184240341187156e-02
7.045875954627990601e-02
6.999837493896483853e-02
7.099231934547424461e-02
7.042716455459595293e-02
7.066151738166809304e-02
7.061042451858520752e-02
7.046404147148131736e-02
7.041709780693054810e-02
7.044911551475524503e-02
7.023351240158080822e-02
7.020466613769531239e-02
7.022731924057007413e-02
7.027682352066040583e-02
7.033637619018553999e-02
7.049030208587646340e-02
7.065268659591675271e-02
7.002627849578857422e-02
6.990943837165831953e-02
7.027474713325500277e-02
6.970001959800720126e-02
7.054700446128844837e-02
7.075958395004272594e-02
7.012547659873961947e-02
6.992391371726990046e-02
6.978574204444885909e-02
6.990108036994933938e-02
7.019953536987304232e-02
6.973626542091369840e-02
6.989693474769592685e-02
6.994297719001769942e-02
6.999031257629394209e-02
6.998179674148559404e-02
7.012938737869262029e-02
6.998859739303589511e-02
6.984496402740478227e-02
6.965249109268188688e-02
6.917977690696716642e-02
7.047458553314209229e-02
7.103368401527404563e-02
7.106177425384521684e-02
7.036060905456542613e-02
7.070484995841980203e-02
7.019767117500305686e-02
7.074659037590026733e-02
7.074236845970154064e-02
7.048367619514465943e-02
7.043758368492127053e-02
7.109879660606384377e-02
7.031332039833068648e-02
7.026254391670226640e-02
6.991649794578552735e-02
7.026384210586547607e-02
7.037369966506958063e-02
6.927802515029907182e-02
7.021692824363708063e-02
7.025737762451171597e-02
7.050427985191344560e-02
7.047694015502929676e-02
6.985193705558777333e-02
6.984949994087219505e-02
6.983297395706176969e-02
6.943864941596984697e-02
6.871722388267517689e-02
6.878702497482300227e-02
6.945153403282165738e-02
6.953723931312560946e-02
6.916206312179565274e-02
6.966327977180480913e-02
6.868851351737975675e-02
6.918890690803528032e-02
6.937008261680603638e-02
6.903770971298217596e-02
6.896534323692321555e-02
6.884969043731689609e-02
6.849275207519531228e-02
6.748731803894042480e-02
6.919955563545227006e-02
6.925093746185302657e-02
6.965162467956542702e-02
6.977906417846679865e-02
6.947961306571960594e-02
6.929837799072265103e-02
6.919822764396667270e-02
6.907270193099974975e-02
6.888887929916381880e-02
6.896018815040588779e-02
6.945460510253906317e-02
6.959803080558776833e-02
6.931598424911498968e-02
6.896537852287291936e-02
6.923305273056029607e-02
6.943324375152587491e-02
6.924827003479003262e-02
6.949141573905945335e-02
6.911072015762328991e-02
6.873616361618041515e-02
6.946517109870910256e-02
6.857551622390746504e-02
6.925390744209289351e-02
6.917338085174561113e-02
6.919663667678832564e-02
6.905893254280090487e-02
6.938706970214843228e-02
6.905460810661315230e-02
6.948429155349732100e-02
6.952946400642394387e-02
6.915771889686583851e-02
6.966547775268554232e-02
6.940573787689209573e-02
6.907769775390625033e-02
6.968542551994323653e-02
6.979158997535706010e-02
6.970662093162537098e-02
6.946420717239379372e-02
6.958742547035216830e-02
6.972768425941466841e-02
6.948942685127258712e-02
6.888274455070494962e-02
6.940392732620238869e-02
6.959151196479797241e-02
6.921174669265747759e-02
6.869466757774353449e-02
6.882911133766174416e-02
6.826825618743896651e-02
6.844932293891906050e-02
6.837941765785217341e-02
6.863811326026916793e-02
6.851014971733093706e-02
6.851794171333312755e-02
6.852768659591675082e-02
6.889498686790465620e-02
6.890851640701294023e-02
6.856510257720947743e-02
6.835665035247802390e-02
6.891270995140075240e-02
6.833324027061461747e-02
6.865299415588378695e-02
6.918367505073547141e-02
6.893046712875365578e-02
6.886166906356810946e-02
6.890013122558594216e-02
6.872991466522217208e-02
6.874744486808777311e-02
6.888106489181518299e-02
6.849331235885619540e-02
6.873431324958800825e-02
6.881487035751342185e-02
6.948236799240112282e-02
6.900711059570312222e-02
6.891546511650085971e-02
6.881527638435364080e-02
6.878929328918456654e-02
6.851074647903442061e-02
6.834249782562255848e-02
6.875950884819030662e-02
6.861141228675841919e-02
6.867555522918701583e-02
6.874649834632873269e-02
6.855356836318969582e-02
6.888235187530517001e-02
6.866477179527283314e-02
6.850650405883788874e-02
6.878642463684081498e-02
6.874527883529663042e-02
7.048751139640807573e-02
7.021863150596618919e-02
7.014022397994995606e-02
6.987498855590820734e-02
6.975810027122497647e-02
7.014438056945801470e-02
7.063916707038879472e-02
7.015787696838378384e-02
7.033145046234130782e-02
6.993611860275268655e-02
6.990791535377502419e-02
6.955604767799376809e-02
6.968175721168518022e-02
6.955461978912352849e-02
7.015945029258728594e-02
7.031472134590148471e-02
7.038486695289611350e-02
6.977058219909668124e-02
7.013779664039611339e-02
7.047746562957764305e-02
6.974566292762755804e-02
6.966280460357665572e-02
6.976425147056579401e-02
6.979737067222595293e-02
6.989711976051329878e-02
7.010768342018126875e-02
6.992942428588867776e-02
6.997965097427367998e-02
6.981605148315429832e-02
7.069039750099181951e-02
7.082112360000610007e-02
7.066056489944458341e-02
7.057549357414245883e-02
7.051966810226439897e-02
7.063463473320007180e-02
7.079790830612182895e-02
7.055229330062866289e-02
7.038733410835265603e-02
7.061004805564879971e-02
7.079403471946715820e-02
7.036517095565796021e-02
7.075980973243713168e-02
7.092496275901793990e-02
7.157823204994201438e-02
7.062384247779845969e-02
7.063254714012145996e-02
7.032181215286255338e-02
7.061844205856322720e-02
7.048334789276122780e-02
7.069425153732299127e-02
7.095202302932739069e-02
7.063619661331176081e-02
7.079677581787109653e-02
7.066448616981506337e-02
7.082839894294738758e-02
7.067503952980042081e-02
7.072437071800231900e-02
7.095400571823119729e-02
7.212230539321899669e-02
7.095890188217163219e-02
7.117952966690063721e-02
7.144387793540954434e-02
7.146784567832946411e-02
7.102016019821166815e-02
7.112918329238891724e-02
7.156548476219176669e-02
7.109722733497619851e-02
7.049649143218994496e-02
7.102752804756164162e-02
7.137298178672790705e-02
7.167385888099669922e-02
7.154748344421386907e-02
7.161296725273132158e-02
7.125752115249633922e-02
7.138332462310791049e-02
7.206755828857422386e-02
7.159131217002868974e-02
7.110344266891480136e-02
7.148326873779296819e-02
7.101069521903992376e-02
7.125249671936034757e-02
7.001761674880981057e-02
6.902034187316893887e-02
7.118899393081665194e-02
7.100570869445800570e-02
7.092451739311218806e-02
7.111868715286254194e-02
7.115195655822753595e-02
7.031798005104064608e-02
7.082447052001952792e-02
7.087720727920532315e-02
7.070588850975036144e-02
7.085167384147643410e-02
7.051244854927063432e-02
7.032281112670898948e-02
7.066171836853027410e-02
7.057619976997375755e-02
7.058088350296019831e-02
7.073402428627013905e-02
7.050287246704101118e-02
7.077520465850829778e-02
7.082227635383606112e-02
7.069464945793152433e-02
7.079499936103821056e-02
7.080125832557677967e-02
7.099208831787109930e-02
7.035367321968079291e-02
7.066422963142394986e-02
7.113475584983826316e-02
7.012178921699524503e-02
7.052663302421570413e-02
7.025488400459289906e-02
7.057350039482117310e-02
7.085895299911498801e-02
6.980595493316650579e-02
7.168140983581543224e-02
7.135184502601624179e-02
7.177401304244995783e-02
7.127648448944091941e-02
7.155583119392394664e-02
7.126681208610534390e-02
7.145850062370300015e-02
7.188931179046631481e-02
7.167115759849548851e-02
7.156989693641663264e-02
7.160684466361999512e-02
7.187629604339600131e-02
7.129158425331115490e-02
7.119445776939392623e-02
7.146532845497131914e-02
7.114005541801451948e-02
7.198142051696777843e-02
7.118149948120117143e-02
7.166450977325439231e-02
7.149336314201354403e-02
7.159912085533141901e-02
7.140994906425475464e-02
7.205649614334105890e-02
7.166727972030639826e-02
7.141885042190551647e-02
7.166800308227538885e-02
7.226945805549621349e-02
7.152590084075927113e-02
7.140932202339173029e-02
7.172222518920898238e-02
7.164898991584778276e-02
7.201384019851685137e-02
7.101956748962402755e-02
7.145061206817626687e-02
7.155587315559387707e-02
7.163669157028197676e-02
7.183368253707886342e-02
7.088040614128113259e-02
7.146683621406554887e-02
7.137392044067382424e-02
7.151961421966553101e-02
7.164798855781555342e-02
7.129638600349426369e-02
7.129984831809997592e-02
7.187980985641478915e-02
7.144362020492553422e-02
7.120878362655640170e-02
7.110687804222107222e-02
7.124857902526855746e-02
7.164106082916259222e-02
7.088913965225220049e-02
7.105989956855773837e-02
7.142526340484618708e-02
7.137433648109435536e-02
7.098022603988647650e-02
7.135146164894104470e-02
7.129915046691893965e-02
