2.176437600000000000e+07
2.176657600000000000e+07
2.177058400000000000e+07
2.177291600000000000e+07
2.177317600000000000e+07
2.177408400000000000e+07
2.177661600000000000e+07
2.177731200000000000e+07
2.177748800000000000e+07
2.177768800000000000e+07
2.177770000000000000e+07
2.177770000000000000e+07
2.177770000000000000e+07
2.177770000000000000e+07
2.177770000000000000e+07
2.177770000000000000e+07
2.177770000000000000e+07
2.177770000000000000e+07
2.177770000000000000e+07
2.177770000000000000e+07
2.177770000000000000e+07
2.177770000000000000e+07
2.177770000000000000e+07
2.177770000000000000e+07
2.177770000000000000e+07
2.177770000000000000e+07
2.177770000000000000e+07
2.177770000000000000e+07
2.177770000000000000e+07
2.177770000000000000e+07
2.177770000000000000e+07
2.177770000000000000e+07
2.177770000000000000e+07
2.177770000000000000e+07
2.177770000000000000e+07
2.177770000000000000e+07
2.177770000000000000e+07
2.177770000000000000e+07
2.177770000000000000e+07
2.177770000000000000e+07
2.177770000000000000e+07
2.177770000000000000e+07
2.177770000000000000e+07
2.177770000000000000e+07
2.177770000000000000e+07
2.177770000000000000e+07
2.177770000000000000e+07
2.177770000000000000e+07
2.177770000000000000e+07
2.177770000000000000e+07
2.177770000000000000e+07
2.177770000000000000e+07
2.177770000000000000e+07
2.177770000000000000e+07
2.177770000000000000e+07
2.177770000000000000e+07
2.177770000000000000e+07
2.177770000000000000e+07
2.177770000000000000e+07
2.177770000000000000e+07
2.177770000000000000e+07
2.177770000000000000e+07
2.177770000000000000e+07
2.177770000000000000e+07
2.177770000000000000e+07
2.177770000000000000e+07
2.177770000000000000e+07
2.177770000000000000e+07
2.177770000000000000e+07
2.177770000000000000e+07
2.177770000000000000e+07
2.177770000000000000e+07
2.177770000000000000e+07
2.177770000000000000e+07
2.177770000000000000e+07
2.177770000000000000e+07
2.177770000000000000e+07
2.177770000000000000e+07
2.177770000000000000e+07
2.177770000000000000e+07
2.177770000000000000e+07
2.177770000000000000e+07
2.177770000000000000e+07
2.177770000000000000e+07
2.177770000000000000e+07
2.177770000000000000e+07
2.177770000000000000e+07
2.177770000000000000e+07
2.177770000000000000e+07
2.177770000000000000e+07
2.177770000000000000e+07
2.177770000000000000e+07
2.177770000000000000e+07
2.177770000000000000e+07
2.177770000000000000e+07
2.177770000000000000e+07
2.177770000000000000e+07
2.177770000000000000e+07
2.177770000000000000e+07
2.177770000000000000e+07
2.177770000000000000e+07
2.177770000000000000e+07
2.177770000000000000e+07
2.177770000000000000e+07
2.177770000000000000e+07
2.177770000000000000e+07
2.177770000000000000e+07
2.177770000000000000e+07
2.177770000000000000e+07
2.177770000000000000e+07
2.177770000000000000e+07
2.177770000000000000e+07
2.177770000000000000e+07
2.177770000000000000e+07
2.177770000000000000e+07
2.177770000000000000e+07
2.177770000000000000e+07
2.177770000000000000e+07
2.177770000000000000e+07
2.177770000000000000e+07
2.177770000000000000e+07
2.177770000000000000e+07
2.177770000000000000e+07
2.177770000000000000e+07
2.177770000000000000e+07
2.177770000000000000e+07
2.177770000000000000e+07
2.177770000000000000e+07
2.177770000000000000e+07
2.177770000000000000e+07
2.177770000000000000e+07
2.177770000000000000e+07
2.177770000000000000e+07
2.177770000000000000e+07
2.177770000000000000e+07
2.177770000000000000e+07
2.177770000000000000e+07
2.177770000000000000e+07
2.177770000000000000e+07
2.177770000000000000e+07
2.177770000000000000e+07
2.177770000000000000e+07
2.177770000000000000e+07
2.177770000000000000e+07
2.177770000000000000e+07
2.177770000000000000e+07
2.177770000000000000e+07
2.177770000000000000e+07
2.177770000000000000e+07
2.177770000000000000e+07
2.177770000000000000e+07
2.177770000000000000e+07
2.177770000000000000e+07
2.177770000000000000e+07
2.177770000000000000e+07
2.177770000000000000e+07
2.177770000000000000e+07
2.177770000000000000e+07
2.177770000000000000e+07
2.177770000000000000e+07
2.177770000000000000e+07
2.177770000000000000e+07
2.177770000000000000e+07
2.177770000000000000e+07
2.177770000000000000e+07
2.177770000000000000e+07
2.177770000000000000e+07
2.177770000000000000e+07
2.177770000000000000e+07
2.177770000000000000e+07
2.177770000000000000e+07
2.177770000000000000e+07
2.177770000000000000e+07
2.177770000000000000e+07
2.177770000000000000e+07
2.177770000000000000e+07
2.177770000000000000e+07
2.177770000000000000e+07
2.177770000000000000e+07
2.177770000000000000e+07
2.177770000000000000e+07
2.177770000000000000e+07
2.177770000000000000e+07
2.177770000000000000e+07
2.177770000000000000e+07
2.177770000000000000e+07
2.177770000000000000e+07
2.177770000000000000e+07
2.177770000000000000e+07
2.177770000000000000e+07
2.177770000000000000e+07
2.177770000000000000e+07
2.177770000000000000e+07
2.177770000000000000e+07
2.177770000000000000e+07
2.177770000000000000e+07
2.177770000000000000e+07
2.177770000000000000e+07
2.177770000000000000e+07
2.177770000000000000e+07
2.177770000000000000e+07
