2.070193827152252142e-01
3.147059035301208452e-02
3.069004607200622597e-02
3.027532315254211417e-02
3.039784669876098577e-02
3.036885857582092424e-02
3.054999399185180653e-02
3.025400924682617246e-02
3.032508778572082578e-02
3.026082301139831551e-02
3.047208356857299821e-02
3.026171565055847321e-02
3.059904980659484963e-02
3.045528602600097723e-02
3.027531147003173842e-02
3.048962807655334478e-02
3.046127033233642437e-02
3.043670773506164384e-02
3.034344148635864311e-02
3.025174951553344718e-02
3.073635435104370150e-02
3.044106268882751376e-02
3.044638895988464183e-02
3.052124595642089974e-02
3.061185407638549946e-02
3.044984221458435156e-02
3.061894726753234749e-02
3.079431629180908250e-02
3.047493076324462799e-02
3.114875531196594285e-02
3.033978605270385570e-02
3.045257234573364377e-02
3.094262766838073650e-02
3.100313901901245034e-02
3.101269030570983840e-02
3.071461820602416903e-02
3.114835715293884366e-02
3.058894324302673454e-02
3.097239136695861816e-02
3.063388037681579606e-02
3.132281589508056907e-02
3.098354887962341195e-02
3.111764812469482513e-02
3.096887302398681693e-02
3.119986677169799688e-02
3.077502632141113428e-02
3.079949879646301167e-02
3.104616880416870284e-02
3.134388494491577304e-02
3.064313173294067397e-02
3.115475559234619218e-02
3.095911002159118519e-02
3.133511590957641785e-02
3.099523234367370511e-02
3.077918291091918945e-02
3.122587108612060597e-02
3.096322941780090335e-02
3.010433650016784701e-02
3.046096372604370148e-02
3.102455759048462075e-02
3.118529891967773346e-02
3.136128115653991771e-02
3.123103761672973641e-02
3.138315939903259244e-02
3.090169358253478868e-02
3.126630997657776218e-02
3.086394381523132474e-02
3.115503001213073761e-02
3.116327309608459342e-02
3.140631175041198875e-02
3.106000781059265262e-02
3.129114079475402849e-02
3.123255324363708590e-02
3.098677682876586903e-02
3.140765476226806824e-02
3.145866918563842984e-02
3.096734619140625172e-02
3.063013124465942261e-02
3.137534475326538008e-02
3.111344718933105324e-02
3.119956994056701655e-02
3.177477693557739097e-02
3.126373529434203768e-02
3.137225985527038880e-02
3.153703236579895319e-02
3.189205861091613803e-02
3.187438488006591464e-02
3.152279758453369052e-02
3.149204373359679870e-02
3.127822256088257091e-02
3.144015288352966508e-02
3.129291915893554765e-02
3.143420982360840138e-02
3.155525612831115712e-02
3.151258111000061063e-02
3.099785256385803253e-02
3.143502688407898149e-02
3.152104687690734930e-02
3.141815686225891274e-02
3.144089913368225409e-02
3.134325599670410162e-02
3.116186642646789559e-02
4.123434662818908913e-02
3.157645797729492082e-02
3.153219771385192688e-02
3.147537732124328774e-02
3.149885916709899841e-02
3.161803746223449535e-02
3.151499080657958751e-02
3.169707655906676969e-02
3.121955561637878435e-02
3.123464703559875391e-02
3.167180895805359053e-02
3.125187397003173495e-02
3.135470819473266946e-02
3.166794419288634921e-02
3.149711894989013633e-02
3.134553170204162909e-02
3.128643035888671597e-02
3.163988423347473267e-02
3.160924196243285883e-02
3.170112657546997337e-02
3.150800728797912426e-02
3.141339087486266779e-02
3.162461185455322371e-02
3.155336666107178001e-02
2.985776829719543474e-02
3.157953310012817649e-02
3.149430966377258362e-02
3.133533596992492398e-02
3.092261171340942444e-02
3.117812514305114829e-02
3.165016031265258795e-02
3.190874433517455755e-02
3.153563642501831105e-02
3.214265775680542198e-02
3.152350974082946539e-02
3.171321010589599892e-02
3.128672456741333346e-02
3.109768486022949224e-02
3.148471760749817216e-02
3.144802737236022938e-02
3.175759053230285678e-02
3.103720545768737932e-02
3.169959950447082814e-02
3.179556560516357683e-02
3.140054392814636136e-02
3.173305058479308771e-02
3.189265823364257485e-02
3.165494728088379117e-02
3.172285628318786965e-02
3.175854468345642306e-02
3.188215279579162398e-02
3.198246908187866305e-02
3.151891112327575434e-02
3.074324011802673229e-02
3.174244356155395824e-02
3.176993823051452864e-02
3.171545100212096874e-02
3.171593856811523449e-02
3.171677756309509294e-02
3.184360337257385182e-02
3.112879538536071633e-02
3.152875781059265303e-02
3.176487278938293357e-02
3.171891570091247420e-02
3.183761191368102844e-02
3.188918972015380993e-02
3.213645315170288175e-02
3.180885958671569869e-02
3.162619447708130138e-02
3.177398562431335560e-02
3.174802017211914018e-02
3.198437190055847257e-02
3.210560464859008728e-02
3.154337430000304920e-02
3.147675371170043784e-02
3.174687552452087197e-02
3.014909100532531597e-02
3.156896400451660034e-02
3.192491436004638722e-02
3.097306108474731298e-02
3.079519319534301802e-02
3.186990952491760426e-02
3.180979084968566656e-02
3.210413026809692122e-02
3.197848558425903098e-02
3.177524447441101157e-02
3.122262382507324380e-02
3.075702476501464971e-02
3.189412426948547152e-02
3.138362932205199934e-02
3.167332935333251609e-02
3.189673161506653004e-02
3.156154537200927396e-02
3.174137711524963046e-02
3.116758298873901351e-02
3.162131333351135554e-02
3.194637727737426741e-02
3.052723073959350691e-02
3.215415978431701571e-02
