1.495316038888285846e+02
1.551600525056946651e+02
1.664387717226154280e+02
1.808759107608420322e+02
1.828259923094442172e+02
1.857827090552576976e+02
1.559320525659658756e+02
1.446168556853042730e+02
1.239864168706836267e+02
1.170073933692804076e+02
1.227082424739125202e+02
1.216008645504712860e+02
1.297492647549274523e+02
1.292599512647849451e+02
1.338360007012569497e+02
1.387009550815969874e+02
1.368400575958406762e+02
1.333278644767149217e+02
1.238441850207692880e+02
1.275056671162037105e+02
1.204362490640302639e+02
1.163195635798326748e+02
1.440365354589405342e+02
1.506297888812987935e+02
1.267963181951911338e+02
9.633537493853454237e+01
1.214087530558018102e+02
1.259345266421924379e+02
9.504157196192329593e+01
1.054279516556989904e+02
1.186520560824215949e+02
1.116855946311979864e+02
7.807464923748040064e+01
9.282514985912644079e+01
1.116189260571104001e+02
8.166734866818653416e+01
1.035725064680781600e+02
9.482403857471901176e+01
9.558971652047097223e+01
7.570198133565803289e+01
9.971346317372929491e+01
9.630615289933825807e+01
8.313420384097642568e+01
8.579137885749233305e+01
8.570087581109773112e+01
1.065557670747927830e+02
1.300384564294784013e+02
7.228094410681414672e+01
8.084423827784702610e+01
8.103270644178974180e+01
9.121713818292377596e+01
7.406366982113831909e+01
5.340906200549058980e+01
8.421691347066212074e+01
8.436580868578852233e+01
4.990439966097241609e+01
6.508563597554261548e+01
4.210260925319643377e+01
5.101803186067262885e+01
5.993038385894104181e+01
4.774857425002571176e+01
5.788558378099335755e+01
4.616084304357243440e+01
3.306762100318864128e+01
3.435141817618333704e+01
3.081716409736461415e+01
3.342599843448426356e+01
5.476222907182702215e+01
3.326758475208063714e+01
5.173694438244557148e+01
3.976656210223632115e+01
2.877806680920661009e+01
4.640209047548161436e+01
3.349883242101459757e+01
3.843063903033807804e+01
2.134875120428057116e+01
3.943671650405123330e+01
3.541441662867716644e+01
3.735821663378257540e+01
4.064261345269876813e+01
3.141736990906733595e+01
3.600507482590975172e+01
3.207446931214001040e+01
3.275666296840593361e+01
2.462021636622466403e+01
2.385923090913839317e+01
1.983583885365970900e+01
3.410044609702479335e+01
2.573236854459711509e+01
2.705432179074897547e+01
4.039016566270077391e+01
2.431193439658685307e+01
3.364558397384121236e+01
2.634204898178758114e+01
2.519508785525382777e+01
4.343882321337344621e+01
1.867841749297516429e+01
2.373041842752660813e+01
3.672314694483825548e+01
2.749543257704167942e+01
2.761144360404094300e+01
1.771166576180353047e+01
2.502574157774164121e+01
1.596559644220196006e+01
3.801203125387724668e+01
1.811653928769441535e+01
2.554761274105120350e+01
1.726291487062097119e+01
1.785816567519442799e+01
2.665820448353606764e+01
2.240117316712964879e+01
2.691496337168676334e+01
1.856083520456955682e+01
2.699351109360128476e+01
1.136763484874896157e+01
1.745986414499590822e+01
2.175854215610823417e+01
1.880749209399216682e+01
2.993011592623816242e+01
1.199720028681447737e+01
1.946756251071040822e+01
1.606390111493333706e+01
2.251384196754704448e+01
1.834619737868076328e+01
2.382165146717633775e+01
2.481705585522020741e+01
2.371238026068706262e+01
2.737741506255463619e+01
1.666599518178764328e+01
2.297576628923713926e+01
2.240328384531792238e+01
1.567309287514974159e+01
3.309442031386502237e+01
2.173148091338822852e+01
1.853224610227717406e+01
1.490416982598255657e+01
1.813649033189133775e+01
3.243441505581362350e+01
2.334062541412331981e+01
1.951608603705410161e+01
2.448835611402012802e+01
1.238215661468056261e+01
1.650979469140315103e+01
1.704865826608053681e+01
1.250790261671912518e+01
3.248116048671301570e+01
1.403789419786888892e+01
1.782658744415254048e+01
1.388039496696994135e+01
1.940632179806136293e+01
1.613077483402541290e+01
1.652893123854489232e+01
1.585209954909221075e+01
2.426105938589245170e+01
2.404599045205753072e+01
1.771335690648761130e+01
1.980829097796064175e+01
1.705799153313255800e+01
2.162858320817138491e+01
1.916013676812709932e+01
1.251031029018576390e+01
1.312861231489769764e+01
1.559102951754967137e+01
1.681018413557168856e+01
1.356985702425951246e+01
2.008918205984458538e+01
1.846063840862935024e+01
1.306371474039204195e+01
9.364640169673183578e+00
1.637639329814928857e+01
1.299488672644719855e+01
1.370100139181465693e+01
1.477126602058477545e+01
1.371470159776741582e+01
1.453143047887123629e+01
1.951106389647863892e+01
1.981320376051550625e+01
1.702153403206835947e+01
1.752271964086585854e+01
2.117281565977827640e+01
1.205340244052496423e+01
1.388032864958960921e+01
9.886281438550607703e+00
1.620535228063406663e+01
1.525166351256283015e+01
1.442242551948237228e+01
1.219330921286403324e+01
1.814935464421191824e+01
1.557858863655448012e+01
2.046692806963705635e+01
1.227508289891935256e+01
9.628730443482544032e+00
1.212697788912886665e+01
1.441840596553744014e+01
2.135972493786518811e+01
1.513161311333601589e+01
2.197551958973745556e+01
2.402612595888664870e+01
1.795229818579508319e+01
1.391779898081018274e+01
1.004405536335894311e+01
1.085486045867488691e+01
1.291856988064600387e+01
1.122289077554541059e+01
1.373334415951163301e+01
1.259783143617669410e+01
1.762567097859128751e+01
2.203330727610104844e+01
1.270975990291920077e+01
1.567003787022667716e+01
1.696929896787212400e+01
1.359091457384577772e+01
1.028193182005753137e+01
1.431361777789063261e+01
1.130437530508113930e+01
1.284805177707487367e+01
1.303037089378804758e+01
1.455340656745327443e+01
1.039459698324995252e+01
2.102775652306880616e+01
1.348586343379195540e+01
9.976934487047120825e+00
1.379581283569772232e+01
1.301621800752345948e+01
1.152644399806307263e+01
1.908142937740503342e+01
1.217089515540990874e+01
1.352410266775104830e+01
1.070951787731334726e+01
8.280332256287003645e+00
1.477462531166761828e+01
1.182312213034697912e+01
1.247086822916257454e+01
1.550534972024550129e+01
1.671257130165447791e+01
1.823821200915104512e+01
1.356911702514467954e+01
8.231693007149912589e+00
1.098508561441240161e+01
1.208398231092988873e+01
1.022995771323963154e+01
8.915130128985403246e+00
8.450433159865756494e+00
1.358286284832366064e+01
1.160626838335081423e+01
1.019203467263346674e+01
1.175505205776925877e+01
9.385733180566093736e+00
1.424812430809395103e+01
1.579472506199226345e+01
1.806827642332881112e+01
1.110745801435363411e+01
2.031019116057434104e+01
1.292785945553650429e+01
1.678074229818613716e+01
1.198542782249018579e+01
1.088929930756467179e+01
1.135324943173536916e+01
8.697675949688727925e+00
7.249713579357568882e+00
1.351245957192824676e+01
1.044781722913442401e+01
1.172406123309651882e+01
2.033796382006582704e+01
9.668785146267817154e+00
9.314728478102656695e+00
1.605851574173384222e+01
1.339384712658521259e+01
1.260603979241694894e+01
1.186922465032031404e+01
7.897226044027608971e+00
8.068495065188200144e+00
7.631727549310449277e+00
1.101123789005413656e+01
1.572451393641942730e+01
9.980899055164661249e+00
9.298544040637693797e+00
1.435946768893105485e+01
9.365097106036420982e+00
8.245759958235774789e+00
1.159728977679475648e+01
1.347623841798226429e+01
9.971587582345318168e+00
1.118116207288673536e+01
8.917779872576021560e+00
6.775789540803868860e+00
1.074423598518259837e+01
1.051590616263637479e+01
8.014866614690866697e+00
1.274446084806978519e+01
8.049928136811237422e+00
1.334069647045885176e+01
1.131687479973981247e+01
1.283948341358007461e+01
1.132897368617456735e+01
7.921961008915294755e+00
1.106019860415382183e+01
9.949300335254811500e+00
1.049145772286473566e+01
1.157128735324496205e+01
1.893114597136024813e+01
1.232568899281513630e+01
1.074986268858637573e+01
1.131187608243523179e+01
1.071025359164330659e+01
7.945561634733608436e+00
1.137942741010411218e+01
7.562173007868916663e+00
1.500325063391616709e+01
7.898015274079052794e+00
7.165566346864356895e+00
1.005487669792652561e+01
1.286363182171755604e+01
6.531468471255279518e+00
9.364368237595224187e+00
1.145762284190120006e+01
1.085570888494599906e+01
1.323250361017083954e+01
7.858401224710620525e+00
1.019633515092972331e+01
9.092665737343812893e+00
1.287867806255272818e+01
1.989219364611752283e+01
1.180849863363350671e+01
1.232652621743211796e+01
1.045527228024919708e+01
1.194730015155554881e+01
2.148998661076389993e+01
8.476837870741883663e+00
7.830048271195970244e+00
8.092876735660521348e+00
8.813019601730687214e+00
9.118477100798935808e+00
1.220613022767314249e+01
1.400630853716923774e+01
1.279137503384005647e+01
6.803048355894732779e+00
8.413131310658393147e+00
5.350542598713667886e+00
5.666164854093392655e+00
1.326476384281481025e+01
1.399497223190728512e+01
5.806669024523491096e+00
9.900169599387947272e+00
6.974654920949721060e+00
7.778695442969584484e+00
9.165817455414208226e+00
9.660952968097081595e+00
1.038940250400507459e+01
5.830197716239868377e+00
8.872142823356822916e+00
7.701973136116354368e+00
9.150154889185989404e+00
7.341565594344987566e+00
1.047051985263590090e+01
9.082097200583914898e+00
6.982839413337027068e+00
9.177272872902310752e+00
1.063010425823676286e+01
8.885692167801558128e+00
1.310540822224878710e+01
9.424145334575911193e+00
1.107612486836760723e+01
8.874849048742566637e+00
9.239158705664234361e+00
1.083215142377696871e+01
7.379865614873922119e+00
1.461363550755566543e+01
1.385838540176910527e+01
9.137353049952359640e+00
1.295742679505588235e+01
9.837351015638436280e+00
5.615100408462113890e+00
6.894220802514573698e+00
9.303933372803145474e+00
8.934598075513170201e+00
1.087075322089394902e+01
9.110011576808494382e+00
8.675291076496169040e+00
1.207298628589279055e+01
9.515278322576145698e+00
7.727338513996150127e+00
8.705701579676365043e+00
1.476143187896615494e+01
1.248683747934365051e+01
7.361075938496055571e+00
8.104573790253661869e+00
1.040193975316143593e+01
1.147919108190835935e+01
1.066622102646949166e+01
1.040897275977279079e+01
1.044230417080359530e+01
7.462306206322596225e+00
1.009933547131425335e+01
9.032050299743135113e+00
1.004808433408417123e+01
1.135397698383800247e+01
8.237823306475119622e+00
8.486415604938072121e+00
6.020973766966248419e+00
1.208713138930075282e+01
1.274604211446568236e+01
1.286884358210521029e+01
5.775719939327095709e+00
6.752241132778475929e+00
5.200764549893941435e+00
1.352994977755853512e+01
9.269943036035339645e+00
1.319330682410325117e+01
1.154260168740938575e+01
8.984612533810897972e+00
1.146179660434957803e+01
8.473843611279640697e+00
6.420768660136006112e+00
1.119178562620216688e+01
1.128653148301775566e+01
5.376416159871305389e+00
9.101907883021146617e+00
6.192927253660473141e+00
7.031315250826225771e+00
8.935400266612330000e+00
1.046934784201811119e+01
8.306677841640853543e+00
1.457813790535177745e+01
8.981639121246187685e+00
8.394986602729838765e+00
9.331293060296356856e+00
1.710515702795670379e+01
7.855277880758892550e+00
9.424661849681994497e+00
9.069280385041755821e+00
8.847037865221821562e+00
1.149989193669991216e+01
1.155804758855411762e+01
1.043503423375235251e+01
6.370614304684289131e+00
7.673218977106584404e+00
9.585561025843741589e+00
1.079351331766969402e+01
8.327903878428127626e+00
9.658235386179262250e+00
1.244385087543628465e+01
5.932474474227078964e+00
1.429397123724614538e+01
6.549602881031538537e+00
7.965189400618426063e+00
5.827730850464075019e+00
4.249303148459832258e+00
7.010882185222929053e+00
8.785526378631725919e+00
5.841063148294914242e+00
9.105861592802277471e+00
6.979047052830438247e+00
7.869126051097730112e+00
7.523016830866972704e+00
5.591929490303966688e+00
6.459287896906290349e+00
5.724727121424784571e+00
5.683969827519797846e+00
4.870876731367290269e+00
1.241865464848856249e+01
6.606240759428286147e+00
8.940055755723474107e+00
5.242653278037305853e+00
1.054058979186710765e+01
6.275489992449768906e+00
5.508534707003912345e+00
5.787065670093886283e+00
9.563335972145821984e+00
9.626373515110433488e+00
5.377148020352535696e+00
1.211663112321346958e+01
4.617955975414679060e+00
7.194976563127350566e+00
5.447236935147707904e+00
1.404705356262693172e+01
5.086024627188002079e+00
5.400691392002794800e+00
6.703192921060304066e+00
8.608434620281579797e+00
5.904038988863159254e+00
7.011908412768426579e+00
6.859672098336806023e+00
5.351199245705512197e+00
5.395318377148247357e+00
6.285454766234352064e+00
6.195993226235668949e+00
7.944700148851173260e+00
8.681421724588224365e+00
8.376467912618773326e+00
5.380351916241520094e+00
3.988031194216573372e+00
6.783112702193666799e+00
8.185584619645624116e+00
3.483344387391368535e+00
5.777474975657062473e+00
8.185724895403069468e+00
4.451982290571521617e+00
7.323620896671471314e+00
7.413167019959402637e+00
4.190360916653594892e+00
8.019032636203222708e+00
6.479222050678931311e+00
1.387386356841390977e+01
6.085500681913345034e+00
6.222974249288277804e+00
1.186173417300414989e+01
8.430849173941489028e+00
7.395105836797850607e+00
9.808219046738923197e+00
1.199675409454836661e+01
5.301003263475322136e+00
1.012363101951418365e+01
4.396889979625131062e+00
4.685886783732443384e+00
4.979409336799312413e+00
5.398192451273030379e+00
5.642961110714492357e+00
6.387146350763152292e+00
8.618441746699261330e+00
5.868033697521235936e+00
6.567833446021907662e+00
1.013270157448834752e+01
4.790841889977097701e+00
6.592276538357416449e+00
7.165675233902048191e+00
8.426691003307162475e+00
6.076441117911222989e+00
8.796536514859564448e+00
7.446386320343584941e+00
7.056992480483360808e+00
7.186243417465132843e+00
8.062421768227101992e+00
6.989869083991047560e+00
9.676847296376154262e+00
7.690806305467773996e+00
6.699799128972095730e+00
7.919824178636242884e+00
4.986102837587748304e+00
6.103289899607697855e+00
6.639321535845465583e+00
4.808587616228188644e+00
9.931321863511623604e+00
3.867295444032412099e+00
5.141154700993556759e+00
8.138986168939375432e+00
6.809264226569606393e+00
3.756399436889930943e+00
7.369501203077336804e+00
5.458411213282746921e+00
5.412699042815694028e+00
5.557230093791890368e+00
6.195871524931728658e+00
9.327582743609896809e+00
9.129408984117752368e+00
7.796135960984167390e+00
4.789920560077629119e+00
4.912242009667918907e+00
6.747711475336724440e+00
1.164738351819407569e+01
5.794043055057747971e+00
6.812699613887856387e+00
7.599379040898240234e+00
5.528416987219333834e+00
6.684921858149867724e+00
9.812680338883847497e+00
3.999440893746143200e+00
7.014238877773185443e+00
