3.446623251438140634e-01
1.307329752445220983e-01
1.289578638076782358e-01
1.275594284534454226e-01
1.288847780227661000e-01
1.285073409080505491e-01
1.277068319320678602e-01
1.280075523853302089e-01
1.282371222972869818e-01
1.282908041477203442e-01
1.274922530651092512e-01
1.275325047969818049e-01
1.281333057880401638e-01
1.283406186103820679e-01
1.283835544586181543e-01
1.287153286933898910e-01
1.290873241424560502e-01
1.281323082447052009e-01
1.278628163337707513e-01
1.279351718425750795e-01
1.277050526142120279e-01
1.285450565814972024e-01
1.280020766258239684e-01
1.277176845073700051e-01
1.285345873832702546e-01
1.280385499000549210e-01
1.285875160694122388e-01
1.283315188884735225e-01
1.280900020599365363e-01
1.278152511119842460e-01
1.278383874893188610e-01
1.276047685146331767e-01
1.283303568363189651e-01
1.281607387065887560e-01
1.272399630546569849e-01
1.272160468101501407e-01
1.271167867183685407e-01
1.268229541778564395e-01
1.268761496543884260e-01
1.260948932170867787e-01
1.261120443344116160e-01
1.261424241065979002e-01
1.260477049350738621e-01
1.262964324951171835e-01
1.259883606433868375e-01
1.258363149166107087e-01
1.255952556133270170e-01
1.255664827823639029e-01
1.255165557861327996e-01
1.255611648559570304e-01
1.258716590404510560e-01
1.253371167182922297e-01
1.256906394958496043e-01
1.259512646198272801e-01
1.277999293804168712e-01
1.277686598300933896e-01
1.274072792530059894e-01
1.261033000946044924e-01
1.268815879821777459e-01
1.270758619308471615e-01
1.271148681640625056e-01
1.283767578601837100e-01
1.290004029273986719e-01
1.297747015953064076e-01
1.282526080608367980e-01
1.285213515758514280e-01
1.288836615085601767e-01
1.292349591255188002e-01
1.288340098857879701e-01
1.285601520538330045e-01
1.289707498550415055e-01
1.292245712280273573e-01
1.285073018074035511e-01
1.284542572498321433e-01
1.282641291618347168e-01
1.294310059547424396e-01
1.279455609321594189e-01
1.289979126453399683e-01
1.282585208415985001e-01
1.286978125572204590e-01
1.290108125209808443e-01
1.287274858951568679e-01
1.289826383590698122e-01
1.274323563575744667e-01
1.278923761844635021e-01
1.290456635951995890e-01
1.295930993556976274e-01
1.299137344360351554e-01
1.294814419746398992e-01
1.293847420215606669e-01
1.292943191528320435e-01
1.279647734165191564e-01
1.285070075988769545e-01
1.282853133678436286e-01
1.287308077812194806e-01
1.294395623207092172e-01
1.290978915691375628e-01
1.307675666809081927e-01
1.320835282802581834e-01
1.347446255683898975e-01
1.357600791454315059e-01
1.346145758628845279e-01
1.342129836082458505e-01
1.361529221534729106e-01
1.362930932044982835e-01
1.355138492584228582e-01
1.350541198253631670e-01
1.360017678737640290e-01
1.353892936706543038e-01
1.355458889007568335e-01
1.360015633106231581e-01
1.299311916828155555e-01
1.282118310928344607e-01
1.298814201354980546e-01
1.320908594131469660e-01
1.323227019309997643e-01
1.324193773269653207e-01
1.318185813426971387e-01
1.325146241188049356e-01
1.324062671661377089e-01
1.324209682941436816e-01
1.323698079586028975e-01
1.317241573333740312e-01
1.323065011501312338e-01
1.317584242820739882e-01
1.322602322101593120e-01
1.320105099678039462e-01
1.318717272281646757e-01
1.314393184185028152e-01
1.301550247669220062e-01
1.295726413726806525e-01
1.319034135341644320e-01
1.293581895828247175e-01
1.310156888961792054e-01
1.315292422771453806e-01
1.311331779956817489e-01
1.309857087135314901e-01
1.311142814159393377e-01
1.309250757694244427e-01
1.296160929203033496e-01
1.286090939044952364e-01
1.296447165012359626e-01
1.293904097080230686e-01
1.297703320980072017e-01
1.292930638790130704e-01
1.297150499820709235e-01
1.318600485324859517e-01
1.301083719730377064e-01
1.281209797859191868e-01
1.298099207878112837e-01
1.311263628005981396e-01
1.318512756824493370e-01
1.319814534187316868e-01
1.314252517223358230e-01
1.321754081249237045e-01
1.315340602397918612e-01
1.313083660602569480e-01
1.308032186031341526e-01
1.318798396587371746e-01
1.318254826068878116e-01
1.312380509376525894e-01
1.303193786144256627e-01
1.312472815513610891e-01
1.313838167190551631e-01
1.326248245239257939e-01
1.321221292018890381e-01
1.320948603153228873e-01
1.313292596340179530e-01
1.290578005313873233e-01
1.281121497154235900e-01
1.271461918354034326e-01
1.281870605945587271e-01
1.279058594703674223e-01
1.283027961254119831e-01
1.283733413219451946e-01
1.287445180416107171e-01
1.293216776847839478e-01
1.289777078628540075e-01
1.295071702003479097e-01
1.286255867481231607e-01
1.285120306015014591e-01
1.285826961994171180e-01
1.283047044277191295e-01
1.282689607143402133e-01
1.275203642845153806e-01
1.282867543697357171e-01
1.282424592971801725e-01
1.279748487472534280e-01
1.281770668029785232e-01
1.285163426399230924e-01
1.285880706310272292e-01
1.290134794712066713e-01
1.292488260269165079e-01
1.297487294673919656e-01
1.289211313724517860e-01
1.284161386489868217e-01
1.285462293624878016e-01
1.264912207126617505e-01
1.272120761871337880e-01
1.278334403038025036e-01
1.284634482860565197e-01
1.277012686729431246e-01
1.282136690616607622e-01
1.298844287395477248e-01
1.295473067760467556e-01
1.301867649555206174e-01
1.298597192764282260e-01
1.298949987888336211e-01
1.301341755390167110e-01
1.300074622631073040e-01
1.301915779113769489e-01
1.301100983619689899e-01
1.291706981658935494e-01
1.297098474502563492e-01
1.297851915359496955e-01
1.296343634128570566e-01
1.298398599624633887e-01
1.301160614490509126e-01
1.301592638492584109e-01
1.291510612964630045e-01
1.294396312236785751e-01
1.295322611331939655e-01
1.299622352123260549e-01
1.297671833038329947e-01
1.297734494209289435e-01
1.300710239410400315e-01
1.272990238666534546e-01
1.267433304786682036e-01
1.278901846408843912e-01
1.305040194988250635e-01
1.313307416439056519e-01
1.303587007522583052e-01
1.301310262680053786e-01
1.305998418331146271e-01
1.330720317363739136e-01
1.324046247005462584e-01
1.339523842334747195e-01
1.337989282608032238e-01
1.340563821792602472e-01
1.343884606361389067e-01
1.350071368217468371e-01
1.350004296302795281e-01
1.359501152038574134e-01
1.369016892910003558e-01
1.363412823677062902e-01
1.356961510181426966e-01
1.354718232154846214e-01
1.344042353630065800e-01
1.350601027011871236e-01
1.344008789062499931e-01
1.351004319190979019e-01
1.359624283313751181e-01
1.362148895263671777e-01
1.352885501384735178e-01
1.306271443367004459e-01
1.315716648101806774e-01
1.317608091831207195e-01
1.323609986305236685e-01
1.322638831138610860e-01
1.316901178359985436e-01
1.322557351589202790e-01
1.326213576793670579e-01
1.325148692131042361e-01
1.337313482761383066e-01
1.331692163944244445e-01
1.320306422710418592e-01
1.330026450157165419e-01
1.322007925510406412e-01
1.319693346023559644e-01
1.324345898628234985e-01
1.318038144111633170e-01
1.333256096839904870e-01
1.334121344089508054e-01
1.338842394351959231e-01
1.337505540847778451e-01
1.332277061939239615e-01
1.337469675540924052e-01
1.329732544422149720e-01
1.319018599987029916e-01
1.335189852714538661e-01
1.330408225059509231e-01
1.321911609172821134e-01
1.305464959144592152e-01
1.295692164897918608e-01
1.306828684806823626e-01
1.328470854759216391e-01
1.330636198520660507e-01
1.332123901844024794e-01
1.332396821975707912e-01
1.332122695446014415e-01
1.334937942028045776e-01
1.331536588668823240e-01
1.342259137630462673e-01
1.335653557777404798e-01
1.325438902378082151e-01
1.331874294281005788e-01
1.327859187126159690e-01
1.321073117256164609e-01
1.321784639358520586e-01
1.324569649696350215e-01
1.337602956295013412e-01
1.334549894332885678e-01
1.333313567638397257e-01
1.324845995903015106e-01
1.322489092350006001e-01
1.320267114639282202e-01
1.310956487655639546e-01
1.314874649047851618e-01
1.310669853687286279e-01
1.309969439506530886e-01
1.305159726142883225e-01
1.294356808662414648e-01
1.316052587032318089e-01
1.332262499332428074e-01
1.326636893749237045e-01
1.321518993377685525e-01
1.314189355373382440e-01
1.326530928611755478e-01
1.323957853317260791e-01
1.334064190387725946e-01
1.310657680034637562e-01
1.321234195232391384e-01
1.323773047924041713e-01
1.321375758647918564e-01
1.325041363239288228e-01
1.330420985221862917e-01
1.320510632991790667e-01
1.327997519969940088e-01
1.313683409690857007e-01
1.322598562240600573e-01
1.326296429634094276e-01
1.335782122611999523e-01
1.328822095394134595e-01
1.325921556949615498e-01
1.319206924438476591e-01
1.335371718406677122e-01
1.325907068252563381e-01
1.330193030834198042e-01
1.322311320304870585e-01
1.321974353790283108e-01
1.315609209537506041e-01
1.307226917743682937e-01
1.318092012405395475e-01
1.319831526279449385e-01
1.316369018554687520e-01
1.328243124485015969e-01
1.317397446632385116e-01
1.337846252918243328e-01
1.332581338882446176e-01
1.324219498634338354e-01
1.328392584323883074e-01
1.331493074893951301e-01
1.340473301410675111e-01
1.323185379505157355e-01
1.303491947650909366e-01
1.332915539741515998e-01
1.325154371261596797e-01
1.333867547512054552e-01
1.339006147384643464e-01
1.328124527931213439e-01
1.328660013675689588e-01
1.336849484443664582e-01
1.332068870067596444e-01
1.343853142261505207e-01
1.330539126396179106e-01
1.331943914890289238e-01
1.339706094264984104e-01
1.351197204589843770e-01
1.384933302402496236e-01
1.324947636127472017e-01
1.324158775806426880e-01
1.337892382144927894e-01
1.330900559425353957e-01
1.333794262409210285e-01
1.346069674491882362e-01
1.328922235965728782e-01
1.309833900928497330e-01
1.333400390148162806e-01
1.337793874740600686e-01
1.321816830635070827e-01
1.329633650779724063e-01
1.338796496391296276e-01
1.339289808273315396e-01
1.338793525695800846e-01
1.317544126510620250e-01
1.331980893611907912e-01
1.336898434162139826e-01
1.341658220291137571e-01
1.334184556007385336e-01
1.344958903789520155e-01
1.346699931621551383e-01
1.340727255344390800e-01
1.342470426559448371e-01
1.338929989337921123e-01
1.344247274398803760e-01
1.337660713195800710e-01
1.342990083694458048e-01
1.345285871028900071e-01
1.301136314868927002e-01
1.302660021781921473e-01
1.312295370101928815e-01
1.326915640830993726e-01
1.333433790206909053e-01
1.332471027374267647e-01
1.332667744159698464e-01
1.339203186035156368e-01
1.333530769348144629e-01
1.341305706501007000e-01
1.330347175598144416e-01
1.321775565147400022e-01
1.330982124805450417e-01
1.336874587535858139e-01
1.339088256359100282e-01
1.340751020908355629e-01
1.335432693958282513e-01
1.339549460411071646e-01
1.335876915454864422e-01
1.332310974597930853e-01
1.339422438144683702e-01
1.338228437900543244e-01
1.344582574367523264e-01
1.332429773807525530e-01
1.341233098506927623e-01
1.347685651779174931e-01
1.331843571662902903e-01
1.344293968677520712e-01
1.313707733154296786e-01
1.314630351066589375e-01
1.330976018905639657e-01
1.328584783077239873e-01
1.330519702434539708e-01
1.338638362884521371e-01
1.337409276962280291e-01
1.342650661468505757e-01
1.343517107963561885e-01
1.328311736583709657e-01
1.332815196514129663e-01
1.320544979572296218e-01
1.310784909725189185e-01
1.310500075817108145e-01
1.312084798812866160e-01
1.303626825809478806e-01
1.302771117687225311e-01
1.298973202705383245e-01
1.301058511734008716e-01
1.296782665252685651e-01
1.301680688858032342e-01
1.300226421356201201e-01
1.295909068584442103e-01
1.292485332489013705e-01
1.298588392734527641e-01
1.296557524204254019e-01
1.303394548892974902e-01
1.301333892345428456e-01
1.294317209720611539e-01
1.284906148910522350e-01
1.294214017391204785e-01
1.302455558776855482e-01
1.300686743259429901e-01
1.309647614955902206e-01
1.316914961338043200e-01
1.318233077526092534e-01
1.313820142745971697e-01
1.312566411495208751e-01
1.310842983722686761e-01
1.303525700569152790e-01
1.307956063747406084e-01
1.305063810348510711e-01
1.298275067806243799e-01
1.312411749362945579e-01
1.316489737033844087e-01
1.299388642311096187e-01
1.307835998535156197e-01
1.318717746734619223e-01
1.322994964122772288e-01
1.326598687171935964e-01
1.314210619926452772e-01
1.315986342430114642e-01
1.309563751220703121e-01
1.308264820575714138e-01
1.301514968872070355e-01
1.315425465106964120e-01
1.316732842922210822e-01
1.313052465915680034e-01
1.295599105358123670e-01
1.296994147300720157e-01
1.300092883110046393e-01
1.299081656932830897e-01
1.295770444869994986e-01
1.311084270477294866e-01
1.319027893543243402e-01
1.328248202800750843e-01
1.310730316638946402e-01
1.314099237918853746e-01
1.321953818798065061e-01
1.324611001014709410e-01
1.320973074436187777e-01
1.322952022552490170e-01
1.328688004016876090e-01
1.327619414329528902e-01
1.328671267032623393e-01
1.345230767726898202e-01
1.379681744575500524e-01
1.380316476821899507e-01
1.368356106281280460e-01
1.358950886726379426e-01
1.355122833251953263e-01
1.370945415496826192e-01
1.359229290485381991e-01
1.369391222000121977e-01
1.355871798992157040e-01
1.370450489521026494e-01
1.321150887012481623e-01
1.319336395263671913e-01
1.330703125000000098e-01
1.322859699726104676e-01
1.320419569015502947e-01
1.322440996170043959e-01
1.326770284175872727e-01
1.336937141418456931e-01
1.336069357395172075e-01
1.327587449550628740e-01
1.335316600799560660e-01
1.325499885082244977e-01
1.334681146144866826e-01
1.326380696296692030e-01
1.328721683025360090e-01
1.335166296958923415e-01
1.339044728279113750e-01
1.345285556316375697e-01
1.341158313751220632e-01
1.333727960586547912e-01
1.340478346347808714e-01
1.336949508190155012e-01
1.341439602375030515e-01
1.338666911125183101e-01
1.324161534309387100e-01
1.331204972267150954e-01
1.326908349990844616e-01
1.328468017578124938e-01
1.331898081302642922e-01
1.319557471275329685e-01
1.325948150157928440e-01
1.322041628360748344e-01
1.322914280891418493e-01
1.319044735431671167e-01
1.326543173789977992e-01
1.329256818294525244e-01
1.331875765323639049e-01
1.333978352546691948e-01
1.336169211864471351e-01
1.337282838821411135e-01
1.336246719360351665e-01
1.340823071002960332e-01
1.339390285015106263e-01
1.338366508483886663e-01
1.337294542789459195e-01
1.334325289726257247e-01
1.333113148212432819e-01
1.338790845870971580e-01
1.330783116817474410e-01
1.338930954933166551e-01
1.337221138477325544e-01
1.339252204895019505e-01
1.339664213657379144e-01
1.336929404735565097e-01
1.343400158882141204e-01
1.342500672340393164e-01
