2.058058000000000000e+07
2.061448400000000000e+07
2.063783200000000000e+07
2.063783200000000000e+07
2.063783200000000000e+07
2.063783200000000000e+07
2.065813600000000000e+07
2.066760400000000000e+07
2.066874800000000000e+07
2.066874800000000000e+07
2.066874800000000000e+07
2.066874800000000000e+07
2.066874800000000000e+07
2.066874800000000000e+07
2.066874800000000000e+07
2.066874800000000000e+07
2.066874800000000000e+07
2.066874800000000000e+07
2.066874800000000000e+07
2.066874800000000000e+07
2.066874800000000000e+07
2.066874800000000000e+07
2.066874800000000000e+07
2.066874800000000000e+07
2.066874800000000000e+07
2.066874800000000000e+07
2.066874800000000000e+07
2.066874800000000000e+07
2.066874800000000000e+07
2.066874800000000000e+07
2.066874800000000000e+07
2.066874800000000000e+07
2.066874800000000000e+07
2.066874800000000000e+07
2.066874800000000000e+07
2.066874800000000000e+07
2.066874800000000000e+07
2.066874800000000000e+07
2.066874800000000000e+07
2.066874800000000000e+07
2.066874800000000000e+07
2.066874800000000000e+07
2.066874800000000000e+07
2.066874800000000000e+07
2.066874800000000000e+07
2.066874800000000000e+07
2.066874800000000000e+07
2.066874800000000000e+07
2.066874800000000000e+07
2.066874800000000000e+07
2.066874800000000000e+07
2.066874800000000000e+07
2.066874800000000000e+07
2.066874800000000000e+07
2.066874800000000000e+07
2.066874800000000000e+07
2.066874800000000000e+07
2.066874800000000000e+07
2.066874800000000000e+07
2.066874800000000000e+07
2.066874800000000000e+07
2.066874800000000000e+07
2.066874800000000000e+07
2.066874800000000000e+07
2.066874800000000000e+07
2.066874800000000000e+07
2.066874800000000000e+07
2.066874800000000000e+07
2.066874800000000000e+07
2.066874800000000000e+07
2.066874800000000000e+07
2.066874800000000000e+07
2.066874800000000000e+07
2.066874800000000000e+07
2.066874800000000000e+07
2.066874800000000000e+07
2.066874800000000000e+07
2.066874800000000000e+07
2.066874800000000000e+07
2.066874800000000000e+07
2.066874800000000000e+07
2.066874800000000000e+07
2.066874800000000000e+07
2.066874800000000000e+07
2.066874800000000000e+07
2.066874800000000000e+07
2.066874800000000000e+07
2.066874800000000000e+07
2.066874800000000000e+07
2.066874800000000000e+07
2.066874800000000000e+07
2.066874800000000000e+07
2.066874800000000000e+07
2.066874800000000000e+07
2.066874800000000000e+07
2.066874800000000000e+07
2.066874800000000000e+07
2.066874800000000000e+07
2.066874800000000000e+07
2.066874800000000000e+07
2.066874800000000000e+07
2.066874800000000000e+07
2.066874800000000000e+07
2.066874800000000000e+07
2.066874800000000000e+07
2.066874800000000000e+07
2.066874800000000000e+07
2.066874800000000000e+07
2.066874800000000000e+07
2.066874800000000000e+07
2.066874800000000000e+07
2.066874800000000000e+07
2.066874800000000000e+07
2.066874800000000000e+07
2.066874800000000000e+07
2.066874800000000000e+07
2.066874800000000000e+07
2.066874800000000000e+07
2.066874800000000000e+07
2.066874800000000000e+07
2.066874800000000000e+07
2.066874800000000000e+07
2.066874800000000000e+07
2.066874800000000000e+07
2.066874800000000000e+07
2.066874800000000000e+07
2.066874800000000000e+07
2.066874800000000000e+07
2.066874800000000000e+07
2.066874800000000000e+07
2.066874800000000000e+07
2.066874800000000000e+07
2.066874800000000000e+07
2.066874800000000000e+07
2.066874800000000000e+07
2.066874800000000000e+07
2.066874800000000000e+07
2.066874800000000000e+07
2.066874800000000000e+07
2.066874800000000000e+07
2.066874800000000000e+07
2.066874800000000000e+07
2.066874800000000000e+07
2.066874800000000000e+07
2.066874800000000000e+07
2.066874800000000000e+07
2.066874800000000000e+07
2.066874800000000000e+07
2.066874800000000000e+07
2.066874800000000000e+07
2.066874800000000000e+07
2.066874800000000000e+07
2.066874800000000000e+07
2.066874800000000000e+07
2.066874800000000000e+07
2.066874800000000000e+07
2.066874800000000000e+07
2.066874800000000000e+07
2.066874800000000000e+07
2.066874800000000000e+07
2.066874800000000000e+07
2.066874800000000000e+07
2.066874800000000000e+07
2.066874800000000000e+07
2.066874800000000000e+07
2.066874800000000000e+07
2.066874800000000000e+07
2.066874800000000000e+07
2.066874800000000000e+07
2.066874800000000000e+07
2.066874800000000000e+07
2.066874800000000000e+07
2.066874800000000000e+07
2.066874800000000000e+07
2.066874800000000000e+07
2.066874800000000000e+07
2.066874800000000000e+07
2.066874800000000000e+07
2.066874800000000000e+07
2.066874800000000000e+07
2.066874800000000000e+07
2.066874800000000000e+07
2.066874800000000000e+07
2.066874800000000000e+07
2.066874800000000000e+07
2.066874800000000000e+07
2.066874800000000000e+07
2.066874800000000000e+07
2.066874800000000000e+07
2.066874800000000000e+07
2.066874800000000000e+07
2.066874800000000000e+07
2.066874800000000000e+07
2.066874800000000000e+07
2.066874800000000000e+07
2.066874800000000000e+07
2.066874800000000000e+07
2.066874800000000000e+07
2.066874800000000000e+07
2.066874800000000000e+07
2.066874800000000000e+07
2.066874800000000000e+07
2.066874800000000000e+07
2.066874800000000000e+07
2.066874800000000000e+07
2.066874800000000000e+07
2.066874800000000000e+07
2.066874800000000000e+07
2.066874800000000000e+07
2.066874800000000000e+07
2.066874800000000000e+07
2.066874800000000000e+07
2.066874800000000000e+07
2.066874800000000000e+07
2.066874800000000000e+07
2.066874800000000000e+07
2.066874800000000000e+07
2.066874800000000000e+07
2.066874800000000000e+07
