1.460484998171218649e+02
1.367514431243567117e+02
1.542324605730244400e+02
1.595092826200728666e+02
1.456210099532559070e+02
1.549477931052908559e+02
1.310192007038233726e+02
1.208296166661673112e+02
1.214984393797875839e+02
1.330882214797604490e+02
1.252140325957503961e+02
1.219962181128748284e+02
1.166515872265604941e+02
9.832934761246026767e+01
1.212663855329079325e+02
8.793899092108117088e+01
9.448279018718338307e+01
1.126481739970676585e+02
6.472082324058148117e+01
1.138080735399606596e+02
8.439454654709717829e+01
7.755574642877614622e+01
6.897984893795057815e+01
1.016618637294386929e+02
2.928520764414065880e+01
7.139634493111381630e+01
4.493768293304489703e+01
4.987110161015754528e+01
3.417804360021830234e+01
6.570503164862705603e+01
3.329350234506453177e+01
3.724008533477731220e+01
1.862969569929025582e+01
2.657121393669199350e+01
5.933610226830783319e+01
1.984184930587387541e+01
1.811339504283447610e+01
2.504590970130565353e+01
2.052791545319753297e+01
3.611910967681996709e+01
1.079892854385520984e+01
1.257481640546355450e+01
1.688040279580319947e+01
2.632857912175106563e+01
9.453257746062819322e+00
2.172457027525384987e+01
1.467073037394998991e+01
3.694261885778603727e+01
1.516237482683967563e+01
8.360147990237168258e+00
2.178527289428902591e+01
9.373743879167767190e+00
1.399996636289594498e+01
9.364725954681066611e+00
1.720527614201652966e+01
1.162826846850727591e+01
1.292777452120581749e+01
1.065823512603163437e+01
1.079491208880891051e+01
1.228627446338747475e+01
1.090767584383898736e+01
3.049950928896665303e+01
8.088746146250370472e+00
2.285750003291713384e+01
1.604459821959643762e+01
9.069673625804933081e+00
1.816462361910968681e+01
1.502578939897832910e+01
9.952193371289773438e+00
1.241062319159979310e+01
1.492328996810886288e+01
1.525741551410688679e+01
1.071891803707966773e+01
1.537776918151608285e+01
8.578096612432100088e+00
1.075089358391227456e+01
1.077551909243690709e+01
1.106612910118932547e+01
1.177604226344831240e+01
8.932230531254234052e+00
7.237117647135918652e+00
7.921633360201012053e+00
1.014554112139588149e+01
9.415270949147734214e+00
7.616908011243493704e+00
9.983934042237446960e+00
1.176957878981262695e+01
1.589729732368300397e+01
1.283816743483593292e+01
8.272128370553200938e+00
1.189710676089030272e+01
9.584502661820645031e+00
1.225882751983399821e+01
1.002243193928878462e+01
1.095949679129276255e+01
8.248984858428832112e+00
1.127893409909088263e+01
9.321932156552509952e+00
1.213320005562208159e+01
1.597727034639324373e+01
9.768112077855910513e+00
1.009919376810561609e+01
1.594799879327503334e+01
9.109314565530976182e+00
9.279609817126223348e+00
7.238718650466093862e+00
6.533394072913997874e+00
1.198477559935067127e+01
1.240961780905085732e+01
8.852409226337137227e+00
6.964200910054465510e+00
1.676632986863967645e+01
5.300089464999449440e+00
6.151065688225516581e+00
9.498165065778817251e+00
6.609135119934243185e+00
8.753982265416867747e+00
1.204658967157137539e+01
6.138878584860480103e+00
9.277730629084663505e+00
4.790478800825249905e+00
9.011411755797535506e+00
6.308973034043721562e+00
7.012199560070289550e+00
6.465228399004557147e+00
1.034565631406784192e+01
1.135003903313545059e+01
8.202253069817844633e+00
7.651001651407063342e+00
1.417407311715241214e+01
6.428269467103768342e+00
5.519027801183949755e+00
1.968832194116955847e+01
7.068858762111870142e+00
1.896600404526027361e+01
7.145304295689431484e+00
1.833047041145646361e+01
5.677725059887753112e+00
8.277944618603005011e+00
8.215637606010437466e+00
8.120750201755019049e+00
6.568553440135402433e+00
7.764569533655002687e+00
7.898666699700190641e+00
6.169104412805877402e+00
6.073968044836131064e+00
8.465696099681869313e+00
9.781634329888134971e+00
6.569899010621821134e+00
8.751056076217743396e+00
1.232740930207689445e+01
1.130554047664552897e+01
6.501298624471541387e+00
1.052285424943682379e+01
1.634588227528221438e+01
1.154410326203609216e+01
8.871756908224588400e+00
1.730182860413054513e+01
9.443550376059523188e+00
1.272180830159399889e+01
8.552685782519022339e+00
8.713355976710259299e+00
8.081468422734966239e+00
6.704925928200273333e+00
1.180737326841165746e+01
1.083988226727522175e+01
7.172607118745899513e+00
6.460952052157311165e+00
1.472224442980596670e+01
8.322027524704799006e+00
5.690677993570386839e+00
7.738278357259265050e+00
5.588372094391757194e+00
7.901834941744180441e+00
4.961723153306669687e+00
7.445599462751535391e+00
4.268544548119885818e+00
7.453529979578131126e+00
7.552380754760886994e+00
6.856710660501591725e+00
4.679519689556718376e+00
7.444583597302131039e+00
7.909349926026079558e+00
9.806731002573037870e+00
9.040329078725923395e+00
6.573446046267385157e+00
7.562053283643784596e+00
8.991975673232101229e+00
7.747480817394597707e+00
9.289934757338761173e+00
1.227269103503598657e+01
1.087721341750613924e+01
4.755287630239283025e+00
1.044494823232444958e+01
6.036824426341119931e+00
9.522392890375899199e+00
2.262771882727577477e+01
9.496882474608495883e+00
2.755472012569972051e+01
7.143467551154725648e+00
1.146072318154745417e+01
1.747804201015064507e+01
8.009734177973417246e+00
1.935084444669566039e+01
9.951659466295922130e+00
1.212758052789636132e+01
4.546402895629687357e+00
7.583204995539003512e+00
1.066750155659123500e+01
1.189311165014690097e+01
1.122030730810019961e+01
7.843893796782961836e+00
1.097083464075932646e+01
1.105179800745326979e+01
5.211941825244828408e+00
6.203380568816534435e+00
4.546514983826723011e+01
1.440198865505665005e+01
6.330062895944359447e+00
1.179414399527496826e+01
7.170467602934526674e+00
1.234466082467144510e+01
7.221946422654522912e+00
1.259604034088617119e+01
8.660899196661203447e+00
8.336515358618173721e+00
1.459778974272299656e+01
1.223254384591280797e+01
6.453379194646222672e+00
6.734945063751731631e+00
7.928448418709706402e+00
6.159803974873660160e+00
8.749286980038622374e+00
1.208855968220286492e+01
5.381687884086184148e+00
4.978145427468392725e+00
7.171558321960262106e+01
3.528055571197702278e+01
6.546523264519508167e+00
1.667963991955690162e+01
2.817507104035139420e+01
1.499001553977980450e+01
2.785890632754336949e+01
8.944397971617346954e+00
1.744223793597277705e+01
5.190170528633665903e+00
8.972933523146151558e+00
1.877175661840760057e+01
1.506848906494374774e+01
7.159981748607371799e+00
5.125536336492547029e+00
7.009446468844918954e+00
5.957802272210871664e+00
4.433026617131605285e+00
6.569312242338323671e+00
6.782996650377606684e+00
6.663292600820086342e+00
5.053327013411595736e+00
5.387440260493416844e+01
5.653377841481882271e+00
9.206815437165303706e+00
7.722099078499203628e+00
5.825347366334240995e+00
5.579945996173693246e+00
6.252941044986134678e+00
6.487216598885948038e+00
1.699464243942479058e+01
3.629101095785146214e+01
1.109318684931112031e+01
2.634965404343184048e+01
8.961030594761387746e+00
5.326660719356445028e+00
4.622809113792717639e+00
6.803429125089572871e+00
8.243892630698751134e+01
5.357126449630011500e+00
9.960459231506039401e+00
5.272902482754892262e+00
9.495167915454363339e+00
1.133183092254811619e+01
1.031651937034064126e+01
9.923776902113813136e+00
1.448132391533805574e+01
3.718562097324647908e+01
4.492256998397927248e+00
1.079320646739460443e+01
6.296671890641216685e+00
6.777637398364162458e+00
5.284931500492085377e+00
1.218358479205205569e+01
6.533306745856662268e+00
5.598567724454444061e+00
7.249573444944613421e+00
5.305940989156853860e+00
5.559061092973506923e+00
1.029428450564468989e+01
5.215568813541677784e+00
7.801210999878590791e+00
7.332585481560616181e+00
1.002302873078039269e+01
7.193776580211683758e+00
4.362019831185806495e+00
1.537760877756969258e+01
1.318445504234224863e+01
8.042430669646506658e+00
1.401753134898486053e+01
6.030911364850513046e+00
4.398320720155935781e+00
7.803770418882832516e+00
1.014248097631440437e+01
8.939308533279124447e+00
1.011204082904034429e+01
7.605094380594175973e+00
1.329952434492175151e+01
2.126434900386231774e+01
2.315685528768744206e+01
9.437369377193565612e+00
5.363439282337321146e+00
1.483944148068069602e+01
1.043955718986071268e+01
1.188917062117227630e+01
6.870659009387357230e+01
9.350213513494145090e+00
4.721186653805657052e+00
2.104352160779624015e+01
7.545293768906935483e+00
7.522895551398922187e+00
6.957603025397950169e+00
5.424105198668079453e+01
9.785678748166391827e+00
2.174121423873238257e+01
1.227355689704778108e+01
4.360802366801231678e+00
2.169537098456193291e+01
2.784080839047827993e+01
5.617487709548738550e+00
4.870832803732738192e+00
9.675962412761421660e+00
3.168556081293515447e+01
1.341558095355065561e+01
2.272953773289325952e+01
1.119313481647355069e+01
7.603068910279402459e+00
9.706824490865050947e+00
1.030281216515655274e+01
2.797607435158905886e+01
3.279483536454897319e+01
2.930558247327321197e+01
2.405702911021078094e+01
1.227135932661412809e+01
7.633915795191625442e+00
6.968686994454072803e+00
8.801070935089889247e+00
7.212510667312471035e+00
6.078251524082648238e+00
1.562715082721623006e+01
6.855984298087376416e+00
6.791497117208676215e+00
1.971829068883664604e+01
6.472742455751283153e+00
1.073286167233518640e+01
6.092045296964752943e+00
9.251250358796685447e+00
3.735976249100733781e+01
1.258422868318748122e+01
1.532135855424231785e+01
1.241873125029747982e+01
4.965296810933423011e+00
1.295716091183632734e+01
1.116660525148210681e+01
4.486428862498238246e+00
5.020659938018697588e+00
4.050590243510366228e+00
1.524122798122913558e+01
1.985883828807417828e+01
1.112338954061889318e+01
6.049463175612484811e+00
9.259146604106289757e+00
1.085647845899712571e+01
1.768133075266662146e+01
9.371904902345344013e+00
7.711455335040307446e+00
1.104945175012379011e+01
2.174920313973629504e+01
8.803007280942599877e+00
5.372383200360506983e+00
8.388406381295320458e+00
4.083439872142443861e+00
2.425963071738831900e+01
6.579641281852758539e+00
8.101390424822358938e+00
7.200289579225128911e+00
1.149158443160361820e+01
1.435169420490136538e+01
6.766659798692971073e+00
1.803984077107957162e+01
3.280214065739573925e+01
5.242127812335667159e+00
7.744919424443315847e+01
4.894487988652828747e+00
1.326161442572056437e+01
1.162660481346003571e+01
2.264140731319576005e+01
9.190054092104150030e+00
1.095632868090846479e+01
5.353984983564049394e+00
4.103395345301867003e+00
2.578112944085231817e+01
9.276227856974054831e+00
5.752621014300538960e+00
5.723303429032527312e+00
5.763723127348461261e+00
8.268246054924041744e+00
6.796666391112574424e+00
8.560737576014316730e+00
9.196390740753635384e+00
7.468428610675496238e+00
8.550160936302502179e+00
1.087473613194382160e+01
7.301334134174319423e+00
7.234833998661363452e+00
1.270322380815654917e+01
6.852312012240316719e+00
7.830743034246078871e+00
6.995174215884166991e+00
7.286325014141781686e+00
1.579450770425489736e+01
5.237517881290457211e+01
2.735104568961021698e+01
3.930194587107037307e+01
8.446298914172679417e+00
2.195529715286297900e+01
8.629049088140927637e+00
1.532504387033236526e+01
1.074240540726346183e+01
5.423636912722169079e+00
1.761544219100128217e+01
7.937519128074590036e+00
2.466203904092955668e+01
2.028175973113082620e+01
7.300460683768090320e+00
5.681077593711825635e+00
1.473168184942452896e+01
2.525604038122770945e+01
1.162336309270437873e+01
8.546130537384449610e+00
6.381552987165694191e+00
8.110976931325875938e+00
9.814439093654819146e+00
5.052793785444964492e+00
6.846560125798292873e+00
3.101340662108160728e+01
5.264734243948860026e+00
2.003141116119693166e+01
1.642820286847415190e+01
1.199744489759369337e+01
4.788182155863042766e+01
9.279197068568780793e+00
9.472053760076020623e+00
5.979455491422152491e+00
9.181428544691145888e+00
1.187201731219370338e+01
6.288777750135203348e+00
1.782877648429612094e+01
9.127137358721723714e+00
8.626273570413069081e+00
7.023359805917356979e+00
9.758147917498389390e+00
2.283185746485454004e+01
1.326149346861866540e+01
5.394693153002428687e+00
9.818076468347241459e+00
2.645606400646575196e+01
4.222622932211294966e+01
1.169548486203139426e+01
1.747928505758509843e+01
4.735770750445961852e+00
3.252858538499675944e+01
1.965231859043836238e+01
1.063959738077014983e+01
6.248246663879951868e+00
1.784075045420751948e+01
6.398790879031926337e+00
1.045102950051739832e+01
7.633469050944341916e+00
2.441431119561099905e+01
6.207976718010493222e+00
8.137136410165901168e+00
5.499997854257375707e+01
4.845521614070485761e+00
1.582820934222588782e+01
9.725650299957301570e+00
8.369583907129795719e+00
2.383723127146183174e+01
7.290491189477482870e+00
4.509091257082057602e+00
6.389161135310684969e+00
1.723866773387586449e+01
1.111535745533812758e+01
1.731496555648058688e+01
6.219086977137151528e+00
1.754173890772112543e+01
6.792596652695788606e+00
2.234226374811546734e+01
1.475012565327932990e+01
7.090128189347020715e+00
4.063605313612957737e+00
1.396203600219721608e+01
1.458654040485546766e+01
5.691866385363279157e+00
9.029938759654205782e+00
1.428367020553372768e+01
3.763636866237904854e+01
3.063838120575975310e+01
5.676356696661798651e+00
1.727929296770160406e+01
2.704431690145253597e+01
9.520119925007087147e+00
5.332403021151034928e+00
4.390749622652325002e+01
3.081868849741726990e+01
5.881077247747995784e+00
4.262820452677565264e+00
2.207322970589524047e+01
6.622463873159670555e+00
8.640583630321547304e+00
4.736715157841145718e+00
1.640690241260312732e+01
1.021351681391455202e+01
1.663798759324701493e+01
2.233368904622117768e+01
2.737080353329499260e+01
2.692590818899066463e+01
9.236133678353063203e+00
1.750282226759334847e+01
1.926326818273281916e+01
2.976693327075882678e+01
1.945713906490962586e+01
5.348610042679429633e+00
2.133000708531024969e+01
2.416822753604594709e+01
3.512334273632215798e+01
8.740163509934030017e+00
5.376551042242751599e+00
7.973308545427349792e+00
1.522818458132869424e+01
2.767141632540091578e+01
1.337372664232728425e+01
8.893359457421492920e+00
1.059856306911876977e+01
5.513417184200291921e+00
4.949310635148068016e+00
9.862273233446542164e+00
8.521397949225494983e+00
9.053266670332547505e+00
9.882003865183092373e+00
3.487510718479516658e+00
1.634237144919122287e+01
1.378817274941391524e+01
1.169519904028282831e+01
5.906429016586940861e+00
9.305617898218693895e+00
5.571079747106116642e+00
6.644640773254719690e+00
1.333287749154123603e+01
2.764884173751552154e+01
5.978263710189306579e+00
4.165728644557155746e+00
7.214963190262813519e+00
1.360402325200072404e+01
4.845617491837663771e+00
2.542490898021038248e+01
1.399088273275584626e+01
2.993961945198555341e+01
4.455846027147893906e+00
5.672721128480120889e+00
5.519134369943196283e+00
4.563040980544479375e+00
3.359539281586837944e+01
3.579235444867074278e+01
1.013751371339537855e+01
1.639371580008668516e+01
1.903882022746556402e+01
3.129704220326708963e+01
6.030069100355204270e+00
1.136788716374764618e+01
7.151161599971224803e+00
1.318793304674442091e+01
4.058133499386494591e+00
1.024307383818982942e+01
1.153551464265021487e+01
1.555506812834440389e+01
1.814164708105525037e+01
9.736464196117907477e+00
1.757503466159485583e+01
7.305506478125172976e+01
6.789503805641047940e+00
4.751658725666937499e+01
2.090602409058416455e+01
2.341969903693238919e+01
5.829654598786209618e+00
3.196397286928086245e+01
1.651492430829508962e+01
5.355451483045677641e+00
4.617077990426667000e+00
1.685605878555483272e+01
2.329941707460915268e+01
1.431703672386468007e+01
1.245771956364308330e+01
2.534142409709103561e+01
6.349542090752032131e+00
4.734922242751840926e+00
1.594207638341030098e+01
6.784335102382445193e+00
1.243815275603361137e+01
4.955223786261603536e+00
3.399291004463297128e+00
4.224436820606739751e+00
9.442104243463985469e+00
7.826748217362692550e+00
9.645308351778870914e+00
1.512996487947843960e+01
7.754264331529789445e+00
1.844708462449258590e+01
1.006056918869508721e+01
1.655968606963553924e+01
1.671684278529249923e+01
3.711829966172035711e+01
1.792882827522732470e+01
6.417291827932285919e+00
1.561167773722418062e+01
7.572104764342977745e+00
1.360111706565861311e+01
6.134199622153692744e+00
9.691469123144512920e+00
3.634260394586739551e+01
3.603045706228584066e+01
2.108962466833723326e+01
4.305610669461546358e+00
1.521504623100754117e+01
3.943662656484511864e+00
1.317164123239526319e+01
5.718869039105930696e+00
1.027680544371200178e+01
3.922340211087899320e+00
4.587378445166606866e+00
2.998691457549176320e+01
4.926075806591440731e+00
5.750386208900657437e+00
1.064003188730578486e+01
1.635356329194619818e+01
4.653170838126597708e+00
3.621542723182237467e+00
2.634658046683494703e+01
8.896681522284096033e+00
5.187668391624669084e+00
5.167710843035167478e+00
9.643401838511776347e+00
7.255675838430367008e+00
5.848501429182855205e+00
3.290410164206838850e+00
6.213580089747065216e+00
6.074654590670296450e+00
5.629123975681954661e+00
6.141342822589354711e+00
1.197356559094651374e+01
7.397714040227701737e+00
6.294778659342844307e+00
9.258695756927888709e+00
1.589646263175488627e+01
4.335638322840487113e+00
1.863974412069206110e+01
1.184219900691638649e+01
6.611841680984712255e+00
8.009044273994179619e+00
7.003326711342688249e+00
2.007644789724772139e+01
4.252001706916765933e+00
3.213216922286499244e+00
1.928217085171779743e+01
1.296109999141153146e+01
4.709664277951029021e+01
6.646193384984437103e+01
5.154866402492465305e+00
3.860553535927919722e+00
3.203459670623380617e+01
1.782753766413940610e+01
1.521643644910393789e+01
1.778902930085353873e+01
2.003158110494002386e+01
4.950860436357883643e+00
4.599301841465053542e+01
6.537748997728265010e+00
4.175120844094632133e+00
5.411902615150512297e+00
7.614116722890829969e+00
4.042415852870717430e+01
4.816740993248247804e+01
2.869097936332712351e+01
1.631576356113378878e+01
3.927641573540692121e+01
1.539806755550603157e+01
2.351007128402623181e+01
8.703052573633014433e+00
1.619881823051199987e+01
3.164970641561853171e+01
1.697016572532231038e+01
5.269496172788045385e+00
4.116607632051149324e+00
3.740912882095793535e+00
4.481686708733142233e+00
1.894163336817552334e+01
2.775818421419147342e+01
1.547120691292768235e+01
4.880589606793293456e+00
1.083874698286817306e+01
1.210533606185281563e+01
5.395632971715457415e+00
4.486008694357505711e+00
1.914544523512251928e+01
2.429284918934576609e+01
2.604014203058487453e+01
7.366140500960384863e+00
2.629200251402136246e+01
4.376181021751465750e+01
1.344391823743637637e+01
8.873904057816920599e+00
1.281249765592817269e+01
3.854995159861481113e+01
2.005810654493527068e+01
1.336617312794136936e+01
2.176950877212072299e+01
3.954703519372060327e+01
2.021630572688587790e+01
2.115806332479151308e+01
1.145060719400430038e+01
1.123793834506452605e+01
2.215791445994409870e+01
1.312437585969317411e+01
3.636619568984660589e+01
5.379046295310431702e+01
5.549872999692404996e+00
4.631244314069338941e+01
6.462488606078620634e+00
2.289473927920536056e+01
4.243071287709969219e+00
5.890919910338021204e+00
1.342781961014615355e+01
2.636362148843121389e+01
1.567916185260663120e+01
5.329477070802037808e+00
3.857341047059327366e+01
5.142938589420634976e+00
2.405604626496909404e+01
2.043566782417326166e+01
6.150508902737451322e+00
2.069280702166856756e+01
5.551429499049316263e+00
1.624373581696765356e+01
3.638212805553517448e+00
1.403213556098281423e+01
4.004215898710958399e+00
1.382382878579813834e+01
2.243622721519020402e+01
6.463259702391580319e+00
1.160082901975900072e+01
1.448171826155772024e+01
1.576797556010231993e+01
1.576056143853404024e+01
1.634190907820921623e+01
3.292623581636038210e+01
5.248563093141934921e+00
1.273282269959360669e+01
5.706927614715088026e+00
4.686438061278986211e+00
9.571518134762435182e+00
1.101484153681199984e+01
5.995107690784175603e+00
7.175322509559880935e+00
1.741912601331600996e+01
1.135250426801613344e+01
7.937127364410885733e+00
7.980210921047933503e+00
3.509831918871423539e+01
1.331731146608393956e+01
4.690027810575080025e+01
1.366438059598405097e+01
1.165408637259489311e+01
3.041875846208684564e+01
3.053789350230240895e+00
3.172778811970519808e+00
4.262699163807435099e+01
2.639917128148078973e+01
2.686748755948478262e+01
1.616272944096066055e+01
2.752217332703243713e+01
1.650643955588215306e+01
4.032800376032923850e+01
7.109791595453585522e+00
7.885115068649080072e+00
4.722722040747617456e+01
1.297114039950480979e+01
2.064151321692960650e+01
6.935825225910464908e+00
3.357917965739574839e+01
1.923985330928783810e+01
1.459481166990181755e+01
3.729192264619222641e+01
1.634427207358909584e+01
4.753135537623083273e+00
2.296175073329578353e+01
3.716787446766952741e+01
1.215950187680134320e+01
4.023173043762515988e+01
5.880943908456881530e+00
3.461391634496067127e+00
3.144218600558521715e+01
2.375347861585422038e+01
8.452519360160238193e+00
3.613432618889472536e+01
3.065370591570395575e+01
8.101910242510774296e+00
1.489934129829846832e+01
1.101791251642628922e+01
5.684476628202098425e+00
3.885396071307097543e+01
1.480632034813965348e+01
4.671716222721808087e+00
1.485853885476607061e+01
2.288388224318172348e+01
4.647501652099023772e+01
3.291788966696174867e+01
3.192680957137891795e+00
2.407164028901123487e+01
8.266568545949594338e+00
1.492529309832208284e+01
6.562570056953589415e+00
2.872909699490207913e+01
5.165343643586361111e+00
3.755086187585433777e+01
2.212615731134186703e+01
1.621886783179573044e+01
5.006026359393011660e+00
5.160916503238829556e+00
6.865418378243364650e+00
3.875154174644216454e+01
8.514183554785127228e+00
4.170968032523828306e+00
2.633607143796886518e+01
8.060759963867820233e+00
5.812844451053171824e+00
6.245727056253836729e+00
4.300616924920477757e+00
4.412367201011746687e+01
9.957017400057612377e+00
3.835607354327364771e+00
8.917309098955779945e+00
2.464041897688354865e+01
1.827021254784845894e+01
1.417641413937486483e+01
1.344350841758508075e+01
2.372399810622084004e+01
5.097830809889186554e+01
4.147673213582238283e+00
7.201710934778237316e+00
8.954059542716793274e+00
1.929095784686235149e+01
3.959455641620516531e+01
4.651295936195089631e+00
6.196252547281454248e+00
2.659186455450204889e+01
2.576731493358991898e+01
2.132993679269280562e+01
1.523546015425958977e+01
6.101320775347960357e+00
3.170872990056341933e+01
1.482923558363031979e+01
3.437791339432184401e+01
1.710082385392999171e+01
2.938662042122876628e+01
9.465682973982584514e+00
5.095757639215806378e+00
8.273942944000143740e+00
4.193722928930167626e+01
2.943902916564482197e+01
2.944494422719807858e+01
1.167322469949439778e+01
8.919400848156147532e+00
2.734999871063826760e+01
5.831362788593350110e+00
1.360866352982628946e+01
1.029970040809305765e+01
3.346363316661523157e+01
4.518582816161860904e+01
1.455603285961742621e+01
5.624305299081754583e+00
1.647241203889520378e+01
1.849824900834508412e+01
7.124624008002469644e+00
1.517883686813873112e+01
6.096082745084502541e+00
1.073724352642852864e+01
6.381041736598648484e+00
4.432175796245902077e+00
3.559647059150886150e+01
2.330676300590475236e+01
2.399472459600963248e+01
6.645612673271950044e+00
8.064830827740927077e+00
6.426730605419855635e+00
1.912599930487086652e+01
6.585451738401580712e+00
1.927332337638584647e+01
2.570027100367633111e+01
1.992361300588422068e+01
2.262349381091599909e+01
4.074623682611663078e+00
9.420362874016706911e+00
1.890387345247374284e+01
4.723106935117988847e+00
1.059438760899075405e+01
4.127753463198935435e+00
8.403736924901158645e+00
2.055796868650472931e+01
7.980869690310589348e+00
1.247399905753695215e+01
1.091864511116070524e+01
1.288028078436103563e+01
3.263851984524800542e+01
3.336009061142728438e+00
9.912713838520426535e+00
9.499262802748820178e+00
2.379596829674903091e+01
3.564808972128106745e+01
2.079341468412338045e+01
4.374874014811738654e+00
4.807605966507975559e+00
2.683037461184148498e+01
1.210784676103696711e+01
1.856606256727972948e+01
2.091918047553257765e+01
1.112583299716952112e+01
5.091573096118834130e+00
6.805563291701923312e+00
9.749721742455099260e+00
5.507154664994991400e+00
8.736991933574739022e+00
2.582441014663726975e+01
5.844175287814532993e+00
8.009538127892831483e+00
1.288009709944927828e+01
5.068346912228073542e+00
6.859982553515353132e+00
2.370340069476950973e+01
9.376171261139370827e+00
1.737870243692710659e+01
5.840847142471965903e+00
1.373014872620388083e+01
9.612957398973952294e+00
2.648767714556008457e+01
7.395102380217658755e+00
1.413172530079853395e+01
1.661367113036064680e+01
1.370528507218147851e+01
4.562852890453900301e+00
2.572304452589184720e+01
6.453764910523239529e+00
5.691960673511850644e+00
3.275633144628918814e+01
1.402342271424466702e+01
7.422834244074095089e+00
1.307864091852602506e+01
7.272482526094756317e+00
9.026878699694192321e+00
3.754364679069590149e+00
1.518236465333368912e+01
1.642613018512547995e+01
5.602861849375411651e+00
1.601298724591732991e+01
1.275579613539890111e+01
2.875520253109022306e+01
9.774657557824601994e+00
6.479247395563264789e+00
6.699697048067895011e+00
2.038449719117023662e+01
3.196416711516554798e+01
2.780452447237582803e+01
1.372481740200949218e+01
3.460768687658642051e+01
3.097754673636763201e+01
1.952765794943198685e+01
3.122985749974546366e+01
1.115897848567962392e+01
1.703728710132966739e+01
1.264210986398600411e+01
1.246240841350083173e+01
6.551360706658810429e+00
7.149559304824507855e+00
9.960125781212518348e+00
