2.175061640739441027e-01
3.688518905639648349e-02
3.626247525215148954e-02
3.603056144714355397e-02
3.605283164978027172e-02
3.593143224716186662e-02
3.596435976028442699e-02
3.616187167167663613e-02
3.602438044548034873e-02
3.599265003204345920e-02
3.612151312828063704e-02
3.602295827865600875e-02
3.635348868370056469e-02
3.613641190528869840e-02
3.604236555099487455e-02
3.628492188453674022e-02
3.611277699470519936e-02
3.612698411941528409e-02
3.626282691955566573e-02
3.626900267601013139e-02
3.619718551635742188e-02
3.598451685905456471e-02
3.607039260864258051e-02
3.629008293151855802e-02
3.631366109848022800e-02
3.650279521942138838e-02
3.657421040534972884e-02
3.652200484275817949e-02
3.612137794494629101e-02
3.636409831047058422e-02
3.638251209259033003e-02
3.642525410652160817e-02
3.648800802230835194e-02
3.678830718994140908e-02
3.611631011962890964e-02
3.601177716255187650e-02
3.640963244438171625e-02
3.661646890640259111e-02
3.614390349388122564e-02
3.614736199378967146e-02
3.622338461875915239e-02
3.633506870269775230e-02
3.601676225662231445e-02
3.611515283584594560e-02
3.599924612045288241e-02
3.606734561920166282e-02
3.572482514381408736e-02
3.592041420936584184e-02
3.603535270690917669e-02
3.596773862838745228e-02
3.620278215408324896e-02
3.584613227844238303e-02
3.601196193695068576e-02
3.593117475509643305e-02
3.643357443809509127e-02
3.704714846611022877e-02
3.683264303207397367e-02
3.679550004005432279e-02
3.725447583198547574e-02
3.751157927513122659e-02
3.673795676231384616e-02
3.701703119277954118e-02
3.693655252456665150e-02
3.662579059600830356e-02
3.660762977600097445e-02
3.707827258110046181e-02
3.679735922813415216e-02
3.730737042427063194e-02
3.703150129318237560e-02
3.714062237739562677e-02
3.690065979957580372e-02
3.719088673591613992e-02
3.711750411987304460e-02
3.689438748359680220e-02
3.747191572189331049e-02
3.737287402153015303e-02
3.697262668609618830e-02
3.735140824317931957e-02
3.702984571456909013e-02
3.705287337303161954e-02
3.698661208152771024e-02
3.721928000450134416e-02
3.717569422721862804e-02
3.738753938674926891e-02
3.760247111320495772e-02
3.705084943771362604e-02
3.727685022354126215e-02
3.712376785278320018e-02
3.729012060165405595e-02
3.724223351478576916e-02
3.709043478965759477e-02
3.698190283775329434e-02
3.605980896949768227e-02
3.694737648963928450e-02
3.693534922599792797e-02
3.685663104057312206e-02
3.674417114257812200e-02
3.677476453781127613e-02
3.677709245681762967e-02
3.670416426658630604e-02
3.664049816131591947e-02
3.569825959205627508e-02
3.670480966567993275e-02
3.671616077423095481e-02
3.671433377265929943e-02
3.659386491775512562e-02
3.662571477890014943e-02
3.670083642005920327e-02
3.669823527336120439e-02
3.677966713905334722e-02
3.690781283378601063e-02
3.722624564170837203e-02
3.714421534538268899e-02
3.697272396087646767e-02
3.732400274276733571e-02
3.693812274932860990e-02
3.713753366470336909e-02
3.722682881355285356e-02
3.690508079528808522e-02
3.724352264404296592e-02
3.725595855712890425e-02
3.661637878417968450e-02
3.719959950447082608e-02
3.730580496788024614e-02
3.660906529426574685e-02
3.672805404663086193e-02
3.646513628959655723e-02
3.679204034805298035e-02
3.709437274932861350e-02
3.688442468643188255e-02
3.722468662261962935e-02
3.689997100830078036e-02
3.745801162719726574e-02
3.742863392829894748e-02
3.739388632774352794e-02
3.727628469467163252e-02
3.757159161567687894e-02
3.727767753601074485e-02
3.754050660133361611e-02
3.702126121520996072e-02
3.773810172080993564e-02
3.743343782424926602e-02
3.728063583374023604e-02
3.743682026863098117e-02
3.761013412475586182e-02
3.769888401031493835e-02
3.770108652114868147e-02
3.739840388298034529e-02
3.759235882759093955e-02
3.733343768119812278e-02
3.754365420341491955e-02
3.759901332855224848e-02
3.761262607574462902e-02
3.752533006668090643e-02
3.770880389213562139e-02
3.746534132957458213e-02
3.733085536956787243e-02
3.739104127883911138e-02
3.755515909194945962e-02
3.755979108810424821e-02
3.731759715080261441e-02
3.745914936065673773e-02
3.742195582389831743e-02
3.731948447227478177e-02
3.697218751907348916e-02
3.769075155258178739e-02
3.774808549880981356e-02
3.747344088554382252e-02
3.753390884399414318e-02
3.763211488723754855e-02
3.780928564071655423e-02
3.772775173187255943e-02
3.753859996795654019e-02
3.792539763450622492e-02
3.723908495903015259e-02
3.759867429733276117e-02
3.726047706604004167e-02
3.769390892982482644e-02
3.694180035591125566e-02
3.743228840827941828e-02
3.755133605003357217e-02
3.720933055877685691e-02
3.784977436065673634e-02
3.726998281478881986e-02
3.736690640449524120e-02
3.740390038490295360e-02
3.709646272659301858e-02
3.742683410644531000e-02
3.779538798332214566e-02
3.758696842193603310e-02
3.790458202362060464e-02
3.679779720306396162e-02
3.756155681610107155e-02
3.710903930664062600e-02
3.791140770912170693e-02
3.765044331550598117e-02
3.784524750709533647e-02
3.798015189170837747e-02
3.803588581085205061e-02
3.814818286895751975e-02
3.821881198883056441e-02
3.816939258575439281e-02
3.814561653137207159e-02
3.848764014244079879e-02
3.792618155479431097e-02
3.800918006896972928e-02
3.802334451675414700e-02
3.816355919837951388e-02
3.749318718910217563e-02
3.783709549903869346e-02
3.846112036705016946e-02
3.789563941955566284e-02
3.765881371498108060e-02
3.740635228157043746e-02
3.784264016151428489e-02
3.796652770042419772e-02
3.809187674522399730e-02
3.766998243331909357e-02
3.746505045890807795e-02
3.792991995811462180e-02
3.787475657463073436e-02
3.796244764328002980e-02
3.783221626281738081e-02
3.804882550239562650e-02
3.715883851051330483e-02
3.703250527381896778e-02
3.739298582077026090e-02
3.757985353469848328e-02
3.807957673072814853e-02
3.766705489158630321e-02
3.693982982635497792e-02
3.833844351768493641e-02
3.865879106521606656e-02
3.796688151359558366e-02
3.839095687866211221e-02
3.840711188316345281e-02
3.838292741775512634e-02
3.846797513961792286e-02
3.719979572296142761e-02
3.783996248245239530e-02
3.823266506195068665e-02
3.836945438385009483e-02
3.863273191452026162e-02
3.816799712181091070e-02
3.804809975624084267e-02
3.839957547187804882e-02
3.836771726608276256e-02
3.807065200805664212e-02
3.674268889427185353e-02
3.645521020889282149e-02
3.816078257560730214e-02
3.789760112762451116e-02
3.867821884155273754e-02
3.843060421943664262e-02
3.853685402870177940e-02
3.854824829101562156e-02
3.815662837028503673e-02
3.854582452774047568e-02
3.826297521591186246e-02
3.833474969863891885e-02
3.842334651947021396e-02
3.869095158576965621e-02
3.851949214935302540e-02
3.853201389312744390e-02
3.851829123497009510e-02
3.832794952392577781e-02
3.823015713691711726e-02
3.871269226074218472e-02
3.836108899116515841e-02
3.839622139930724820e-02
3.844665527343749806e-02
3.825806307792663230e-02
3.855188751220703369e-02
3.866232705116272317e-02
3.814894247055053422e-02
3.867731308937073093e-02
3.850672864913940591e-02
3.853546953201293646e-02
3.855279564857482660e-02
3.815399694442749012e-02
3.837095928192138516e-02
3.871481943130493375e-02
3.871459937095642068e-02
3.819127249717712419e-02
3.837266421318054344e-02
3.869444799423217562e-02
3.802172303199768261e-02
3.742141222953796614e-02
3.841652798652649137e-02
3.817044186592102178e-02
3.838814759254455256e-02
3.855279207229614369e-02
3.873156881332397161e-02
3.848828148841858254e-02
3.746525216102600253e-02
3.824528598785400385e-02
3.852667665481567666e-02
3.845298862457275507e-02
3.876599717140197937e-02
3.852090668678283952e-02
3.854019188880920127e-02
3.806819629669189187e-02
3.839328551292419539e-02
3.853492164611816567e-02
3.840833163261413857e-02
3.861996984481811529e-02
3.868583393096923506e-02
3.861630392074585222e-02
3.859638786315917891e-02
3.860926294326782332e-02
3.863211297988891624e-02
3.894319915771484591e-02
3.914036250114440868e-02
3.988686299324035317e-02
3.977547407150268388e-02
3.962558579444885182e-02
3.943237185478210699e-02
3.965076375007629134e-02
3.902588987350463778e-02
3.891967153549194536e-02
3.928926801681518338e-02
3.974779224395751792e-02
3.956644415855407881e-02
3.992758846282958712e-02
3.987859272956847945e-02
3.931921386718750105e-02
3.971911334991454906e-02
3.786113953590392739e-02
3.840403151512145757e-02
3.841190886497497514e-02
3.839710426330566334e-02
3.853176808357238609e-02
3.812380552291869812e-02
3.849503445625305359e-02
3.848883128166198653e-02
3.817563343048095692e-02
3.858864712715148748e-02
3.889723539352416687e-02
3.949296283721923789e-02
3.925515460968017484e-02
3.913097095489501825e-02
3.922292184829712092e-02
3.937258958816527987e-02
3.926773643493652183e-02
3.909208297729491882e-02
3.912783813476562733e-02
3.926020860671997070e-02
3.952117776870727600e-02
3.928438496589660434e-02
3.947139692306518566e-02
3.930506110191345215e-02
3.944217348098754544e-02
3.939787435531616477e-02
3.887527799606323164e-02
3.862874341011047347e-02
3.870793604850768926e-02
3.852154088020325051e-02
3.863677334785461243e-02
3.828759837150573497e-02
3.885456204414367704e-02
3.891077661514281971e-02
3.863359212875366183e-02
3.910802936553955250e-02
3.943829607963562217e-02
3.943201088905334134e-02
3.921215820312499989e-02
3.947504711151123002e-02
3.928695869445800876e-02
3.972933673858642517e-02
3.928212475776672596e-02
3.889883661270141652e-02
3.981875514984131031e-02
3.941580057144165178e-02
3.938824844360351574e-02
3.918001937866211204e-02
3.929699420928955272e-02
3.880290055274963207e-02
3.830116200447082619e-02
3.886623620986938421e-02
3.942561364173888944e-02
3.841370964050293269e-02
3.825684285163879345e-02
3.888603305816650674e-02
3.892374253273010037e-02
3.858811616897583202e-02
3.874556064605712974e-02
3.854793071746825950e-02
3.907386398315429443e-02
3.834685063362121282e-02
3.870497131347656189e-02
3.914322733879089383e-02
3.948674345016479209e-02
3.972180151939391779e-02
3.893202853202819974e-02
3.917221570014953885e-02
3.899230694770813160e-02
3.962085700035095082e-02
3.948171401023864435e-02
3.948448514938354692e-02
3.905085515975952049e-02
3.945274496078491483e-02
3.944792628288269071e-02
3.934247779846191534e-02
3.961173057556152677e-02
3.932330846786499107e-02
3.824666357040405057e-02
3.867621684074401545e-02
3.863496446609496898e-02
3.860926818847656289e-02
3.863061690330505532e-02
3.868316435813903831e-02
3.859272503852844566e-02
3.884450721740722451e-02
3.865797591209411965e-02
3.842889904975890780e-02
3.885194301605224276e-02
3.856509590148925887e-02
3.856155371665954262e-02
3.856940293312072915e-02
3.857156014442443548e-02
3.860491251945495639e-02
3.883902597427368181e-02
3.874188590049743725e-02
3.841924214363098139e-02
3.844985318183898743e-02
3.848702406883239974e-02
3.854168295860290611e-02
3.857018923759460149e-02
3.868506431579590149e-02
3.865374636650085322e-02
3.812574577331542813e-02
3.840830063819885426e-02
3.884157109260558821e-02
3.857740211486816728e-02
3.875652694702148154e-02
3.889274930953979387e-02
3.887346887588501165e-02
3.832628154754638694e-02
3.867785000801086254e-02
3.844699931144714145e-02
3.766639614105224410e-02
3.690087270736694403e-02
3.848689031600951993e-02
3.862371993064880188e-02
3.853506779670715088e-02
3.872891712188721025e-02
3.861199975013732827e-02
3.861731839179992354e-02
3.890543985366821250e-02
3.868329524993896484e-02
3.883755278587341236e-02
3.861189556121825961e-02
3.885634589195251232e-02
3.865367007255553905e-02
3.860082483291626260e-02
3.839845895767211859e-02
3.833829212188720470e-02
3.806900024414062306e-02
3.859339714050293024e-02
3.842638778686523204e-02
3.870262384414673018e-02
3.868119382858276056e-02
3.844113874435424461e-02
3.885041141510009455e-02
3.879194164276122958e-02
3.858271050453185996e-02
3.886657309532165483e-02
3.876524209976196095e-02
3.854073190689086964e-02
3.863574814796447848e-02
3.881395959854126027e-02
3.812607026100158641e-02
3.866112160682678295e-02
3.749231791496276944e-02
3.850762701034545626e-02
3.905570673942566212e-02
3.874126982688903820e-02
3.884792256355285717e-02
3.912784910202026650e-02
3.863772726058960216e-02
3.883804082870483121e-02
3.842520093917846380e-02
3.846350264549255188e-02
3.844264602661132818e-02
3.889954423904418840e-02
3.852233076095581271e-02
3.865476155281066806e-02
3.901102566719055059e-02
3.861696481704712108e-02
3.868063783645629694e-02
3.883981871604919728e-02
3.902951812744140381e-02
3.889868950843811124e-02
3.859914684295654569e-02
3.859371566772461237e-02
3.882435274124145658e-02
3.888059592247009033e-02
3.897882270812988437e-02
3.879625439643859947e-02
3.877008461952209661e-02
3.870728397369384982e-02
3.782009387016296159e-02
3.885540723800659513e-02
3.895429134368896817e-02
3.914434695243835388e-02
3.901056957244872919e-02
3.852174353599548129e-02
3.896609568595886530e-02
3.892885446548462192e-02
3.894530296325683649e-02
3.893998932838439730e-02
3.770865917205810242e-02
3.687317228317260609e-02
3.883800721168518405e-02
3.811971807479858088e-02
3.764978623390197870e-02
3.866887736320495650e-02
3.749243426322936695e-02
3.777588701248169034e-02
3.820051622390747276e-02
3.873795557022094438e-02
3.884394216537475492e-02
3.884234261512756192e-02
3.867049360275268827e-02
3.801050519943237338e-02
3.857264566421508833e-02
3.780534672737121543e-02
3.848369979858398682e-02
3.850195121765136869e-02
3.866190886497497536e-02
3.860345363616943248e-02
3.852878808975220004e-02
3.842623066902160767e-02
3.865968108177184753e-02
3.875861120223998701e-02
3.869821858406066739e-02
3.881030178070068309e-02
3.833636546134949058e-02
3.810940003395080905e-02
3.842527532577514476e-02
3.815389394760131808e-02
3.899078178405761957e-02
3.868882608413696383e-02
3.894487929344177257e-02
3.835221219062805165e-02
3.824699091911316212e-02
3.791591238975525191e-02
3.842654895782470631e-02
3.814781737327575806e-02
3.833265328407287759e-02
3.811596727371215770e-02
3.843399405479431402e-02
3.810670876502991050e-02
3.807508492469787592e-02
3.817486214637756670e-02
3.798166394233703363e-02
3.837585783004760637e-02
3.837451410293579029e-02
3.802049756050109725e-02
3.832693862915038940e-02
3.777302408218383839e-02
3.802973031997680664e-02
3.752436590194702104e-02
3.672083735466003668e-02
3.813059139251708668e-02
3.827707338333129899e-02
3.846513986587524192e-02
3.825900053977965981e-02
3.828621149063110574e-02
3.813427615165710521e-02
3.871872472763061845e-02
3.857560825347900596e-02
3.872543883323669583e-02
3.868547606468200617e-02
3.846656775474548151e-02
3.793091297149658175e-02
3.877757215499878091e-02
3.859070515632629511e-02
3.846386003494262767e-02
3.851129746437072926e-02
3.874636530876159751e-02
3.855478024482727334e-02
3.860284090042113980e-02
3.855811500549316539e-02
3.866638231277465948e-02
3.864353084564208646e-02
3.884597587585449097e-02
3.881389141082763894e-02
3.833590173721313638e-02
3.845057034492492531e-02
3.829927706718444513e-02
3.826286458969116455e-02
3.838475418090820518e-02
3.807021880149841220e-02
3.813787555694580361e-02
3.827860593795776034e-02
3.795566916465759055e-02
3.821621394157409535e-02
3.914643239974975597e-02
3.901257777214050398e-02
3.924039912223815929e-02
3.901480317115783858e-02
3.899993562698364502e-02
3.930148363113403209e-02
3.915626168251037931e-02
3.953939509391784374e-02
3.924434065818786788e-02
3.930380439758300593e-02
3.927982616424560702e-02
3.906568765640258678e-02
3.906277155876159562e-02
3.899711036682129012e-02
3.917925238609314131e-02
3.900046682357788397e-02
3.868797063827514315e-02
3.896693897247314325e-02
3.894858169555664301e-02
3.894030189514160328e-02
3.919809532165527410e-02
3.947113108634948964e-02
3.938945746421813887e-02
3.901693534851074369e-02
3.941245388984680048e-02
3.925955080986023166e-02
3.865694594383239924e-02
3.951770401000976457e-02
3.934403347969055165e-02
3.891831874847412331e-02
3.966605257987976252e-02
3.950696849822998152e-02
3.943626332283019925e-02
3.945934796333312733e-02
3.934099817276000971e-02
3.946436643600463590e-02
3.915583324432372891e-02
3.928197073936462447e-02
3.914902520179748546e-02
3.941568517684936740e-02
3.928375244140625000e-02
3.923916220664978166e-02
3.975315093994140347e-02
3.927099156379700029e-02
3.912245845794677657e-02
3.928289771080017284e-02
3.978474640846252353e-02
3.923862433433532998e-02
3.929256463050842529e-02
3.931067347526550487e-02
3.925453448295593284e-02
3.930922484397888356e-02
3.932250380516052329e-02
3.952115106582641813e-02
3.945755553245544611e-02
3.950983381271361977e-02
3.954060697555542014e-02
3.966942882537841802e-02
3.952569746971130310e-02
3.940273261070251221e-02
3.921306824684143294e-02
3.929046463966369418e-02
3.927014231681823925e-02
3.932516002655029458e-02
3.925590682029723999e-02
3.992308545112609880e-02
3.930579304695129561e-02
3.952063798904419112e-02
3.964826989173889094e-02
3.992739343643188221e-02
3.934431838989257968e-02
3.975901985168456970e-02
3.963360619544983171e-02
3.944486832618713384e-02
3.940210080146789445e-02
3.912247490882873879e-02
3.951600122451782299e-02
3.937355232238769209e-02
3.909019422531127830e-02
3.929651331901549971e-02
3.958050298690796165e-02
3.974403262138366533e-02
3.966809296607971130e-02
3.997087168693542331e-02
4.029053473472594959e-02
4.000338768959045554e-02
4.008534574508666737e-02
3.954214453697204451e-02
3.968831110000610451e-02
3.960953402519225980e-02
3.911602139472961093e-02
3.964338064193725919e-02
3.981746315956116028e-02
3.958844256401061745e-02
4.017430353164672813e-02
3.965306806564330988e-02
3.975306582450866683e-02
3.976313447952270486e-02
3.960985827445984153e-02
3.936780381202698020e-02
3.952433466911316196e-02
4.011747765541076594e-02
3.984594941139221053e-02
3.978218626976013500e-02
3.982686400413513322e-02
3.971375989913940308e-02
3.992152833938598933e-02
3.959647774696350292e-02
4.000064206123352117e-02
3.969963884353637507e-02
3.940809440612792758e-02
3.874704647064208807e-02
3.971530318260192705e-02
3.997345447540283370e-02
3.975813460350036826e-02
3.967117881774902266e-02
3.914331054687499728e-02
3.916241836547851296e-02
3.965907120704650901e-02
3.931209707260131803e-02
