1.547872089108089995e+02
1.305449617548287620e+02
1.478660644018255823e+02
1.547489105890530539e+02
1.481616219777370986e+02
1.458190952159795302e+02
1.256643505528353160e+02
1.159735783111782013e+02
1.159402245861897143e+02
1.268817863021242829e+02
1.166089390135001338e+02
1.202174213346075220e+02
1.232357921415745352e+02
9.322057749463499476e+01
1.036439982138663680e+02
9.026716007745821457e+01
8.536303518180913841e+01
9.193993943206957908e+01
8.999231762903255571e+01
7.511451607538860742e+01
5.011837536638179813e+01
7.493212545607232755e+01
5.402461783882311153e+01
9.630457523137775411e+01
4.825996243374681427e+01
6.586579722032531947e+01
8.666445549886795163e+01
8.448236883182724455e+01
2.583810036164913981e+01
3.979499233745537623e+01
5.213350794946642708e+01
5.299231298138392532e+01
5.834962639669141993e+01
1.347677157131810510e+01
4.725772978375636058e+01
4.598867753179704465e+01
4.535221323962861817e+01
3.416990102551271491e+01
1.993113261774526634e+01
1.677612871969593655e+01
5.044289241136707602e+01
1.976354344433596921e+01
1.350554209544271522e+01
1.853558401416313473e+01
4.152593208056936902e+01
1.238212711259289023e+01
1.518530853027811567e+01
1.755143678327518941e+01
1.454595450520258915e+01
1.376052409983385161e+01
3.424384330764357998e+01
1.568725921784224475e+01
1.669908633555959199e+01
1.758056301629391172e+01
1.649830621643506490e+01
1.971977986084713308e+01
1.906003608408629546e+01
3.342061372238194394e+01
1.213334818073926868e+01
1.102937492079582782e+01
3.021580029467914130e+01
1.377310762361033980e+01
2.126389992913704319e+01
1.105065387989234438e+01
1.876825377951108820e+01
1.726078115865876939e+01
1.281113444379189481e+01
1.327585757255164367e+01
2.037225162913217602e+01
2.580819664311320949e+01
8.252389501536878669e+00
1.075031385330456324e+01
9.454540494296024278e+00
7.430649170656826286e+00
1.332386893465075772e+01
7.853998335560456567e+00
8.059623617448641753e+00
1.274070684421328714e+01
1.607180198574344843e+01
1.939508239458931982e+01
1.347603795179434094e+01
7.080931776356813145e+00
6.397062803517686191e+00
1.327542758269015444e+01
6.998708107561524727e+00
1.339262904539948806e+01
1.238825157734422611e+01
1.307113446619509745e+01
1.172564312061580338e+01
1.909813645682947580e+01
1.237922236676156729e+01
2.468927685586905341e+01
5.871630368125368094e+00
6.305578416689828991e+00
1.085822895212311856e+01
9.341279390852911035e+00
7.796017846090802728e+00
1.021599053809947222e+01
1.363783926029953086e+01
1.645764869742555092e+01
1.361107823452512200e+01
1.147551170517790986e+01
1.145689866195725592e+01
6.699425833782968631e+00
1.599568128847993442e+01
1.884675829966806404e+01
5.109187046351403971e+00
1.050898578784958914e+01
1.088653358690000061e+01
2.069218947340908343e+01
1.169072332229741917e+01
1.983339598079796318e+01
2.124885602943173879e+01
1.030966221838188446e+01
1.249898146598285997e+01
6.343326740780388384e+00
1.052601636933420437e+01
8.414064864116896914e+00
1.328554594449900961e+01
1.255912904547218467e+01
7.426253873742303391e+00
1.993021257388285150e+01
8.555570725727360326e+00
9.979166652394733106e+00
4.320406299922831650e+00
7.223159555366457596e+00
4.876689126994936174e+00
6.642479471095934507e+00
1.061070997164737761e+01
1.047651058100387189e+01
8.166552720066899695e+00
5.180978001256669074e+00
5.509629424690272614e+00
1.063666369430363368e+01
5.915400824621778852e+00
5.342857595180037222e+00
2.074087662244377483e+01
3.773086019739774422e+00
1.278090468754847286e+01
6.646499389201349750e+00
8.299045848768072275e+00
7.524372858872744096e+00
8.514593064713302795e+00
1.271388836590730875e+01
6.487977585772507716e+00
8.159098926578533195e+00
1.048277215427055076e+01
7.369161426227934797e+00
6.283693464696260556e+00
7.559277144287141148e+00
7.669404328268583981e+00
7.714217812372212713e+00
7.345758133597606765e+00
4.486901385464046044e+00
7.693068745423793153e+00
1.091412858755355586e+01
6.691862173232947519e+00
5.021510001960996838e+00
9.063039283105654320e+00
6.893551515306678645e+00
1.205948995612725483e+01
8.716426628543485933e+00
9.165709625268565475e+00
9.019663174366703728e+00
3.686471237695449599e+00
4.310276231221620513e+00
1.114918819495524716e+01
8.770967092763093831e+00
1.047513642766894648e+01
7.596809808987062596e+00
1.248110812446050311e+01
6.417249587071974126e+00
7.539421612154957764e+00
4.683254371329699239e+00
8.689073618832873436e+00
7.573493062865054526e+00
5.720719957400297595e+00
5.731208704892286399e+00
9.487581360997735302e+00
1.006322926510523885e+01
5.782981820163895392e+00
5.323983287690302824e+00
7.594556310590354187e+00
4.090257585648581440e+00
5.015559644953217600e+00
8.923418269942629877e+00
5.904218815128220221e+00
8.424696582703887771e+00
1.111080818021345173e+01
6.093716858001164027e+00
6.010272547171235935e+00
7.107211302628355654e+00
8.333990174575765408e+00
9.296320454421666213e+00
1.910714779649072526e+01
8.151786025565504801e+00
5.290774370995409370e+00
3.518497860170407332e+00
1.750746692932687765e+01
6.432500723426133327e+00
7.044869386402286437e+00
1.464558369530715964e+01
9.191320461872560799e+00
5.033284022724291873e+00
6.240023457723467892e+00
6.920872507010674468e+00
5.578448761955834279e+00
8.522553074908190140e+00
3.825322196783686124e+00
1.085911477444079587e+01
9.776178408161808164e+00
9.109329338997909531e+00
6.397734173734796137e+00
5.281008061435299439e+00
4.241275720714111408e+00
1.168104551025226456e+01
6.811005746521274773e+00
8.269659195080931724e+00
4.742061551152167986e+00
4.740021741615378481e+00
1.175912229114575425e+01
4.355353104997415237e+00
6.704463372441475499e+00
8.413106026008019711e+00
5.683266415418973594e+00
6.088341077399798351e+00
3.192881800966467676e+00
7.887791008168190565e+00
6.898461831425199087e+00
5.158578492535947468e+00
8.843972146260554723e+00
1.312235501258623316e+01
1.334821027722179920e+01
6.200276170886091620e+00
1.036352253436774262e+01
3.636577386658242705e+00
5.958568796428714620e+00
9.129890619614183578e+00
3.999482405842314403e+00
5.302963137540196215e+00
6.202581740281769562e+00
7.551033626915138797e+00
4.506513116257639950e+00
1.269293448185507600e+01
6.562060301251102068e+00
4.220228172048723359e+00
1.115221243579307320e+01
1.005916291055886269e+01
7.960508793857627552e+00
5.980527626491028315e+00
6.225489094624605535e+00
1.538556762528644839e+01
4.939129495506034750e+00
1.093627534237427312e+01
6.614566312657948366e+00
3.892602759703193360e+00
7.322179309546037906e+00
5.782605122756211635e+00
3.832126916528438620e+00
8.485414094721127398e+00
1.925517139936963318e+01
7.006996069253713877e+00
4.815154318957302948e+00
5.486633696251794312e+00
4.351067216280482874e+00
5.104277270611246031e+00
4.471955753388288102e+00
5.026550499657122195e+00
8.938117098814144512e+00
6.563742971858609110e+00
7.167041541914967340e+00
3.103945628726389572e+00
7.115560436790811849e+00
6.704713349069982620e+00
9.821391940623078298e+00
4.634655449321496867e+00
5.476213980350471466e+00
3.208442855740402777e+00
7.263533023318736959e+00
9.414630563390344875e+00
4.723110067853535377e+00
5.874726496544712795e+00
1.055636292545315591e+01
5.542680862742479952e+00
3.516047035475652560e+00
1.418468478751007744e+01
5.263832588123251277e+00
5.081916194132664266e+00
5.338261725090659660e+00
3.720521165407393749e+00
6.432782433570128688e+00
3.629704953055335359e+00
4.510448473844009598e+00
1.167271185974367320e+01
6.033792416366638101e+00
4.817990428886396614e+00
8.462584242881685981e+00
3.469269979440521290e+00
4.552413324996389399e+00
9.307262003630173197e+00
5.803381674319501471e+00
4.251663047867246803e+00
5.901462087996564243e+00
4.207661201019134545e+00
8.374443642344193250e+00
4.103857557718300519e+00
3.845886454638223206e+00
1.076852014797593249e+01
5.143521835395620023e+00
7.284184565759838748e+00
5.571148619903307342e+00
5.917094865938995696e+00
5.385107272883793428e+00
4.417034158447157743e+00
6.768836402716429390e+00
7.856249548130906035e+00
4.154603996849779435e+00
6.743479345290417371e+00
1.029482988135225519e+01
5.195369393110769174e+00
4.476259105539893035e+00
7.293860454534915938e+00
6.134242925898258036e+00
4.414576569308001019e+00
3.943253207502102953e+00
5.242188041376674157e+00
9.856640157822734949e+00
4.374964597525920595e+00
1.023021003307954224e+01
8.961268107339847688e+00
4.983061916734389030e+00
4.926184590192658419e+00
5.139113165239625580e+00
6.901386786268007612e+00
6.275971030922433691e+00
1.026860240122249834e+01
6.125986036567837800e+00
8.817628130720573054e+00
6.345344835805768469e+00
4.485780485280016272e+00
9.025535466245495186e+00
9.023818878316459902e+00
8.735776953835349801e+00
7.788428338749004531e+00
7.033664393827549155e+00
5.321141864330366289e+00
5.415101554130503203e+00
3.086811836727901603e+00
4.498002909823373585e+00
5.282423883658654340e+00
4.479597557754310344e+00
4.655426041949880300e+00
4.986758183025158608e+00
4.850643897352936662e+00
4.488690084670799330e+00
4.794840915665860237e+00
1.120149402063776556e+01
7.820483222366640064e+00
6.285712350785744640e+00
3.895728318378071098e+00
8.905622963012300275e+00
8.669724630584113356e+00
4.941982210815915266e+00
5.668025060652712277e+00
6.861133247184277195e+00
6.657808034809653108e+00
7.711104809559460094e+00
3.556944116298184522e+00
5.208354682673219216e+00
4.926362088802180850e+00
1.227656191277806386e+01
5.231650744214475957e+00
9.621990404492615667e+00
6.034972022927545865e+00
7.287273019353984083e+00
3.519656430604122033e+00
8.378969585770033035e+00
6.459896854698411239e+00
4.743836228592529736e+00
5.079897268694439916e+00
3.415532861279355181e+00
4.613049757351543434e+00
5.229564007366574785e+00
3.645963399337927680e+00
4.116567392289094407e+00
7.963467494469724350e+00
5.346087958341636082e+00
4.361852863999622798e+00
3.949229706963778064e+00
4.195280322470668288e+00
3.334792203161633495e+00
8.041080953096557238e+00
7.367941378653410922e+00
3.684334962607420216e+00
4.705404066964955057e+00
4.189227322557242950e+00
1.093841221789562290e+01
5.055520985158927338e+00
3.275036621116995228e+00
4.168907768311460593e+00
4.402212233165851529e+00
5.417490761267137245e+00
7.725613597736871618e+00
4.557767159775717225e+00
8.126125181211559578e+00
4.900924595724160504e+00
6.713183525287968578e+00
6.745499896520781746e+00
5.658272736317475626e+00
1.032209623452792080e+01
5.902401043585416396e+00
8.576182517448383891e+00
4.795593003287182299e+00
9.090109875821715590e+00
4.427084827371547959e+00
5.604393427978584086e+00
5.638317541626754803e+00
5.417319361478075912e+00
6.777415302080908255e+00
8.621946370197354881e+00
3.512886610738026327e+00
7.883906916629082495e+00
3.600965843780598696e+00
3.980666530984948270e+00
3.777625986043091633e+00
4.261941169725036005e+00
4.423874931813469580e+00
5.314549871828853966e+00
7.682043775320563483e+00
3.176110338485144791e+00
3.158920484452942379e+00
1.371947240904299825e+01
5.945837083070697027e+00
4.480266152336826124e+00
6.774247390710702810e+00
3.692468517317926135e+00
5.278717501094791764e+00
1.163075750887598048e+01
5.481452808644172947e+00
7.658155904881040144e+00
4.433759157679054042e+00
5.230106569140125394e+00
8.159128553443403931e+00
4.465449648330849008e+00
6.644455351900698581e+00
3.647811306599314296e+00
5.367006341572579053e+00
6.137096388805265867e+00
3.707996994914416700e+00
2.917967300611577386e+00
4.836024175319497687e+00
5.449764027091982044e+00
5.920065837805320363e+00
3.916506311289670972e+00
4.749576047045636962e+00
5.436177552390750733e+00
7.504515166487935041e+00
2.794942797565295400e+00
8.580508301398815263e+00
7.697676636495990543e+00
5.388048642258375764e+00
5.621267932981634630e+00
5.544909123322051769e+00
7.037945649136067239e+00
5.305003449794117643e+00
3.184552307029137719e+00
5.535333743468933143e+00
4.639245416881089490e+00
5.540299167194849161e+00
6.388754602437642482e+00
6.955057348654738902e+00
6.694166616929960512e+00
1.733488047723259839e+01
4.699441998558635092e+00
7.730351487139323297e+00
5.938605506413014545e+00
5.536596445823017021e+00
5.610584357156606750e+00
5.254994078352556386e+00
1.328153474391047340e+01
5.813579288262118894e+00
4.513412374638805957e+00
4.060148587907531414e+00
6.310727113819648793e+00
7.609527712058343774e+00
3.668764265404635960e+00
9.023228907000591548e+00
4.647362644882089278e+00
1.252376957676599112e+01
1.029158423209467088e+01
7.595374514744273498e+00
3.407630725373583580e+00
5.914549738622320696e+00
4.219407028228864931e+00
6.107241112513757564e+00
4.800994437266822068e+00
5.264257582590986750e+00
5.205552948957057779e+00
5.515998508929504496e+00
3.958644933742590855e+00
5.057071439887185882e+00
8.699578071695881931e+00
7.057367320531319876e+00
7.051790313458410786e+00
5.465532709896659291e+00
8.904767374199666463e+00
9.466288729879423158e+00
9.292524453156277175e+00
1.270393830760073151e+01
4.012960278659998714e+00
3.167133134783415294e+00
5.169611573004517346e+00
2.355116230177749159e+01
5.045343990433757142e+00
7.621548216061386327e+00
7.413661504185938611e+00
7.828709019058253560e+00
5.233034502782996533e+00
4.638120509726868512e+00
1.168384853798570866e+01
4.541495412419384259e+00
4.688971190374370046e+00
8.021527375438914476e+00
4.232253170772273698e+00
5.380188370300009737e+00
5.304730756924677770e+00
9.919818515613670229e+00
1.836970967645895669e+01
6.936668785719868779e+00
5.651654683318461103e+00
8.575398626601289820e+00
1.303256680431434411e+01
1.640231962407422728e+01
3.721813176198421225e+00
5.766775572904748515e+00
5.438789073353470727e+00
4.980432893324528543e+00
5.029690534772806920e+00
6.394256489069448435e+00
3.831460951755280675e+00
4.114383998109435225e+00
8.057860017699084665e+00
9.789809494727188977e+00
1.614994967775883694e+01
8.342559378123652891e+00
7.382954503876157482e+00
1.392023805068545705e+01
4.658615478394724008e+00
4.712141002425527248e+00
4.986336822840154781e+00
6.860255963413012026e+00
6.703668257572967804e+00
7.522068215121145762e+00
5.499215534238645731e+00
7.871062000987699037e+00
1.437234911593192521e+01
4.879771504312470753e+00
6.434854229707153372e+00
4.854289807284210667e+00
5.754683033103124679e+00
1.333530631097714192e+01
3.632211299015709827e+00
9.144679170038642724e+00
9.719012331470654686e+00
4.837605351733513359e+00
4.649687066687279824e+00
8.434427857159583652e+00
6.066480198846612382e+00
7.401708228469262352e+00
8.116059686722071120e+00
8.848451914840925525e+00
9.355722590463608768e+00
6.434865422138503988e+00
5.384480065985997044e+00
6.548786082941339792e+00
4.246485971495314260e+00
8.904220422125868950e+00
1.412204190241535962e+01
5.647499940596214962e+00
4.665571123115586971e+00
4.945031256123647800e+00
6.411972633116549858e+00
6.306488687974161955e+00
9.884340354568928788e+00
5.452858675420346302e+00
1.464499617954802524e+01
6.784912910853910795e+00
8.111006393055220087e+00
5.881028290528880653e+00
6.120608733464599993e+00
5.704052438366992384e+00
9.598078792166450768e+00
8.521768489803891455e+00
8.621109634591931581e+00
1.133148653826383701e+01
5.471575130668140829e+00
6.317084992131198007e+00
8.409728320082296094e+00
5.991809767250513730e+00
5.828406114198472210e+00
5.931344888287657824e+00
7.927939142968402741e+00
1.412694340592739728e+01
8.240735643870852556e+00
1.407856842705477973e+01
7.464137462073810347e+00
1.055108806266572152e+01
6.971313020691345841e+00
4.700049505944905448e+00
1.416908235646682179e+01
6.167823063526282290e+00
9.581931380205769955e+00
7.906040212193051531e+00
8.102119116487896733e+00
1.023122174452944577e+01
1.237158916686040833e+01
6.533943239145891368e+00
1.837256098983152697e+01
7.750635144867930926e+00
1.404295760850959773e+01
1.129747683228521460e+01
8.772804267142200629e+00
6.260192251033518396e+00
2.123315935942627419e+01
7.010433169051435875e+00
6.974054137426468181e+00
1.374808953746457263e+01
5.905549919634082379e+00
7.863448857540097592e+00
8.581637556041401993e+00
1.243718255195552835e+01
1.766682054955279924e+01
3.364175564121098638e+00
7.427552646584497431e+00
1.713021729946964555e+01
4.712636709487649789e+00
4.673304503422329503e+00
9.374198704843051289e+00
9.717376043582776290e+00
5.395556966919672348e+00
8.157591382239029798e+00
9.676924597154986429e+00
9.412978950653300814e+00
7.624802787107902269e+00
5.456178590363209402e+00
4.606919579510142526e+00
7.011532999069483907e+00
1.231821592742024052e+01
1.042545507848307196e+01
8.907623870640341224e+00
1.727615397257061858e+01
1.091224906294886488e+01
8.157578745155504407e+00
9.359328291964112978e+00
5.147077894656512775e+00
6.687524373643259246e+00
7.550405352329573994e+00
1.149936072963814659e+01
5.178291938863062605e+00
1.125078291121874585e+01
7.639020945792866613e+00
1.567635186363961353e+01
8.807235846907390808e+00
1.173644160745223708e+01
7.152008732381450073e+00
1.221176334715745426e+01
6.079623095369508512e+00
1.467846961163057884e+01
1.064529361307937805e+01
1.049890990830053106e+01
7.652920244340202238e+00
2.126324331499840525e+01
1.732472016877738952e+01
2.254759718124217471e+01
5.747350339215170578e+00
1.535011275221340199e+01
4.922466193130594192e+00
7.064991720064870862e+00
5.494560970424267943e+00
4.434813972082997324e+00
9.217563576290727312e+00
1.338434456698611719e+01
6.237303276838106925e+00
1.680352971466968626e+01
4.394366935762377580e+00
8.199558131080536327e+00
9.590863997803658947e+00
6.957321413969538959e+00
7.424591774834518709e+00
4.504624048332849462e+00
6.334068780032644952e+00
5.029981443847295175e+00
6.274420407512467435e+00
1.665854261518682478e+01
7.402851812216404426e+00
6.743531855522054030e+00
1.565689074286485116e+01
6.772565323437090612e+00
1.646186161736539688e+01
6.582375625131655639e+00
9.750472942983581248e+00
1.298137246572234815e+01
8.818803409494114121e+00
4.595169944718208832e+00
8.702227057374583907e+00
9.335213639780025829e+00
6.995965808609352798e+00
2.033075138462679732e+01
8.237209407981415765e+00
1.235587910746788687e+01
1.772969057046367780e+01
5.548128121657402545e+00
7.803309041727477080e+00
1.108529974000692242e+01
7.643930655921337802e+00
1.184642443924585109e+01
5.807609642489880208e+00
7.428482397787570690e+00
5.223178055723630919e+00
6.808004173232504286e+00
1.670403353530070234e+01
1.197358362377686980e+01
1.080946226907010654e+01
4.321858059940682395e+00
7.053076524352260179e+00
8.141471411643985689e+00
1.123190572080316407e+01
6.230580523999067921e+00
9.802974996112055805e+00
7.114747753235840300e+00
6.062341423948229391e+00
9.849179586842137013e+00
1.162785820421800764e+01
9.911052272645656913e+00
6.377138383352973783e+00
1.307782952552057587e+01
8.136515515426740563e+00
3.636660088261601587e+00
1.486484014036466839e+01
9.601336027629432834e+00
1.028298695048798983e+01
9.419095356044229206e+00
1.294131234365278438e+01
2.909878440811768829e+00
7.904268008906438325e+00
1.013650511493119311e+01
1.295984233590891854e+01
1.071536830293213960e+01
6.596317936516140179e+00
4.448902493520404455e+00
5.567973972494613122e+00
8.358410118619502782e+00
1.034019227128454688e+01
3.530907621149746767e+00
4.675950554499742395e+00
1.355099908461169100e+01
6.566251897251953018e+00
8.475444202645251224e+00
7.779066325800770620e+00
1.164076210938556066e+01
1.518296428467325399e+01
6.002635488266079733e+00
1.012816216590873175e+01
1.507289728396855999e+01
9.089803105198818400e+00
6.159248571215425017e+00
8.755724263881489833e+00
1.350768241010645454e+01
1.377153622013264389e+01
1.042774271825767585e+01
8.625751750386019268e+00
9.722167779837254997e+00
3.850497233658197516e+00
8.015136719694543999e+00
7.019726541337636405e+00
2.252353030038766946e+01
6.391715223100428389e+00
3.073630469521515707e+01
5.947717853469058014e+00
8.753228318042710399e+00
7.229802316007021723e+00
5.405345661637052324e+00
1.060418384429197403e+01
8.243197446239815207e+00
6.994360068425097055e+00
5.743229512713025287e+00
9.955003857335670503e+00
7.893030849641659685e+00
6.306825916437500013e+00
4.881856991990447092e+00
1.607908965336379481e+01
9.842924358844394206e+00
5.472032566855490110e+00
8.115753430131414703e+00
7.053681477071986450e+00
6.726138094784710475e+00
7.773186151379848141e+00
3.848741340406266254e+00
9.087282136613685779e+00
5.365605758493478206e+00
4.225414150126530544e+00
1.786382076597625357e+01
5.788283424913320374e+00
1.819295032535385914e+01
1.237704524916843241e+01
3.724531225793989098e+00
8.976394040316348466e+00
1.015166705021443860e+01
1.528344099848867899e+01
5.775924361496547199e+00
7.945678666810988666e+00
8.922776138237397348e+00
5.317511710455493201e+00
8.094445318758543451e+00
6.412015643100171580e+00
1.163067621270688079e+01
6.711259893759297768e+00
7.220471003644723496e+00
5.390075882638450722e+00
5.480063252706893095e+00
5.296442150719256503e+00
3.398607066842507241e+00
1.470929025022027048e+01
6.472660231692888289e+00
9.180321642415414374e+00
6.864071736162263626e+00
7.225069463434858008e+00
2.309294045862546341e+01
4.770542960196876514e+00
6.269979487779885119e+00
3.598022385791083355e+00
6.309975882023038274e+00
7.368082927636764090e+00
8.389616431399513630e+00
5.189794030991770946e+00
2.201747237439144911e+01
9.800438108897452594e+00
5.943121483650364745e+00
1.061148931539637275e+01
5.141573692693190978e+00
8.201016685964592767e+00
1.208777094415551012e+01
1.184605469691833690e+01
3.820694742152368928e+00
6.492809334938616672e+00
6.395657460307884179e+00
1.296432254147617336e+01
5.941187431061674573e+00
4.482501842277778259e+00
5.887020183890064651e+00
5.978847053826901181e+00
3.334062269216233432e+01
2.820592883880935986e+00
6.401554314854147165e+00
5.442962544217022192e+00
6.114770776771308647e+00
7.269376650496638170e+00
5.643269975413056194e+00
6.120548153176076589e+00
1.415789857903608961e+01
7.021779394515738737e+00
5.233079197278805772e+00
5.488959912467906044e+00
7.306411957831642212e+00
5.553891852262792028e+00
1.451741061696896828e+01
7.756287011523983921e+00
5.618711227539303188e+00
6.981261801631990949e+00
1.009226880682641081e+01
5.520062617229017476e+00
9.275972163493088729e+00
6.911264600194146901e+00
9.494942081326913197e+00
7.473714397135373666e+00
5.661670874288282640e+00
3.174667961477014799e+00
5.453075153637081840e+00
6.095886052604332583e+00
9.206415070409569523e+00
6.258069194429804583e+00
4.032777585305461265e+00
6.210958597864696173e+00
5.128125486612788109e+00
5.329875545694505945e+00
7.890979403789873281e+00
1.233772558810568043e+01
4.272224254770590868e+00
9.762294100525412688e+00
5.230050870875707858e+00
4.722866683578818225e+00
6.685896464368787484e+00
5.397860339987359701e+00
1.310517263025775314e+01
1.050309554177867177e+01
7.524843927874480976e+00
2.285840502043513212e+01
6.077349912447590263e+00
8.769133572323127623e+00
8.746637405764371209e+00
7.189999294473966351e+00
5.982830196865961625e+00
7.148817010080111167e+00
7.407758508087734839e+00
