2.841824879646301372e-01
7.815070486068725897e-02
7.664190793037414795e-02
7.617698836326598777e-02
7.639729857444763073e-02
7.637008309364318182e-02
7.634335184097290616e-02
7.605331397056579179e-02
7.640192675590515292e-02
7.626975488662719738e-02
7.625426888465881847e-02
7.626659607887267822e-02
7.627866506576537475e-02
7.622942018508911677e-02
7.604717493057250310e-02
7.594603753089904097e-02
7.579954767227173318e-02
7.602696323394775302e-02
7.598808956146239912e-02
7.596055936813354836e-02
7.577646589279174449e-02
7.580213785171509289e-02
7.547460913658142478e-02
7.534001660346985318e-02
7.554892396926879417e-02
7.731808853149414740e-02
7.657967472076415705e-02
7.608693933486938843e-02
7.672432804107666426e-02
7.671912813186645974e-02
7.639047694206237138e-02
7.653603816032410190e-02
7.679631876945496038e-02
7.662791824340819957e-02
7.682722663879394676e-02
7.615421676635741877e-02
7.681115269660949985e-02
7.694366335868835227e-02
7.651341962814331432e-02
7.652638363838196178e-02
7.691618204116820734e-02
7.658155775070189797e-02
7.694641900062561268e-02
7.677045941352844682e-02
7.653104114532470470e-02
7.679734659194946411e-02
7.648160719871520408e-02
7.657666134834290039e-02
7.684692311286926703e-02
7.678512549400329235e-02
7.711187124252319447e-02
7.679625439643859852e-02
7.692420005798339400e-02
7.739572930335998635e-02
7.781940221786498579e-02
7.680224156379700240e-02
7.753524470329284379e-02
7.798050689697265392e-02
7.746534395217895275e-02
7.644788885116576838e-02
7.744952917098998912e-02
7.705291795730591364e-02
7.665329670906066706e-02
7.752383375167846979e-02
7.767514491081237149e-02
7.773527550697326149e-02
7.753764772415161488e-02
7.697603988647461204e-02
7.741790533065795454e-02
7.757192254066466730e-02
7.789928579330444858e-02
7.754160475730896562e-02
7.741475558280944136e-02
7.765809345245361373e-02
7.768422389030456288e-02
7.762482118606567338e-02
7.812140750885009088e-02
7.792584872245789107e-02
7.782152771949768510e-02
7.683423781394958796e-02
7.691293191909789884e-02
7.806517267227172652e-02
7.697997975349425703e-02
7.805159401893616011e-02
7.807234883308410145e-02
7.822099900245665927e-02
7.790741896629332919e-02
7.767892599105835627e-02
7.791399526596069769e-02
7.683767843246459839e-02
7.787562990188598433e-02
7.770666527748107399e-02
7.815509867668152255e-02
7.820541119575499800e-02
7.816035866737365556e-02
7.704414844512939842e-02
7.817820000648498246e-02
7.794725251197814897e-02
7.823822450637817061e-02
7.861300253868103161e-02
7.763247299194335482e-02
7.718177890777587480e-02
7.816124916076659657e-02
7.812700700759887817e-02
7.722638583183288885e-02
7.720639038085937156e-02
7.796131229400635188e-02
7.823975157737732278e-02
7.802545475959778154e-02
7.767858743667602206e-02
7.854440617561340987e-02
7.741795802116394065e-02
7.741024899482727706e-02
7.801566791534424172e-02
7.835641479492187755e-02
7.832450842857360818e-02
7.814955949783325417e-02
7.791381406784057828e-02
7.773711681365966242e-02
7.802507209777831410e-02
7.783927559852600597e-02
7.821806716918945634e-02
7.807633137702942039e-02
7.796782779693603449e-02
7.812360477447509444e-02
7.774964761734008689e-02
7.878295445442200229e-02
7.792660045623779619e-02
7.791726899147033425e-02
7.803420925140380771e-02
7.842044854164123557e-02
7.806002950668335105e-02
7.810392403602600675e-02
7.814629578590392978e-02
7.802200984954833773e-02
7.803546452522278076e-02
7.584518885612487327e-02
7.702089619636535989e-02
7.802963209152222190e-02
7.815963363647461526e-02
7.854644656181335172e-02
7.710253906250000289e-02
7.749936127662658547e-02
7.790422391891480003e-02
7.818242692947387218e-02
7.795152449607849199e-02
7.764145421981812067e-02
7.772404885292052978e-02
7.789782357215881137e-02
7.852658653259277088e-02
7.781616210937500333e-02
7.803766250610351396e-02
7.705205202102660689e-02
7.665860438346862316e-02
7.728734254837035800e-02
7.784263539314270619e-02
7.749349427223205244e-02
7.737323641777038574e-02
7.618415141105651378e-02
7.748446893692016724e-02
7.781456065177917714e-02
7.783965468406676969e-02
7.785699939727783181e-02
7.775080752372741377e-02
7.602794456481933028e-02
7.801588129997252818e-02
7.743880033493041881e-02
7.770480942726135098e-02
7.783045196533203147e-02
7.843557238578796609e-02
7.768584275245667137e-02
7.840654397010803078e-02
7.834804201126098488e-02
7.868748569488524802e-02
7.816586279869079668e-02
7.859548115730286000e-02
7.841279959678650047e-02
7.867668271064758023e-02
7.849342727661132169e-02
7.880745959281922064e-02
7.881539607048035356e-02
7.837930989265441684e-02
7.805947160720824729e-02
7.700576066970825362e-02
7.664082932472228438e-02
7.857868385314940862e-02
7.849396300315857056e-02
7.907532024383544245e-02
7.912054443359374523e-02
7.882460308074951127e-02
7.780892539024353294e-02
7.747980260848999490e-02
7.806749463081359697e-02
7.867825198173522550e-02
7.866817378997802146e-02
7.824245190620422730e-02
7.858651494979858321e-02
7.906201577186584839e-02
7.865776109695434004e-02
7.846564316749572721e-02
7.853055453300475386e-02
7.810713243484497526e-02
7.834375143051147683e-02
7.864294338226318626e-02
7.849372267723082885e-02
7.911277985572814919e-02
7.890003943443298084e-02
7.887075400352477894e-02
7.846379780769348333e-02
7.888615703582763095e-02
7.878180146217346469e-02
7.855760741233826228e-02
7.814838695526123147e-02
7.795056509971619307e-02
7.834654521942138738e-02
7.887110877037048495e-02
7.827394604682921808e-02
7.769012904167174605e-02
7.875336074829102084e-02
7.881181263923645042e-02
7.858687210083008245e-02
7.895051240921020785e-02
7.852181982994078935e-02
7.903794670104979936e-02
7.847643589973449241e-02
7.851072263717651101e-02
7.884776067733764715e-02
7.871063470840454490e-02
7.883725142478942294e-02
7.875745391845703769e-02
7.894910550117492654e-02
7.720560956001282227e-02
7.835176134109497759e-02
7.847418832778930986e-02
7.843954682350158525e-02
7.642666006088257025e-02
7.906080842018127497e-02
7.786374044418334361e-02
7.781424832344055464e-02
7.824198055267334029e-02
7.827380347251891579e-02
7.824176812171936002e-02
7.786358857154845881e-02
7.774386405944824774e-02
7.715072870254516268e-02
7.727278542518616067e-02
7.707443046569824319e-02
7.668797683715820879e-02
7.744303297996521507e-02
7.740535855293273482e-02
7.650841736793517756e-02
7.672981071472168013e-02
7.642409944534302169e-02
7.604419279098510731e-02
7.837756156921386885e-02
7.877796888351440430e-02
7.900911116600037309e-02
7.857205963134765436e-02
7.850725054740906317e-02
7.773289346694946256e-02
7.877634024620056019e-02
7.820401120185851984e-02
7.825559902191162043e-02
7.844531393051147605e-02
7.858012962341308361e-02
7.735304450988769731e-02
7.758870339393615645e-02
7.798344683647155662e-02
7.765495276451110651e-02
7.835581374168396063e-02
7.899196982383728527e-02
7.855288076400757102e-02
7.867629218101501731e-02
7.871231389045715843e-02
7.833811354637146285e-02
7.854275131225585405e-02
7.856863975524902566e-02
7.838046097755432817e-02
7.812234258651733210e-02
7.869162416458129472e-02
7.881201052665710860e-02
7.867133760452270363e-02
7.869455623626708807e-02
7.851393437385559282e-02
7.886740946769714433e-02
7.852375578880310680e-02
7.888387107849120783e-02
7.915738964080810958e-02
7.872384905815124623e-02
7.954530167579651478e-02
7.954738759994506303e-02
7.940441989898681940e-02
7.877938246726989835e-02
7.859135651588440574e-02
7.897467064857482955e-02
7.888454437255859597e-02
7.847918939590453613e-02
7.884344625473022061e-02
7.912317466735839522e-02
7.899167370796203458e-02
7.842986106872558427e-02
7.909236264228820812e-02
7.870936918258666926e-02
7.919725704193114613e-02
7.970897245407104759e-02
7.891569948196411333e-02
7.904614424705505571e-02
7.881674265861511597e-02
7.949735903739929554e-02
7.900372600555419234e-02
7.880373072624206887e-02
7.874444913864135642e-02
7.889361166954041160e-02
7.862642908096313665e-02
7.929087948799133645e-02
7.860407948493958186e-02
7.899332332611083696e-02
7.687585854530334939e-02
7.774612855911254561e-02
7.959232354164123835e-02
7.959572553634643166e-02
7.893991088867187422e-02
7.892205190658568847e-02
7.943393802642821633e-02
7.907926344871521462e-02
7.907316327095031960e-02
7.935036921501159579e-02
7.858910822868346580e-02
7.868871235847473000e-02
7.879616427421569369e-02
7.886301922798157060e-02
7.825872206687926880e-02
7.670483469963074175e-02
7.793570995330810491e-02
7.903219008445740157e-02
7.973506140708923329e-02
7.914870810508728427e-02
7.948687243461609320e-02
7.920960927009582098e-02
7.929435777664184393e-02
7.927708244323730669e-02
7.909204673767089577e-02
7.949786686897278298e-02
7.904488325119018999e-02
7.958712625503540361e-02
7.925244760513305842e-02
7.892403602600098211e-02
7.915376496315001953e-02
7.945402431488036987e-02
7.962976193428039640e-02
7.904760766029357566e-02
7.921669340133666304e-02
7.926668381690979426e-02
7.926647710800170665e-02
7.912311410903929976e-02
7.930128145217894831e-02
7.925813269615172851e-02
7.948244690895080178e-02
7.935658812522888850e-02
7.955483174324035067e-02
7.951501202583312333e-02
7.939648246765136641e-02
7.961130547523498358e-02
7.926731252670288219e-02
7.908320474624633278e-02
7.948650956153870129e-02
7.951902031898498702e-02
7.889344000816345126e-02
7.868537139892578525e-02
7.939628028869628873e-02
7.890748929977417503e-02
7.916500711441040727e-02
7.932007479667663175e-02
7.938811826705932662e-02
7.892720293998718717e-02
7.936214041709900580e-02
7.930572891235351807e-02
7.926383948326111428e-02
7.969452643394470126e-02
7.801945805549621860e-02
7.935930871963500777e-02
7.927085638046264815e-02
7.925784015655518155e-02
7.943585634231567494e-02
7.905870270729065119e-02
7.920189929008483731e-02
7.925727725028991477e-02
7.834833621978759544e-02
7.961594748497009821e-02
7.883499169349669766e-02
7.974996447563170721e-02
7.949542331695556852e-02
7.962202525138854792e-02
7.913464498519896806e-02
7.818046665191649702e-02
7.727296471595763994e-02
7.973060297966003129e-02
7.962749409675598522e-02
7.981926107406615845e-02
7.913645410537720193e-02
7.949687504768371271e-02
7.960047817230224421e-02
7.865766954421997414e-02
7.953717327117919289e-02
7.956564474105834450e-02
7.951233506202698420e-02
8.005602741241454878e-02
7.975092935562133611e-02
7.823707437515259322e-02
7.977463960647583618e-02
7.935456109046935824e-02
7.968030190467834117e-02
8.022612142562866866e-02
7.874921512603759444e-02
7.838766980171203713e-02
7.953459048271178944e-02
7.986006426811217973e-02
7.938102889060974499e-02
7.929469680786133123e-02
7.997906470298767057e-02
7.958224773406982755e-02
7.977664637565612393e-02
7.946615648269653165e-02
7.971157789230347290e-02
7.977854609489440363e-02
7.987273764610290649e-02
7.964736175537109886e-02
7.966588664054870261e-02
7.930788111686706832e-02
7.966202545166015114e-02
7.990858602523803755e-02
8.029468846321105580e-02
8.020881390571593661e-02
7.970878052711487249e-02
7.962808775901794589e-02
7.947196006774902288e-02
7.924982666969299094e-02
7.930918622016906727e-02
8.050549888610840366e-02
8.006347680091857599e-02
8.001872515678405684e-02
7.960954046249389682e-02
7.972905492782592085e-02
7.887149906158447132e-02
7.912591528892516657e-02
8.007027339935303412e-02
8.022488832473755049e-02
8.052988147735595792e-02
8.019838118553161699e-02
7.958350491523742687e-02
8.025000834465026434e-02
7.978555679321289174e-02
7.954070401191710993e-02
7.982802820205688044e-02
8.012111282348632901e-02
7.985152649879455333e-02
7.965296983718872514e-02
7.974873161315917947e-02
7.961271476745605813e-02
7.956501650810242354e-02
8.000973963737487149e-02
7.828526329994202337e-02
7.941990041732788219e-02
7.891616415977477372e-02
7.906206345558167148e-02
7.892481541633605824e-02
7.832509732246398237e-02
7.858500003814697377e-02
7.855311655998230280e-02
7.865541553497314153e-02
7.831343817710877120e-02
7.826174616813659501e-02
7.787646436691283980e-02
7.775291824340820057e-02
7.794374418258666337e-02
7.756037735939025346e-02
7.743751025199889504e-02
7.691178154945373102e-02
7.732888174057006569e-02
7.767621231079101241e-02
7.720184040069580367e-02
7.737647485733031849e-02
7.760669040679932240e-02
7.745075464248657449e-02
7.801564764976501309e-02
7.804796862602234042e-02
7.824724721908569991e-02
7.803984761238097478e-02
7.833359742164611172e-02
7.798532128334045854e-02
7.822538614273071012e-02
7.814388942718505926e-02
7.683848953247070235e-02
7.809546351432800071e-02
7.785167288780212025e-02
7.825645470619201072e-02
7.814342594146728160e-02
7.801733970642089899e-02
7.830926227569580400e-02
7.813463091850281206e-02
7.801726531982422497e-02
7.828317070007324852e-02
7.849367308616637950e-02
7.845518517494201594e-02
7.816181468963623313e-02
7.800601530075072787e-02
7.850764513015746904e-02
7.813492441177367909e-02
7.835545158386229836e-02
7.795223140716553423e-02
7.835196542739868153e-02
7.838935708999633656e-02
7.825711727142334317e-02
7.877396321296692427e-02
7.834583735466003895e-02
7.833851718902587469e-02
7.880923199653624978e-02
7.866988992691040239e-02
7.838553857803344516e-02
7.859226417541503862e-02
7.850609230995178600e-02
7.855633592605590354e-02
7.872099280357361395e-02
7.901886034011840199e-02
7.901206207275390803e-02
7.788359069824218883e-02
7.928494429588317516e-02
7.914327311515807761e-02
7.940361237525940530e-02
7.895641660690307095e-02
7.914055633544922475e-02
7.902672243118286088e-02
7.909547400474548073e-02
7.950273942947387595e-02
7.896482348442077082e-02
7.875359821319580234e-02
7.939328265190125078e-02
7.931026744842528675e-02
7.878791379928588856e-02
7.910693240165710127e-02
7.931835103034973189e-02
8.021712684631347734e-02
7.967404890060424127e-02
7.976165008544922053e-02
7.998610186576843306e-02
7.982175874710083219e-02
7.926613140106200661e-02
7.962422013282775823e-02
7.970064139366149492e-02
7.971435666084289440e-02
7.935579729080199929e-02
7.958259963989257335e-02
7.947922420501708773e-02
7.961239433288573586e-02
7.969159531593322798e-02
7.988294053077697743e-02
7.989975786209106701e-02
8.029006958007813000e-02
7.987561035156250100e-02
7.991014122962951383e-02
7.973043918609619418e-02
7.916673350334167691e-02
7.937234735488891968e-02
7.933800220489502231e-02
7.964037227630614557e-02
7.942554855346679876e-02
7.935003376007079834e-02
7.932148504257202637e-02
7.931556820869445357e-02
7.977083396911621715e-02
8.039290547370910034e-02
8.037253332138061257e-02
7.926539564132691063e-02
7.967349195480347146e-02
7.984804725646972579e-02
8.010675549507141613e-02
8.031664419174194824e-02
7.964803361892699995e-02
7.975603127479553855e-02
7.981776118278503807e-02
7.994709515571593594e-02
7.962087154388428067e-02
8.004038429260254550e-02
8.016030621528626166e-02
8.017142248153687201e-02
7.972750639915465731e-02
8.027180504798889227e-02
8.038069772720336792e-02
7.977488684654235329e-02
7.980928230285644354e-02
7.972152137756347012e-02
7.926927542686462713e-02
7.902876186370849654e-02
7.927178335189818958e-02
7.968156599998474365e-02
7.922441864013671231e-02
7.930081605911254439e-02
7.954769468307494595e-02
8.071076941490173962e-02
8.039624333381652221e-02
8.015677309036255138e-02
8.026681923866271773e-02
8.096003365516662997e-02
8.049571847915650002e-02
7.998299670219422008e-02
8.128424525260925793e-02
8.074977755546569602e-02
8.073905920982360485e-02
8.074808216094971069e-02
8.033269906044006314e-02
8.010470533370971091e-02
8.030802130699157826e-02
8.084168601036072210e-02
8.066443157196044600e-02
8.044502234458923706e-02
8.042417168617248258e-02
8.073476624488830355e-02
8.095602750778198298e-02
8.053742313385009455e-02
8.058424973487854359e-02
8.036375999450683094e-02
8.038499379158020597e-02
8.017286133766174383e-02
8.078906321525573808e-02
8.106027817726135787e-02
8.102386760711670355e-02
8.077429199218749689e-02
8.129923796653747148e-02
8.104931664466857866e-02
8.101338434219360063e-02
8.120585131645202681e-02
8.100415611267089422e-02
8.150870227813721003e-02
8.129199242591858554e-02
8.145544552803039851e-02
8.133119511604308682e-02
8.057033133506774636e-02
8.091126799583435447e-02
8.016975522041321078e-02
8.111664104461670244e-02
8.163162446022033392e-02
8.081515312194824385e-02
8.056973004341125288e-02
8.087442207336426048e-02
8.093845868110656483e-02
8.059426045417786288e-02
8.045397949218749400e-02
8.115746974945067804e-02
8.089966416358947143e-02
8.062259268760681163e-02
8.102454447746276767e-02
8.125301742553711626e-02
7.881922006607056108e-02
7.894331145286559437e-02
8.099586772918701549e-02
8.061233329772948819e-02
8.089969658851622891e-02
8.120891189575195346e-02
8.079578471183776478e-02
7.804371595382690596e-02
7.940059804916381470e-02
8.095240998268127264e-02
8.083191084861755804e-02
8.046488904953003063e-02
8.056645202636718295e-02
8.043126702308654730e-02
8.107759499549865856e-02
8.137798476219176846e-02
8.084465169906615567e-02
8.103492355346679499e-02
8.106644725799561080e-02
7.994653606414794944e-02
8.059340095520019231e-02
7.864574146270751631e-02
7.899297642707824030e-02
8.112665081024170166e-02
8.092930650711059604e-02
8.082189273834228249e-02
8.080723094940185647e-02
8.069076204299927002e-02
8.021746444702147760e-02
8.059284830093384200e-02
8.061577916145325207e-02
7.992286300659179332e-02
8.131897950172424505e-02
8.043644690513611362e-02
8.037167882919311890e-02
8.020113587379455733e-02
8.057633519172668901e-02
8.075456142425536943e-02
8.028713226318359708e-02
8.000727510452269875e-02
7.988150238990783525e-02
7.928157091140747292e-02
7.986970019340515481e-02
7.930310249328613448e-02
7.892197418212890114e-02
7.936311483383179377e-02
7.922288131713867143e-02
7.902961611747741366e-02
7.920304512977599520e-02
7.903131222724914251e-02
7.946427488327026389e-02
7.945754218101501454e-02
7.982686209678649392e-02
7.927626705169678323e-02
7.872059965133666737e-02
7.927539062499999734e-02
7.921195960044860596e-02
7.929219770431518433e-02
7.942231750488280839e-02
7.942263627052306707e-02
7.916170263290404907e-02
8.083684372901916992e-02
8.088274908065795632e-02
8.095123195648193382e-02
8.075624537467956943e-02
8.093269562721253085e-02
8.148453521728515891e-02
8.109209799766541049e-02
8.175477218627930087e-02
8.126250863075255848e-02
8.112159252166747936e-02
8.086776733398437500e-02
8.056340599060059227e-02
8.115485334396362049e-02
8.103011059761047741e-02
8.114427304267883556e-02
8.119339156150817693e-02
8.169307112693786899e-02
8.054914498329163175e-02
8.023722863197327304e-02
8.119416475296020730e-02
8.121078610420226496e-02
8.114545750617981057e-02
8.098428130149841475e-02
8.124431443214416571e-02
8.117672085762023260e-02
8.084973430633544955e-02
8.084056544303894198e-02
7.979513549804687078e-02
8.060983514785766135e-02
7.975683188438414950e-02
8.145715451240539973e-02
8.063746809959411455e-02
8.069791722297668668e-02
8.122327136993408303e-02
8.145942473411560414e-02
8.151268625259398826e-02
8.105174756050109730e-02
8.151428055763244862e-02
7.996164059638977140e-02
8.167426919937133267e-02
8.133921551704406672e-02
7.959438920021057184e-02
8.196164608001708929e-02
8.143352484703063332e-02
8.136777925491332775e-02
8.142777061462402877e-02
8.111723089218139671e-02
8.124124860763549949e-02
8.121680283546447998e-02
8.114466738700866488e-02
8.128935503959655584e-02
8.156453776359558205e-02
8.125969457626343317e-02
8.091006469726562400e-02
8.106777119636535134e-02
8.091653180122375388e-02
8.133827471733093284e-02
8.141379976272583585e-02
8.072361278533934925e-02
8.148892641067505271e-02
8.163108754158020230e-02
8.195976400375366844e-02
8.196141815185546686e-02
8.134474420547485596e-02
8.190698719024658292e-02
8.160989761352538396e-02
8.134553337097168157e-02
8.137583518028258800e-02
8.142254757881164928e-02
8.143125581741332553e-02
8.165530538558959939e-02
8.171266579627990689e-02
8.216366314888000344e-02
8.148883152008055963e-02
8.150680923461914307e-02
8.143382596969604703e-02
8.159531331062316872e-02
8.144912624359131048e-02
8.167186641693115201e-02
8.121877408027648737e-02
8.152804398536682429e-02
8.164966964721680209e-02
8.134430122375488348e-02
8.127480030059813787e-02
8.083450102806091775e-02
8.141428184509277854e-02
8.128668308258056585e-02
8.159119844436645008e-02
8.160953497886658248e-02
8.180123376846314132e-02
8.093168926239013850e-02
8.187583994865417492e-02
8.212296152114868797e-02
8.181093716621398726e-02
8.063669896125794101e-02
8.019466471672058450e-02
8.074561786651611450e-02
8.071443510055542614e-02
8.112369942665099976e-02
8.101813936233520641e-02
8.118414354324340887e-02
8.141515946388244718e-02
8.105259346961975198e-02
8.071402359008789107e-02
8.126376557350158125e-02
8.089520692825317993e-02
8.108128476142882624e-02
8.089534950256348222e-02
8.088988828659057773e-02
8.099593377113342707e-02
8.066912722587585294e-02
8.110782361030578758e-02
8.071617412567139160e-02
8.135494971275329668e-02
7.866292095184326816e-02
8.074176359176635231e-02
8.131758761405945279e-02
8.177076125144958074e-02
8.151885628700256126e-02
8.148311257362365889e-02
8.158369374275208086e-02
8.216008377075195712e-02
8.188496875762939220e-02
8.224430251121521429e-02
8.144342923164367420e-02
8.206603407859802690e-02
8.211666536331176103e-02
8.241340851783753030e-02
8.215563178062439131e-02
8.218085122108459428e-02
8.170434737205505005e-02
8.195252680778503107e-02
8.163773560523987505e-02
8.173016953468323353e-02
8.173916983604431752e-02
8.136087989807129495e-02
8.138067436218261730e-02
8.173033952713013028e-02
8.152837300300598555e-02
8.167535853385925193e-02
8.171964168548584428e-02
8.076795125007629750e-02
8.031660604476928422e-02
8.071716570854187145e-02
8.179996967315673884e-02
8.209117317199707275e-02
8.202221846580505515e-02
8.149710297584533691e-02
8.159073328971862271e-02
8.163764429092407182e-02
8.156068253517151367e-02
8.167901110649108953e-02
8.140209269523621116e-02
8.179035997390747548e-02
8.182646608352661666e-02
8.172952508926391302e-02
8.160343074798584451e-02
8.188316464424133523e-02
7.989024066925048961e-02
8.147690105438232244e-02
7.953899121284484230e-02
8.048211121559142867e-02
8.217923235893249967e-02
8.187980937957763106e-02
8.205392765998840987e-02
8.197730231285095537e-02
8.156109261512756170e-02
8.095278048515319735e-02
8.024289345741271451e-02
8.065352559089661311e-02
8.171967720985412464e-02
8.184624505043029685e-02
8.212442684173583418e-02
8.170384716987609541e-02
8.137006354331970115e-02
8.226632523536682451e-02
8.251552557945251998e-02
8.208985638618469804e-02
8.203271865844725952e-02
8.189332008361815962e-02
8.217241096496581687e-02
8.175174188613891502e-02
8.185923099517822266e-02
8.233612012863159024e-02
8.176435208320617654e-02
8.138164043426514282e-02
8.148400998115538918e-02
8.124776172637938887e-02
8.115010523796081787e-02
8.085862350463866866e-02
8.133610057830810425e-02
