1.448108016977800787e+02
1.346492384434595522e+02
1.547256466701107058e+02
1.572268859396247649e+02
1.616975757071170960e+02
1.498642726348379597e+02
1.409227207108278890e+02
1.247736873334036716e+02
1.173762792049925707e+02
1.203382349232159925e+02
1.221363433206308429e+02
1.220213134452755952e+02
1.016900211674521017e+02
9.388859693832331743e+01
8.948254492981899944e+01
9.291787565214289657e+01
7.951270448862122464e+01
7.657233238579246404e+01
1.084252148889021043e+02
9.184454331175440700e+01
5.297849456801996126e+01
6.092693449874491307e+01
5.274478235495180201e+01
1.139363833452037653e+02
6.806786216655629573e+01
6.419327078608594661e+01
3.700057126122707274e+01
5.429015199447519535e+01
4.996579725808096129e+01
6.216476756582411412e+01
4.496611779576300449e+01
6.247185997879569896e+01
5.702356625219469777e+01
4.602469923693262643e+01
1.939821659808276877e+01
2.235466077081368041e+01
2.860156065091294053e+01
2.363988986132888570e+01
2.024167347118148896e+01
3.477243471783147299e+01
3.300757657923909960e+01
1.899012881251247009e+01
2.352867561021444587e+01
4.308345575738193389e+01
3.039937933626328359e+01
2.359202665912787467e+01
2.427816169443278937e+01
1.632972409662056990e+01
1.219247045188673084e+01
1.627874598199290901e+01
1.170848199511427801e+01
3.156022281824154518e+01
7.800589248270232368e+00
1.245314253207709676e+01
9.737775636923830191e+00
9.679045440754435958e+00
2.335122417493527891e+01
1.651159403700798833e+01
1.964365600787878918e+01
1.295812201281038689e+01
1.187592758509831903e+01
2.002428313973095086e+01
1.759801243616247746e+01
1.816682504203322424e+01
1.121344082189466462e+01
1.235490680102657635e+01
9.738577807035230904e+00
2.970455457115077991e+01
1.653111766450241760e+01
1.439265016773539507e+01
1.703670603841886333e+01
1.401752958750650713e+01
1.132195787884468530e+01
1.158864946428607290e+01
2.613616795127230930e+01
1.427583459067955829e+01
2.193262090957380650e+01
7.596650600824366606e+00
9.628365275175591265e+00
1.421254652443553290e+01
8.729675186265598796e+00
1.325566436517545910e+01
9.839364860647956235e+00
1.345967364390965493e+01
1.484232642774097499e+01
6.394172835506539698e+00
8.106788440721350852e+00
1.157124213248586031e+01
9.247502193581519592e+00
1.701181577840399228e+01
7.800622779535943074e+00
1.129922248371384619e+01
7.838268084257905777e+00
6.205569302953655608e+00
1.860693501422118246e+01
7.571047055669430925e+00
7.094833978511404737e+00
7.416602215895711225e+00
1.240723979459498594e+01
7.875391948595257929e+00
8.970249159202756672e+00
1.836397055929448996e+01
1.266804783009976809e+01
6.309072196700188151e+00
8.984601084859287212e+00
1.829286751711191172e+01
1.175053914068543115e+01
1.258161720704476139e+01
1.097552363011529586e+01
1.852799381901337128e+01
1.091499915772764417e+01
8.928435104991716997e+00
7.773100475130602760e+00
7.417170088282044382e+00
8.051486221414863920e+00
1.045995331728393474e+01
1.437003119883034508e+01
7.420206982250521222e+00
7.262468517701368143e+00
1.396265830212538539e+01
1.755960272782139242e+01
9.376356835345038832e+00
7.912456471210008502e+00
1.142682261491073881e+01
5.797308360194572074e+00
1.013585392370801053e+01
6.356849826564657135e+00
6.100636830265631083e+00
1.005232095184335606e+01
1.191924255033204716e+01
8.928263817239937339e+00
1.072249470562190865e+01
9.525826839306544613e+00
7.923921465167362399e+00
7.188336531456150702e+00
7.498434645798386811e+00
1.145489201130607881e+01
6.940322654400040925e+00
6.638261119083211703e+00
1.414427745069804843e+01
7.541577294051405644e+00
1.145438414030603624e+01
8.161958268853457099e+00
6.739735336521679443e+00
1.189562554757634594e+01
1.401229411430061056e+01
7.975973572931081890e+00
1.499205223089839656e+01
7.175344393416327016e+00
1.310768990038170045e+01
8.718879150624507801e+00
9.769488114403513279e+00
8.928443378995202906e+00
1.185161655429514838e+01
1.151054678155070299e+01
1.262558360689127035e+01
8.886990579626946385e+00
7.687553204008624519e+00
1.328960182156758663e+01
1.061440432962541536e+01
6.361837469028083447e+00
1.298410823199428066e+01
1.090538845953271796e+01
1.293474711394694410e+01
1.220413267352087949e+01
1.324242017739181598e+01
6.184834210373444385e+00
1.195471163665445147e+01
9.684571978939702674e+00
7.860952755733030983e+00
1.169430910288725656e+01
1.039958596901067622e+01
5.879655858401178214e+00
8.245754193040484736e+00
8.020086352034999422e+00
6.508267692889798894e+00
7.568153917427117960e+00
8.895929556115516945e+00
1.020291409319006171e+01
6.922084437540666713e+00
9.933656413429424958e+00
9.953874211867645982e+00
1.516337733089963002e+01
9.831160630979415060e+00
5.620475871644556420e+00
6.897241070918055605e+00
6.594231851954384993e+00
4.426841736339449440e+00
7.886104295931567698e+00
4.414038178167574600e+00
6.042841994496271241e+00
7.903454789566672467e+00
6.905878808007512859e+00
7.109246746140550854e+00
5.490425192499667872e+00
1.024774679666227861e+01
1.039224875672304904e+01
4.530847368930865038e+00
6.908501467933038320e+00
1.001561609050834534e+01
9.395167711476322125e+00
6.136149242689818983e+00
8.485072623951248616e+00
1.319286011577632856e+01
7.444351720435577136e+00
7.021759725245595440e+00
6.915268327462692710e+00
7.104520404502015829e+00
9.178147967079965497e+00
1.860052795767165179e+01
6.183458681455569206e+00
9.545023813905354260e+00
4.862508836737852391e+00
1.038174614803760676e+01
7.476115099790110463e+00
1.064601285693487043e+01
1.414596284536593274e+01
6.005179123196453972e+00
7.960515182673151280e+00
4.897414467998191689e+00
6.496195706763320921e+00
5.261966180127105375e+00
1.031173537603411994e+01
4.942573683262192041e+00
7.747587419193733282e+00
1.002978837263098377e+01
6.481567801646186844e+00
7.149446524055941943e+00
8.379514349641004500e+00
4.384301592051786045e+00
5.024100240383917892e+00
5.076397599700162466e+00
7.632573184497583263e+00
6.433195396628498486e+00
1.179594940575294792e+01
5.521552106322112685e+00
1.250686167234579038e+01
9.064055137453900457e+00
1.000211625107161595e+01
6.246836093212215779e+00
1.035147533160945699e+01
6.395482653188118150e+00
5.548938731382245138e+00
8.414653761227725681e+00
1.310640493452773470e+01
1.562827335904460391e+01
4.024252347924939244e+00
3.494763693119501635e+00
1.459538470460701198e+01
8.266147227544914600e+00
6.059041223159995049e+00
9.679950202023096750e+00
4.861951847118215930e+00
3.869016432193596255e+00
7.723405557344931616e+00
4.660126332033780017e+00
4.632626369806764011e+00
4.464817912146923362e+00
4.097782655061245727e+00
8.746936752708370122e+00
8.591420153407412386e+00
8.257257990001219738e+00
7.588984690499261276e+00
8.739804372890205286e+00
6.504988005651549443e+00
6.154661160638555728e+00
8.940294305608489367e+00
8.452228420220777139e+00
8.718089061307225052e+00
8.575675448333470285e+00
5.429142654496316389e+00
8.788868363808409967e+00
1.237022281237084087e+01
5.153936037891109656e+00
4.700551508865075334e+00
7.040759011738412454e+00
9.814773187035733315e+00
9.432873786135518301e+00
6.509873876848413232e+00
3.883555045224598601e+00
9.481576013443792306e+00
3.278316127629531618e+00
9.664488430717286249e+00
5.594196552116281751e+00
5.254173379592604221e+00
4.397545647570189509e+00
5.718122447414653031e+00
5.025989174416626959e+00
1.003048999143978648e+01
9.822072146286123129e+00
9.795077883056668711e+00
8.896070461971250509e+00
6.960419403199320065e+00
7.700784035895298807e+00
7.582147912957849734e+00
7.903541568257234751e+00
5.471724163543278507e+00
4.065164903018082754e+00
8.088478172466256666e+00
8.105484914487680825e+00
4.976191559776730777e+00
5.074888867187383745e+00
1.002072281832565359e+01
8.111233401032201584e+00
4.384690077928077301e+00
4.597542296806654605e+00
7.110370860472518650e+00
7.670106114607943226e+00
9.926363448372883980e+00
8.629045217951356150e+00
8.002636796223224991e+00
6.603395875926287850e+00
5.090570173391651743e+00
5.174364504418474731e+00
4.836417362705641487e+00
6.080285171030909375e+00
5.593278200761366392e+00
3.470487411065416250e+00
4.232538897203509620e+00
6.827991781610486477e+00
4.986005903335925638e+00
5.057400468775136382e+00
7.092430959332059359e+00
4.400714410545526256e+00
5.377229105976431001e+00
4.179606623859030812e+00
3.190764857864277992e+00
9.182563417443679654e+00
3.840618690578375904e+00
3.301252251898118661e+00
6.482230600113989993e+00
4.088119621013824201e+00
5.129137383128951733e+00
5.091618325056280980e+00
3.831611519365381913e+00
4.541814008446955597e+00
5.097745735992429417e+00
5.160624705717375527e+00
4.736497477158733815e+00
6.478623568439229707e+00
3.875049024840898859e+00
4.252685009330559041e+00
6.119408467208024227e+00
3.427924519139733395e+00
6.213327527991829413e+00
4.429279070364298576e+00
6.914765437027230455e+00
4.047458630272251945e+00
5.089825938517911652e+00
6.118337301454425337e+00
5.457709197024268377e+00
6.793151538892270302e+00
6.065205643732589635e+00
8.026606369056162649e+00
4.311368030501572690e+00
8.775463308600116363e+00
7.205088814698026312e+00
4.008421001692668462e+00
4.547683219832953760e+00
1.075672240103512323e+01
9.151499703069484681e+00
4.888580047108164628e+00
3.614333853782067063e+00
5.780053848177266751e+00
4.440639803816107900e+00
6.342372849521673572e+00
6.796416934934989662e+00
7.860632538541404202e+00
3.904262390292963403e+00
4.555111640432810027e+00
5.994224597517806785e+00
7.353257122895443310e+00
3.147358893243335842e+00
3.344327676381294800e+00
1.102681126819167190e+01
6.535762201198915378e+00
5.587481803636334732e+00
5.220469075187901709e+00
5.823136820631599875e+00
2.826777388667677915e+00
3.120595504614555260e+00
4.071121119305579406e+00
7.135436170237015929e+00
3.137984799062089269e+00
3.613784894757483546e+00
5.339771981586244110e+00
8.172302019023350184e+00
4.706635373181224935e+00
3.411585388473670655e+00
4.299928168683501362e+00
4.074381364630134783e+00
7.094714368106565416e+00
6.818400042043034404e+00
4.764624142186775657e+00
5.540512806733637774e+00
3.424618854924936340e+00
6.999088965377440630e+00
7.954964222552473707e+00
5.227770616862750686e+00
7.118930722387257326e+00
4.727739054815919495e+00
7.295639509470225548e+00
4.495406032104193983e+00
4.486830781666463430e+00
4.605142729304561477e+00
5.638877050980778627e+00
4.353875813039912224e+00
4.499174979924349671e+00
6.198562129835446299e+00
4.989737847465554488e+00
7.704852714895968013e+00
5.829371535881413990e+00
6.344077534910148586e+00
5.640108732472304709e+00
3.462595827800924564e+00
5.488084696559673681e+00
4.929577269914858562e+00
4.552865912421443895e+00
5.835626452022053989e+00
4.888581166394016186e+00
3.629771427327003863e+00
4.585244626267432011e+00
4.266679890967628452e+00
3.096436254294098855e+00
6.187805387738626983e+00
3.788790141147996504e+00
4.864608377454045396e+00
3.852277657362731311e+00
7.524720165031451913e+00
5.419271387863300760e+00
3.804596818319749385e+00
6.677677224843602488e+00
6.480766957150875029e+00
3.138043771801995341e+00
3.371051645153109622e+00
3.973952025902026897e+00
3.740822648098588221e+00
3.368169523119612485e+00
5.074782482566170039e+00
3.592198959663537750e+00
4.861120835730067036e+00
4.874528344967681726e+00
5.331224270401675902e+00
3.027495955531352756e+00
5.078669799098053161e+00
8.725469350221747078e+00
8.273633422650480185e+00
5.197043122611913368e+00
6.257118210048274953e+00
4.551810557431843485e+00
7.770537642113720445e+00
7.506345586732129149e+00
3.585159660100158074e+00
2.721209832049269028e+00
5.571500432784413981e+00
5.737003801248928170e+00
5.580763213200340189e+00
3.759584529264045294e+00
2.749286180731936202e+00
4.740764294554988822e+00
3.846943797688209266e+00
6.907554979507548154e+00
3.690448941871083299e+00
5.111939802675393274e+00
1.000549494560867458e+01
8.357538557243275434e+00
1.336923147515020815e+01
5.362234638833652589e+00
4.811773237964282579e+00
7.851533823437423010e+00
5.481897497603468672e+00
4.721789246959370523e+00
4.937449092512606441e+00
2.389095197730744857e+00
3.397735731998892561e+00
4.204609416981301528e+00
3.853942255796286354e+00
1.028738467184874139e+01
6.183213227698657555e+00
5.306375674389745001e+00
3.760767950632612155e+00
5.346441195680139202e+00
3.351301622485729048e+00
5.412606771366542446e+00
4.440667461605245059e+00
3.267976692022615204e+00
9.119302153561095636e+00
5.312805425179417895e+00
5.596433448876855898e+00
6.334232243826406261e+00
4.767453174592167109e+00
4.421531645950828704e+00
5.656180217264597410e+00
3.412153364118572618e+00
4.590472834893332355e+00
4.325229866151468983e+00
6.702221878244823294e+00
4.395822177337922021e+00
5.308773143847685283e+00
2.423750046686688808e+00
3.723301368033734793e+00
4.502625550411996969e+00
4.511932244103437739e+00
3.761785444202555784e+00
3.993783136312445414e+00
6.978096203473457493e+00
3.956831630877416739e+00
1.047682010646993866e+01
3.971367925871374105e+00
4.206288990841533959e+00
5.733397121077929981e+00
5.291022482817898442e+00
3.167365049417542711e+00
7.482835306955784027e+00
8.946860210230891397e+00
4.941396234753638872e+00
3.633505250711917434e+00
1.060135495790629356e+01
6.202747318853222502e+00
3.325040600412782599e+00
3.704374963076042082e+00
5.412146190489144360e+00
5.766271138422384368e+00
4.745930854087721862e+00
3.282532095028883656e+00
5.953018619580804582e+00
5.402345885067513009e+00
8.115485819964650460e+00
4.872669317309804349e+00
3.157635746756874529e+00
8.223273607783866623e+00
7.975012815911468600e+00
4.788337663889696394e+00
7.154731710344497841e+00
6.942500699803312081e+00
6.603015368076580849e+00
3.925775602327587599e+00
5.864366511194367249e+00
4.032779100391901572e+00
9.736097037041835378e+00
4.639446458616124147e+00
6.298297223072893303e+00
4.997094742635478148e+00
5.798297627594734216e+00
4.260179737320755500e+00
9.355305550891571897e+00
5.564628375622328704e+00
7.611585005293190598e+00
4.448666851319882376e+00
6.234421408004830134e+00
5.471129046279493480e+00
4.992761604364170935e+00
3.678129994888371890e+00
3.311887173659277206e+00
3.214807922517826544e+00
8.210616420919524927e+00
8.548722953497824406e+00
6.778220515077545194e+00
4.000819613281699993e+00
4.254311275627161493e+00
3.803928144743715656e+00
3.637133192528192449e+00
4.541929503437456717e+00
5.949564521513440951e+00
3.168536620925188174e+00
6.585266789310797897e+00
6.968962209713022382e+00
5.751735037767778280e+00
3.610050406259424971e+00
5.796737212535806094e+00
4.961349746119370963e+00
7.446965268933438686e+00
4.276848968731032485e+00
1.099829284762881976e+01
4.625960041184337790e+00
4.508603558784496812e+00
5.989135259609889239e+00
5.609169026901562383e+00
4.561227395698546516e+00
3.925134627789682362e+00
4.476680987577728033e+00
4.246354402959406471e+00
7.931964632412574545e+00
4.961930548239280370e+00
4.271365841847948097e+00
7.775946803163249932e+00
5.652042022732775450e+00
9.350263385128293692e+00
2.174673471822846338e+01
8.913501071303640444e+00
7.544531632573790780e+00
7.309223547686702460e+00
3.513249860204285202e+00
4.116054773327874727e+00
4.450699073605002276e+00
8.351495810174217382e+00
1.677441161570670403e+01
6.820422261895021876e+00
5.894318588203420362e+00
4.927316147658902246e+00
3.428322171619561320e+00
1.011072997898368264e+01
1.108057279827451680e+01
1.055746883627170973e+01
7.070361654582960398e+00
3.571478655431714611e+00
9.630351629493242527e+00
9.450428933676098708e+00
