2.672716877460479812e-01
6.358614611625670876e-02
6.205314850807189947e-02
6.167859315872192133e-02
6.172729873657226835e-02
6.198103284835815296e-02
6.185822796821593972e-02
6.171795415878295749e-02
6.170440506935119529e-02
6.177190256118774564e-02
6.194846105575561868e-02
6.192523121833801159e-02
6.199371075630188271e-02
6.196243000030517839e-02
6.194472122192382774e-02
6.187442040443420083e-02
6.181347060203552096e-02
6.219505572319030534e-02
6.215021991729736267e-02
6.220169138908386575e-02
6.200251984596252125e-02
6.237700963020324785e-02
6.181914114952087591e-02
6.205745005607604670e-02
6.230843472480773748e-02
6.240002417564392140e-02
6.198402476310729825e-02
6.197643542289733853e-02
6.231121587753295915e-02
6.225441908836364807e-02
6.242794489860534896e-02
6.210868644714355458e-02
6.192290806770324452e-02
6.181750082969665605e-02
6.194921588897705361e-02
6.185596704483032476e-02
6.179685091972351302e-02
6.188947868347167980e-02
6.169274473190307362e-02
6.158916831016540694e-02
6.184779453277587657e-02
6.156035065650940219e-02
6.154735159873962747e-02
6.159300899505615323e-02
6.128285622596740811e-02
6.115859436988830417e-02
6.115562462806701377e-02
6.102480101585388422e-02
6.119526100158691195e-02
6.091789126396179171e-02
6.105307292938232100e-02
6.114990186691283969e-02
6.097289347648620489e-02
6.101037049293518005e-02
6.120531821250915772e-02
6.107093143463134671e-02
6.084603834152221835e-02
6.109135127067565757e-02
6.115506768226623702e-02
6.098685503005981529e-02
6.101932930946350059e-02
6.108070802688598394e-02
6.118181085586547885e-02
6.105461835861206166e-02
6.113440608978271823e-02
6.110900425910949924e-02
6.111367225646972823e-02
6.095060634613037182e-02
6.095758533477783209e-02
6.092801570892333873e-02
6.128749155998230308e-02
6.109625935554504478e-02
6.116099953651428500e-02
6.126248955726623646e-02
6.143863868713379112e-02
6.147548294067382846e-02
6.106100749969482766e-02
6.086490249633789290e-02
6.107919359207153454e-02
6.104397535324096458e-02
6.100491046905517911e-02
6.099734330177307429e-02
6.105712032318115490e-02
6.080154204368591608e-02
6.072950625419616666e-02
6.112575960159302019e-02
6.105138254165649175e-02
6.118824195861816140e-02
6.115014076232910128e-02
6.118533730506896945e-02
6.115198063850402904e-02
6.131667542457580611e-02
6.109457278251648193e-02
6.099425411224364962e-02
6.095394372940063366e-02
6.125478196144103910e-02
6.092734384536743070e-02
6.112572026252746649e-02
6.113038110733032271e-02
6.113934683799743947e-02
6.113242459297180131e-02
6.122598743438720931e-02
6.105131983757019348e-02
6.060354399681091436e-02
6.105632424354553306e-02
6.121710753440857272e-02
6.134482884407043563e-02
6.120963835716247692e-02
6.108210086822509627e-02
6.109424138069152743e-02
6.132178688049316068e-02
6.124675583839416654e-02
6.133967709541320729e-02
6.143837404251098477e-02
6.139212989807128762e-02
6.139637804031371909e-02
6.133127307891845376e-02
6.099513006210326854e-02
6.114203810691833801e-02
6.138146448135375910e-02
6.126169490814208779e-02
6.139619994163512950e-02
6.123028683662414678e-02
6.149366426467895580e-02
6.121146368980407565e-02
6.142231535911560347e-02
6.127491497993469566e-02
6.157563161849975708e-02
6.146413826942443565e-02
6.153156328201293823e-02
6.134405326843261896e-02
6.128637599945068598e-02
6.125207948684692483e-02
6.150520420074463007e-02
6.148530578613281561e-02
6.136230921745300382e-02
6.124256753921508700e-02
6.135548377037048501e-02
6.150913786888122237e-02
6.138313937187194619e-02
6.163295435905456754e-02
6.172438812255859331e-02
6.131831598281860252e-02
6.153183102607726745e-02
6.116382598876952958e-02
6.135803365707397788e-02
6.114181017875671559e-02
6.142516708374023277e-02
6.120271849632263200e-02
6.155056381225586237e-02
6.150316834449767733e-02
6.139596366882324463e-02
6.140484786033630071e-02
6.162349414825439575e-02
6.169621872901916160e-02
6.158704543113708435e-02
6.150541019439697416e-02
6.092939305305480890e-02
6.142597222328186057e-02
6.182136011123657432e-02
6.164343643188476690e-02
6.144501399993896468e-02
6.169751405715942494e-02
6.133820867538452432e-02
6.116711592674255182e-02
6.173589038848877053e-02
6.153158450126647999e-02
6.167050433158874356e-02
6.154468131065368719e-02
6.169872426986694469e-02
6.143227195739746349e-02
6.172182917594909446e-02
6.164441299438476463e-02
6.155875754356384538e-02
6.128752732276916693e-02
6.183978128433227639e-02
6.156983518600463862e-02
6.159820437431335477e-02
6.144641256332397661e-02
6.165696787834167719e-02
6.121069812774658503e-02
6.157683134078979770e-02
6.153035187721252186e-02
6.150349831581115867e-02
6.175349283218383584e-02
6.137958836555480746e-02
6.166663622856140281e-02
6.171186852455139149e-02
6.170140004158020108e-02
6.162541627883911383e-02
6.155690169334411543e-02
6.151436543464660484e-02
6.153556466102599876e-02
6.142068600654602278e-02
6.122429299354553017e-02
6.109726572036743020e-02
6.043505215644836420e-02
6.124591732025146812e-02
6.130478668212890891e-02
6.121941184997558433e-02
6.100671553611755615e-02
6.088945055007934787e-02
6.115146040916442927e-02
6.122308325767517045e-02
6.108715891838073508e-02
6.111596035957336109e-02
6.122705960273742976e-02
6.127490139007568670e-02
6.115811347961425809e-02
6.126519250869751076e-02
6.111666297912597690e-02
6.138932538032531444e-02
6.132602858543396290e-02
6.117956781387329235e-02
6.122759747505188144e-02
6.134009194374084178e-02
6.120947480201720942e-02
6.110886049270630033e-02
6.127341437339782482e-02
6.135919332504272128e-02
6.125613236427306790e-02
6.096493959426879661e-02
6.135602164268493669e-02
6.115213656425476374e-02
6.148249912261962574e-02
6.124051928520202887e-02
6.127542901039123580e-02
6.142626667022704767e-02
6.119350147247314131e-02
6.129617023468017512e-02
6.111415743827820074e-02
6.129110622406006015e-02
6.150893473625183155e-02
6.148709583282470359e-02
6.135016393661499312e-02
6.118358039855956859e-02
6.161975193023681852e-02
6.154286336898803778e-02
6.144227552413940308e-02
6.151569771766662864e-02
6.113785529136657459e-02
6.120963382720947393e-02
6.111054587364196655e-02
6.139689874649047890e-02
6.122691893577575373e-02
6.118740582466125622e-02
6.137675905227660961e-02
6.117926883697509532e-02
6.117516493797302279e-02
6.151230812072754073e-02
6.145224356651306230e-02
6.146178507804870433e-02
6.109700131416320734e-02
6.099973344802856606e-02
6.136980557441711753e-02
6.102263903617859142e-02
6.100673580169677784e-02
6.049666190147399980e-02
6.106067633628844971e-02
6.112545967102051003e-02
6.110478281974792564e-02
6.111457872390747142e-02
6.117250156402587874e-02
6.137386894226073975e-02
6.127878212928771634e-02
6.130653834342956326e-02
6.099511528015136991e-02
6.122786021232604764e-02
6.142249464988708274e-02
6.119857192039489940e-02
6.135512995719909907e-02
6.102858448028564142e-02
6.136127471923828042e-02
6.084880471229553445e-02
6.057006072998046692e-02
6.125912690162658991e-02
6.089099121093750205e-02
6.119227766990661954e-02
6.109367203712463140e-02
6.111164164543152200e-02
6.141127204895019398e-02
6.137892246246337558e-02
6.159817790985107344e-02
6.135147547721862826e-02
6.128033280372619657e-02
6.160929441452026034e-02
6.126162242889404003e-02
6.120668292045593206e-02
6.126301145553588595e-02
6.123421955108642595e-02
6.139022183418273854e-02
6.122299861907958690e-02
6.120541691780090332e-02
6.125546503067016285e-02
6.065264272689819408e-02
6.114381980895996355e-02
6.130329418182373091e-02
6.133104872703552118e-02
6.133811521530151134e-02
6.161313128471374717e-02
6.151380586624145830e-02
6.158422803878783880e-02
6.147552371025085532e-02
6.125500655174255515e-02
6.138754510879516901e-02
6.131857609748840587e-02
6.155563211441040378e-02
6.175423860549926480e-02
6.154564046859740956e-02
6.163399696350097684e-02
6.157758831977844238e-02
6.114785647392272788e-02
6.146067714691162004e-02
6.144754838943481540e-02
6.133009123802184853e-02
6.098406767845154092e-02
6.085948252677917530e-02
6.110013055801391535e-02
6.135763478279113864e-02
6.151531839370727450e-02
6.112924838066101374e-02
6.130781793594360096e-02
6.124363255500793468e-02
6.142222976684569985e-02
6.137257122993469011e-02
6.154118728637695407e-02
6.159071183204650746e-02
6.147004771232605219e-02
6.162653779983520708e-02
6.122522401809692150e-02
6.110016489028930603e-02
6.121662449836730996e-02
6.136747789382934748e-02
6.109968614578246970e-02
6.076015591621398981e-02
6.135765194892883051e-02
6.133772897720336792e-02
6.149618411064147749e-02
6.171464657783508334e-02
6.155316543579101435e-02
6.138095664978027166e-02
6.146357607841491932e-02
6.148419165611267168e-02
6.152073073387145929e-02
6.143141627311706626e-02
6.173111844062804943e-02
6.178129363059997603e-02
6.167340016365051303e-02
6.148245096206664956e-02
6.175340747833252264e-02
6.177857947349548601e-02
6.153586339950561229e-02
6.123589611053466969e-02
6.155557036399841170e-02
6.192132568359375033e-02
6.155198740959167553e-02
6.160709095001220409e-02
6.148187756538391058e-02
6.165219974517822249e-02
6.191880917549133501e-02
6.164042878150939597e-02
6.110156393051147800e-02
6.174356532096862693e-02
6.180919098854065208e-02
6.164165401458740479e-02
6.201990008354187067e-02
6.176723647117614985e-02
6.171143341064452836e-02
6.216111898422241322e-02
6.188273978233337080e-02
6.156976628303528071e-02
6.197929859161376703e-02
6.165236830711364607e-02
6.183644556999206426e-02
6.178386640548706038e-02
6.202712893486023171e-02
6.186225485801696844e-02
6.182429385185241738e-02
6.159132385253906355e-02
6.191060376167297624e-02
6.097771763801574513e-02
6.198175549507141391e-02
6.190004706382751243e-02
6.185500884056091553e-02
6.175196194648742420e-02
6.190970325469970920e-02
6.182911658287048445e-02
6.167263031005859597e-02
6.145847034454345742e-02
6.173328900337219510e-02
6.168914675712585532e-02
6.200174045562743819e-02
6.192699003219604564e-02
6.183167672157287298e-02
6.182512235641479670e-02
6.189610266685485751e-02
6.178054189682007091e-02
6.129093837738037315e-02
6.141323804855346874e-02
6.174744033813476390e-02
6.190097403526306080e-02
6.185573887825011885e-02
6.209640502929687778e-02
6.193985199928283419e-02
6.228232431411743347e-02
6.220199728012085205e-02
6.229713463783264488e-02
6.208696389198303106e-02
6.201625967025756886e-02
6.201896047592163341e-02
6.197377395629882768e-02
6.208044958114623812e-02
6.155893397331237832e-02
6.186086177825927956e-02
6.208042049407958701e-02
6.210321974754333396e-02
6.206341266632080245e-02
6.188873267173767428e-02
6.200878691673279014e-02
6.180194783210754550e-02
6.227407073974609159e-02
6.215438938140869368e-02
6.202498173713683755e-02
6.208766007423401068e-02
6.211088514328003130e-02
6.227429533004760764e-02
6.217342686653137135e-02
6.215421056747436751e-02
6.201604890823364524e-02
6.166860628128052052e-02
6.191360783576965038e-02
6.195818257331848350e-02
6.222839736938476363e-02
6.203992104530334228e-02
6.197153687477111733e-02
6.196340298652648626e-02
6.199245357513427646e-02
6.203408718109131026e-02
6.201019930839538757e-02
6.227017307281493969e-02
6.235515689849853438e-02
6.208048963546752841e-02
6.220540952682494795e-02
6.204234552383423168e-02
6.204555439949035328e-02
6.212255477905273549e-02
6.224269819259643788e-02
6.229821181297302141e-02
6.217692065238952792e-02
6.225771379470824984e-02
6.231479287147521917e-02
6.217688202857971080e-02
6.226735544204711759e-02
6.237243986129760442e-02
6.239667129516601740e-02
6.267146849632262984e-02
6.241064596176147672e-02
6.243668341636657987e-02
6.246601057052612177e-02
6.232396030426025357e-02
6.216324996948242171e-02
6.239647841453552224e-02
6.224643182754516918e-02
6.211548876762389843e-02
6.204421472549438710e-02
6.228865194320678395e-02
6.233097839355468406e-02
6.232468438148498768e-02
6.231002807617187778e-02
6.233397030830383628e-02
6.232109808921813821e-02
6.241249704360962020e-02
6.243082261085509954e-02
6.277008700370788341e-02
6.233268952369690197e-02
6.252075266838073853e-02
6.247792124748229731e-02
6.258043956756591253e-02
6.238021087646484358e-02
6.233097767829894748e-02
6.215828847885131875e-02
6.232555031776428056e-02
6.239779067039490090e-02
6.216860866546630726e-02
6.214710450172424017e-02
6.208873581886291404e-02
6.243145751953124711e-02
6.238342833518981806e-02
6.214957356452941589e-02
6.217701506614685403e-02
6.217913770675659313e-02
6.215839076042175421e-02
6.232250046730041654e-02
6.220709395408630105e-02
6.221997761726379139e-02
6.195753383636474348e-02
6.224133205413818343e-02
6.229430770874023332e-02
6.218130803108215532e-02
6.208683323860168801e-02
6.236195635795593190e-02
6.218283796310424688e-02
6.213176679611206316e-02
6.218939542770385992e-02
6.228024363517761092e-02
6.234188771247863720e-02
6.227848839759826671e-02
6.225354743003845559e-02
6.243486762046814020e-02
6.223056268692016280e-02
6.253304791450500777e-02
6.233404159545898743e-02
6.228161668777466159e-02
6.236732029914855702e-02
6.227359080314636558e-02
6.234172511100768976e-02
6.220881843566894442e-02
6.240440869331359552e-02
6.250741863250731944e-02
6.236164927482604897e-02
6.252052950859070257e-02
6.240289998054504572e-02
6.235729551315307567e-02
6.246217679977417170e-02
6.251347255706786454e-02
6.242273974418639793e-02
6.242349910736084279e-02
6.245988035202026251e-02
6.225389933586120833e-02
6.174467825889587425e-02
6.165276002883911255e-02
6.236387538909912015e-02
6.246878647804260387e-02
6.257059788703918379e-02
6.260002183914184504e-02
6.225228619575500638e-02
6.240878224372863742e-02
6.253356480598450118e-02
6.241476249694824507e-02
6.240838384628295821e-02
6.237666654586791759e-02
6.255923461914061900e-02
6.253564405441283669e-02
6.265696573257446833e-02
6.264526009559631681e-02
6.248438382148742420e-02
6.218907570838928117e-02
6.260206341743469738e-02
6.260681867599487971e-02
6.283083748817443193e-02
6.256260251998901900e-02
6.273851680755615501e-02
6.258039426803588268e-02
6.280216789245605946e-02
6.279084444046020841e-02
6.266772484779357943e-02
6.258398532867431863e-02
6.255807542800903565e-02
6.251485610008239435e-02
6.260967683792113825e-02
6.255162167549133123e-02
6.268069362640381337e-02
6.252953791618347246e-02
6.242382502555847423e-02
6.262580013275145796e-02
6.260901403427124312e-02
6.259361267089844083e-02
6.248584461212158131e-02
6.256885600090027200e-02
6.265898442268372226e-02
6.242198514938354648e-02
6.253589606285095415e-02
6.261351871490478116e-02
6.233541488647460771e-02
6.240936803817748874e-02
6.241235661506652765e-02
6.257770943641662031e-02
6.282852530479431097e-02
6.263038897514343339e-02
6.245364809036255127e-02
6.269277143478393932e-02
6.261986637115478371e-02
6.256187391281127497e-02
6.257314467430115379e-02
6.254127025604247492e-02
6.280304026603698853e-02
6.256123781204223078e-02
6.238914203643798617e-02
6.279580569267273482e-02
6.279950070381164207e-02
6.267053866386414207e-02
6.289906454086303944e-02
6.261624717712402366e-02
6.254709887504578125e-02
6.253032970428466786e-02
6.275332784652709606e-02
6.270244431495666793e-02
6.271720576286315962e-02
6.261074590682982888e-02
6.288098073005676802e-02
6.278469252586364735e-02
6.265152645111084218e-02
6.285064101219177413e-02
6.275541353225708163e-02
6.275867295265197265e-02
6.273795270919799161e-02
6.267980790138244496e-02
6.235662508010864080e-02
6.243946003913879161e-02
