1.533388503782273062e+02
1.356825125536591372e+02
1.493177153358124087e+02
1.626070194392396502e+02
1.473685466282365439e+02
1.459332992067992620e+02
1.288981535343766041e+02
1.206475824154065180e+02
1.134864678346224451e+02
1.214312371692022481e+02
1.276359349356111466e+02
1.316333032773858065e+02
1.200393145946753322e+02
1.296634631578035339e+02
9.695143815521649344e+01
1.102891691088157415e+02
8.625472787942121045e+01
9.422601780912870595e+01
9.362201148847370291e+01
8.828097184519914720e+01
9.208727714767969985e+01
1.089170194961771898e+02
8.813120479430284604e+01
9.383686244969032941e+01
6.966527656182771011e+01
6.225633884841798249e+01
8.328882380869394808e+01
7.218354025541802343e+01
9.244544330774051843e+01
7.855581571045956935e+01
5.127408819297663456e+01
7.502353793265869797e+01
4.445700772169391968e+01
3.219260435400465070e+01
4.869170206406312928e+01
4.435354785607041350e+01
6.772845197891916769e+01
2.704507867812725763e+01
3.779685372304290070e+01
4.819862862308390561e+01
3.440662407628258990e+01
4.032234628432748025e+01
2.707946907961254368e+01
4.215722813579943562e+01
4.432938731337755200e+01
3.852166285364679510e+01
2.375220826552842368e+01
1.804490512385021717e+01
2.844948390678855432e+01
2.079515251061527081e+01
1.706206397587459733e+01
1.799990827397137849e+01
2.922022647624251590e+01
2.602663303426308516e+01
2.207826894238379367e+01
2.050898200615234046e+01
2.373701760788669191e+01
2.282361638569800633e+01
1.928340323735387685e+01
1.704174319548904393e+01
2.436264525322805241e+01
1.575786470445127385e+01
2.367426167700343953e+01
2.027683770766871874e+01
2.838812255392613437e+01
2.494406740467212913e+01
2.528546862812323326e+01
1.820758324841669307e+01
1.802938168162312849e+01
2.654569748623022463e+01
9.879853328328938034e+00
4.751026446718093155e+01
1.935427775109577198e+01
1.355788265065061893e+01
1.697032419765529454e+01
2.278609176836803840e+01
1.188862062398384722e+01
1.220708463960042423e+01
1.440504209647938083e+01
2.800827710236383083e+01
2.868920487372677286e+01
2.426938536635665145e+01
1.735798893343273264e+01
1.459208802271657390e+01
2.225119646785737970e+01
1.728688482675354265e+01
1.995428077595521543e+01
1.294271767221335523e+01
1.596185391177452217e+01
1.312426609491359919e+01
1.792617033590641640e+01
7.022237646779074360e+00
1.564187461969711990e+01
1.380790308930973609e+01
2.343211165324761325e+01
2.307878973467242645e+01
2.121940522627282988e+01
3.125517605195559057e+01
1.830983217089224624e+01
1.814447211998728093e+01
1.572243512842843494e+01
3.275130162708711623e+01
1.911048663112768153e+01
1.853165431684633901e+01
1.626860737622692454e+01
3.359932054456887585e+01
1.905159256262106737e+01
1.703313066210021987e+01
1.849630680753164924e+01
1.505369737278087605e+01
1.589934359476878178e+01
2.623848938663392616e+01
1.960691561090269630e+01
1.586524922528354331e+01
1.888724325303544660e+01
1.410964178789284063e+01
2.322594598158406498e+01
1.986777500131252339e+01
2.090101187904447144e+01
2.047324781352618928e+01
1.395357312690051188e+01
1.632662503004102206e+01
1.886893232705243051e+01
1.019103091332276279e+01
8.019827067442573565e+00
1.092337815091392805e+01
7.410781391047803091e+00
1.643235504135016711e+01
1.092423931730671072e+01
1.243156835307970276e+01
1.178485294493982671e+01
1.456112895469302693e+01
9.129290137340634104e+00
1.161886869928021326e+01
8.018283879092892974e+00
1.627033508334443823e+01
2.443111673622379243e+01
1.186188084182579416e+01
1.171218366504606578e+01
8.889817697499562854e+00
1.973145226617743120e+01
1.220350585209153671e+01
1.042006425455108776e+01
1.021199300799316845e+01
1.942205157457412668e+01
2.101005919970036473e+01
1.514284698536717677e+01
1.198627088663829809e+01
1.553511488372417482e+01
1.175788146805907886e+01
1.188256080100526191e+01
1.136728824498710289e+01
1.423909706898735195e+01
1.664985033292307648e+01
1.602790399422523038e+01
1.468908822429501271e+01
8.570902754907905319e+00
1.170276834421330392e+01
7.723465699927150929e+00
2.062607984468510480e+01
1.080683700303525363e+01
1.438562122838078139e+01
7.726243285634271096e+00
1.368428167038324261e+01
1.102121011767803083e+01
1.013569712806231848e+01
1.088771442859068550e+01
8.708757548585182917e+00
1.096531989775694882e+01
9.961301689783319091e+00
1.458670502304851802e+01
9.297274901192151830e+00
7.301672095727269607e+00
8.352661589855390645e+00
1.090627337774243699e+01
7.947990887018399953e+00
1.504593842256909220e+01
9.751838162896406814e+00
1.045133663463052720e+01
1.056799187908039883e+01
8.111903631076133436e+00
1.150717746677200282e+01
9.707613411699023587e+00
1.029901406310299805e+01
6.990055590304121935e+00
6.984039425579073423e+00
1.003546533099660110e+01
8.127367801317317841e+00
6.115793819173695134e+00
5.267165294839778689e+00
9.145942961339875055e+00
1.173981529790140854e+01
6.658701063116857277e+00
9.689183162215433853e+00
1.230960966530470557e+01
9.488390497029891790e+00
8.461925359483496223e+00
1.233558036462589946e+01
1.644937277617383486e+01
6.414966689223478014e+00
7.887872272820142250e+00
6.770159637703011768e+00
9.402390905427470358e+00
8.322423616409883707e+00
1.343262990867696871e+01
1.231304484185531756e+01
1.054046407149360931e+01
9.465313264860633069e+00
1.041528973699786675e+01
7.080173855168141905e+00
6.394047344662772581e+00
1.045368667173309873e+01
7.310037270887244532e+00
8.052870152832172224e+00
6.720625665015210970e+00
1.067281707124559276e+01
1.116398458590719756e+01
7.579379416227022048e+00
1.075435740624731373e+01
7.780167083132309536e+00
7.636345875454153997e+00
8.945816876983231580e+00
1.067867477371526519e+01
7.826027300352892624e+00
1.138012931983579357e+01
8.114489585070572275e+00
8.375505367414268321e+00
5.785283578214150069e+00
1.375818308363831655e+01
7.003156243932664893e+00
1.331446410133928104e+01
7.128613832901166347e+00
5.304462611594465749e+00
1.145974310859429046e+01
7.283478553745290185e+00
1.232667347094444388e+01
6.171154178153800629e+00
5.085030440719030764e+00
1.526009919496102896e+01
7.971934878535626545e+00
6.194904924101880539e+00
9.562699685892724233e+00
1.049170450891311468e+01
4.167135426525740982e+00
8.246906499260990842e+00
8.154958007547982390e+00
5.074610763443105910e+00
1.055090230498362303e+01
1.062427873025474057e+01
7.887464536868721510e+00
9.366059432857351652e+00
9.782668899217680902e+00
4.705082318253611895e+00
8.638650930097728775e+00
8.650272287049631359e+00
4.791896823943504913e+00
1.510243225744249429e+01
1.203984984911598666e+01
5.963333881057259589e+00
7.116103761004373141e+00
9.332416809047899164e+00
9.061943108390014601e+00
1.103703374927640368e+01
6.378135446780467177e+00
1.321380397100475967e+01
8.108811016325757848e+00
7.315529813666782566e+00
6.955367692626210463e+00
7.916271695102619077e+00
5.445719137898141327e+00
9.466463686277750256e+00
8.851959516804228656e+00
4.639948073421043873e+00
9.414560035121072090e+00
9.963349077643629315e+00
7.021824789489610197e+00
8.899087468371787324e+00
4.799585124465532537e+00
8.285511149511849638e+00
5.939129645676847424e+00
1.201671384113146601e+01
6.927369360249195474e+00
6.372811940885220849e+00
8.341117835325485785e+00
6.987001028468584174e+00
5.217237079188238980e+00
5.184476867629774333e+00
1.036610850518268556e+01
5.607043852258902561e+00
5.007267364869377957e+00
7.867007829903361227e+00
5.518954684060064508e+00
1.193295452453786432e+01
5.895920192445315955e+00
4.956781454994167113e+00
9.776113348768763700e+00
4.782115088667861613e+00
1.497994034123477292e+01
6.977748355580502881e+00
4.979576112132697574e+00
1.028949684685614585e+01
1.098527086548054754e+01
1.231263895197749036e+01
6.090754888175662352e+00
6.986087339609351687e+00
7.884386673276970292e+00
8.870955559642917265e+00
1.056246287316796995e+01
6.845818805155111875e+00
4.745631771036321389e+00
1.438694010891190089e+01
9.580467569243086956e+00
6.040855106296650234e+00
4.666514080443979751e+00
8.357276347250582660e+00
5.520502434338829367e+00
6.332186716109959868e+00
6.208348083167287257e+00
1.417062179923064846e+01
4.415700906566122796e+00
6.119693911519930474e+00
9.318215252843886631e+00
8.544628753908762420e+00
1.226249451034263771e+01
3.623061556183281517e+00
9.753364096857708887e+00
1.416198921961477275e+01
5.496062141294074443e+00
4.017118484976622383e+00
2.777996348128034043e+01
8.415499614466655842e+00
1.177812458245717764e+01
5.189322174667251986e+00
5.747697302669814157e+00
6.063578434328581679e+00
6.738463391820988413e+00
5.173069506455028943e+00
5.435434934027366438e+00
1.132007968056513469e+01
7.814979338730068115e+00
4.321729862680512291e+00
1.183797515009013424e+01
9.265393560112084259e+00
1.985173848216466297e+01
1.028992305426133846e+01
8.474051212892923957e+00
6.809413351791694602e+00
9.509947791108675830e+00
6.291030636629101558e+00
1.407145546010113790e+01
7.787891920003233714e+00
1.666446594136536774e+01
8.912867941899445867e+00
6.475923864397895358e+00
5.750056821122035089e+00
7.246181029099898474e+00
5.687414878782163008e+00
8.510569721349714456e+00
8.272384247467289953e+00
8.657834613969283666e+00
8.627977227845867958e+00
8.681021221337607230e+00
5.477788369093620879e+00
4.028128572215535108e+00
5.854414224241960341e+00
7.071561843206838560e+00
9.779500027456696998e+00
6.530036173245936659e+00
2.645146338058514957e+01
3.975173188546581748e+00
2.078161190687761817e+01
1.038195515779323941e+01
1.019890429615897531e+01
5.736427048659447081e+00
8.660513116155883040e+00
5.679772267643734551e+00
6.617265852605393128e+00
4.334149707716027144e+00
1.489619152574695171e+01
2.491329971570602098e+01
6.005871133060274758e+00
6.633933054561182097e+00
7.881603287237203048e+00
1.046500507544766734e+01
4.549245793373321689e+00
2.042949166121457694e+01
8.458976564029347500e+00
2.038972821900928167e+01
1.155825367298423245e+01
8.615909567114410805e+00
6.152078737828706068e+00
1.336990172360172835e+01
7.129520156665980046e+00
6.505462464243782605e+00
1.023143689099936360e+01
5.857900563193996213e+00
6.688976073929038257e+00
6.219149435635427103e+00
2.048041889437853769e+01
1.296635102164131581e+01
1.213394102312966361e+01
5.844279484885698928e+00
9.825006790798692435e+00
2.070041137381333840e+01
1.300735268905952857e+01
1.283036948641141173e+01
5.253415449684157856e+00
8.754601202285082096e+00
9.588495004729532312e+00
5.651846709882086373e+00
6.831487144776289711e+00
5.852067264281959780e+00
8.400977693587734052e+00
4.905084546075413776e+00
6.613260903118955092e+00
1.588405059318111334e+01
5.672417263954991462e+00
6.100154698829879152e+00
1.155670894561760953e+01
1.282446539602621272e+01
7.978989803354694210e+00
1.795192480392165990e+01
7.473516971315479651e+00
7.092682208158053392e+00
1.926011140680040157e+01
7.260447050419558401e+00
6.089372262731503227e+00
1.088891252723884584e+01
4.850572432773971876e+00
8.696691459132075863e+00
8.811906309593538822e+00
4.315327606001170047e+00
4.190023902186513993e+00
1.195138222531867456e+01
7.654080697085545282e+00
5.172686863656507761e+00
5.887951879854836257e+00
7.779878339157121125e+00
6.606324825799396727e+00
3.782042658215908570e+00
1.737740508371093640e+01
7.302084474317473095e+00
8.108966429522848074e+00
1.053298994615441764e+01
1.513992461110215615e+01
6.217940383534815929e+00
8.827679729995342228e+00
2.322195832343597743e+01
4.806065775923067385e+00
1.576813320589929646e+01
1.069171742009186588e+01
3.239409089402788311e+01
1.077337081643401895e+01
2.827477630183281221e+01
1.013820445121788794e+01
8.187339863259014194e+00
1.301628148002065899e+01
8.263554872830663811e+00
8.562942748255538916e+00
1.001348461478678153e+01
1.885003004284155637e+01
1.022087302361608963e+01
5.058467399045382784e+00
1.566725945986922142e+01
1.321065726260779805e+01
7.314263562576478250e+00
2.711470904786940039e+01
1.031035104986181317e+01
1.112558275169462085e+01
8.281305951171660240e+00
9.204371430005179988e+00
1.087798985876035829e+01
6.549698702777750015e+00
9.483864521974147976e+00
1.501002524050234221e+01
8.387064793324279677e+00
6.340755346738311538e+00
9.284487716590307471e+00
8.936743180197929348e+00
1.760926453790440149e+01
8.678644078164964526e+00
1.352156906280860227e+01
1.587080106858762640e+01
1.446275762950395105e+01
1.296299948671905966e+01
6.881979404721611182e+00
3.807422327587640609e+01
2.713784521120544113e+01
2.309869948268589468e+01
5.316238050589489283e+00
1.019988517420564023e+01
1.338024554723783766e+01
5.781611111569576522e+00
7.055428317262866678e+00
1.048459605792939975e+01
8.223063204215671718e+00
6.295118965116762944e+00
6.151857533430069580e+00
6.740238219904287398e+00
5.640682627735320587e+00
5.837909181752582555e+00
7.757836596028249154e+00
2.380377738467933924e+01
1.352017862965244355e+01
9.256834684863871843e+00
5.114445653778805223e+00
1.070835841535238764e+01
4.764557847310270766e+00
1.741260046659208527e+01
1.068132371867523212e+01
5.832990482555993061e+00
6.566170167450823492e+00
4.423592377066912107e+00
1.053729636207560283e+01
1.308961537566355027e+01
4.134114954453840696e+00
1.545531479923460871e+01
5.180739356281072183e+00
1.541396580579515607e+01
1.410676180378745670e+01
9.453329617323694478e+00
2.586827679699989346e+01
2.018503050045142899e+01
7.412293884762478413e+00
8.864912940382936313e+00
1.293613850074002336e+01
1.256068743844601165e+01
1.719588454058544613e+01
6.245875930658368880e+00
3.948581719609107310e+00
4.652488058352841627e+00
9.619067133214542764e+00
7.823660017072070261e+00
6.935300243199696624e+00
7.484410317043402650e+00
2.653381137000428680e+01
2.429150021539061299e+01
5.881781338003992055e+00
9.642697796599113857e+00
1.821453050886429637e+01
1.038811616781608471e+01
7.653379007562718606e+00
6.562541773369114928e+00
1.140630431365014275e+01
1.305883187066062590e+01
5.756475610249895958e+00
6.220662871282773843e+00
4.711956940830407170e+00
9.082829108983400346e+00
7.025909075644110935e+00
7.686801689508327762e+00
1.207889922256332227e+01
2.246357576786397914e+01
1.067890101927730306e+01
2.131551108004699202e+01
8.616100019303202018e+00
1.092633187605134282e+01
1.939830598317953658e+01
8.279914704846923712e+00
4.640485114976980796e+00
5.142508052710438982e+00
6.780727826857264162e+00
1.686930540038061110e+01
1.547547101121268653e+01
1.545052361159200593e+01
9.660389664389326114e+00
9.580661573697106803e+00
7.846131757045409216e+00
8.029723898269947924e+00
8.744049007190339395e+00
6.072407650559645376e+00
9.388523008710265572e+00
2.310261074272721871e+01
7.133346890370523496e+00
6.154048064241024463e+00
6.909467108979900019e+00
2.247657434443658886e+01
7.284223541372782051e+00
8.322740269269015556e+00
8.699950778836019083e+00
1.329554121717026582e+01
6.062319958159948285e+00
6.750224345662969583e+00
1.006612169867925566e+01
1.595565896257600258e+01
8.629223457698712352e+00
8.848552552892007483e+00
7.200722797474952586e+00
3.383094268905886537e+01
1.709141252464490179e+01
2.182315702541593083e+01
7.315996529983340935e+00
9.882591474812796761e+00
1.455311532921133377e+01
1.095493641255836259e+01
1.344470124334502614e+01
5.196260210720831552e+00
6.984338495999780960e+00
4.688712451976037698e+00
5.922718558963869562e+00
7.666343198296879713e+00
1.315750657209489027e+01
6.627885525737878147e+00
2.008548714085222997e+01
3.326744252687712589e+01
1.107113383761863190e+01
1.359487441913057459e+01
1.322956556668332517e+01
1.133617374362608210e+01
1.029926109160064307e+01
3.251133233090267538e+01
1.058572016652861514e+01
1.230333929300442897e+01
4.588783043768450476e+00
1.169815138208394600e+01
2.695675512967521925e+01
8.228178580385852925e+00
7.920279969157504318e+00
2.648709409844805052e+01
1.736962446770841595e+01
5.897839820836891178e+00
6.788399000490850099e+00
1.721599747691933757e+01
7.396736741066340493e+00
1.174781362187997757e+01
1.564648870552267823e+01
2.368970199847208846e+01
1.896064926884350399e+01
2.015648400667294737e+01
6.740549266635434300e+00
1.860306157779332992e+01
1.471318564377799731e+01
3.916629174627187737e+00
1.494516028138109576e+01
5.922902053583492865e+00
2.172896687002037197e+01
1.625848798550974550e+01
4.868386053523311219e+00
4.694580313124158799e+00
2.436114194713454140e+01
1.751530376335994532e+01
9.509526545159282307e+00
7.370715274501395520e+00
1.365452963520414187e+01
5.152427687703244885e+00
6.296087982402730709e+00
1.876158111943117035e+01
6.726153820269365369e+00
6.168526894691631846e+00
2.015152547415834405e+01
8.277634123502700447e+00
8.140987934481817234e+00
9.185807596784485440e+00
6.023417563239171102e+00
5.643665988557796886e+00
1.545724625122641172e+01
1.388746235022690811e+01
7.726440579965069055e+00
1.069839455365381475e+01
6.403854884150754323e+00
7.716483826169209692e+00
2.510690977197286244e+01
6.990903554557487354e+00
2.127357748889687983e+01
2.334741076830618312e+01
3.250017755262813779e+01
9.208375000121348464e+00
1.939299421945593593e+01
1.489796032560626493e+01
6.304722227937801904e+00
1.019224361078197738e+01
4.404769165799407027e+00
5.836732509035095440e+00
1.762644829322839968e+01
9.668368110046190012e+00
6.450538048495144672e+00
5.697079396287763053e+00
2.004702249531578673e+01
4.370610704491396881e+00
8.580683496041331182e+00
7.881095488199982846e+00
1.417904829275379441e+01
4.087369879270996265e+00
7.736348352008890039e+00
7.058693770872411122e+00
9.686471904061418670e+00
4.544946188750683014e+00
8.926355168122791284e+00
5.071538784224965291e+00
6.251649791593384187e+00
3.512423128423991159e+01
1.609064191477294870e+01
4.711114925291328248e+00
1.819162952870755845e+01
5.439286701482770603e+00
8.607301146994974061e+00
9.450310430290109309e+00
6.396729499106998063e+00
6.693687881292277986e+00
5.477974733252064077e+00
8.991972053633158879e+00
4.674889728367312536e+00
6.468685303095392136e+00
2.330823776522885993e+01
8.669746955192016102e+00
2.340815368132535568e+01
1.299556848976408219e+01
1.650337804564892963e+01
1.702287970161742692e+01
7.105503057347420715e+00
1.318619857299658804e+01
8.318695784485363731e+00
4.863349791499435248e+00
7.280486187255863939e+00
8.458903867517557629e+00
7.398486759466554652e+00
8.836698859349640500e+00
1.821206171216739733e+01
1.839453735841311399e+01
2.559446033858932879e+01
2.328195108049818174e+01
7.486942831193369230e+00
6.145139239820184507e+00
3.581870132173689569e+01
7.544595821875919484e+00
3.651373921404133682e+01
7.166971977473764355e+00
2.467504745444253089e+01
1.501780161334316332e+01
1.745006963792305754e+01
2.106734796004721844e+01
9.092520400857861063e+00
1.077608396862273921e+01
2.056051210243342453e+01
9.491004649320936792e+00
1.771787367316974127e+01
8.710238845673149655e+00
4.133638081157974042e+00
2.744943285087727247e+01
2.248882525517937836e+01
1.168846626094879504e+01
4.600999239219923709e+00
1.059485866762357098e+01
3.722902623332524996e+01
9.329671310640323512e+00
1.417485818884774673e+01
2.244075784730992851e+01
2.828037657133524618e+01
7.591341602608063788e+00
1.699838528127763126e+01
1.409749598742317467e+01
1.474709038178999165e+01
9.297193314299196487e+00
2.076963630523730941e+01
4.715344872639025908e+00
7.409209070469420233e+00
4.618317370425812918e+00
4.496744333341244904e+00
1.450046758596685947e+01
5.945783399434334981e+00
9.501617891963590523e+00
5.462248740744938935e+00
6.561708181873304291e+00
2.740554637245478276e+01
2.177317380565250460e+01
1.253084904874503813e+01
4.390491438177763328e+00
4.396405334419879907e+00
2.243796044946899926e+01
1.660836889034178299e+01
1.935688401698423888e+01
5.736957140545651868e+00
1.285223618947311586e+01
8.866572920128561464e+00
1.696135451965442087e+01
1.894267760482339469e+01
1.945360371378500730e+01
6.420147876889351402e+00
1.102337444960384616e+01
4.955958163458615395e+00
1.456134471483678183e+01
1.486426002548582481e+01
7.247632272879061865e+00
2.837067383710519763e+01
4.112503748806041415e+00
6.513455228467167402e+00
9.109406859285721580e+00
7.247331987565057254e+00
6.890146410858069004e+00
1.771759922587839853e+01
1.918930159530703250e+01
8.246718582440276890e+00
1.005616319356719046e+01
6.545298307006388150e+00
1.257888231377482846e+01
5.369350645225953400e+00
7.702521100082833527e+00
4.428190968362386570e+00
1.397534874884234846e+01
7.877048358820800011e+00
5.959449874568634620e+00
1.512652923749296896e+01
2.222062884415402451e+01
7.549716665209393440e+00
8.065369984214692423e+00
2.527904166328372071e+01
5.823316307375313805e+00
6.823740475284374440e+00
5.209346064280777178e+00
1.625846329790662992e+01
9.795318760051445750e+00
1.634745587956134827e+01
1.941501088589885882e+01
7.292182646914019628e+00
4.840122817044194115e+00
1.449904955329430756e+01
1.158912070939853756e+01
2.592558795948686168e+01
1.610576607271600125e+01
1.360704288975844101e+01
1.488270342130533841e+01
1.841337454576067145e+01
1.739231218844802029e+01
1.144541956696013685e+01
2.339848303362908410e+01
1.779216969888502931e+01
7.403104946466568137e+00
6.501834271921026698e+00
2.134397436291572703e+01
3.531678596063287934e+00
8.912418921321130227e+00
1.940868867290479116e+01
2.051747776843056315e+01
9.321414860757885279e+00
4.062724213461917699e+00
1.445400092831969019e+01
7.968788847574149514e+00
1.611421847983856992e+01
1.587664748354508859e+01
7.194399302083620107e+00
5.341336705327720757e+00
1.045306840606877863e+01
7.457608337461119952e+00
2.352962154946782292e+01
9.062193260521814508e+00
9.643780044327256107e+00
1.801329139356216302e+01
1.128950469686097335e+01
8.273928994561009276e+00
5.294251058380011088e+00
1.430191716563621007e+01
9.544589618409439424e+00
1.276368191530995588e+01
2.506665955521060596e+01
7.187884142644029417e+00
7.377749911954130546e+00
6.308054905339775331e+01
1.231476056980408451e+01
5.848784495183728893e+00
1.208050063544790298e+01
1.171220094895348218e+01
1.774107347178125238e+01
9.074477907243945651e+00
1.882566940603626549e+01
1.117019626037857982e+01
7.724602904020020588e+00
2.784782351913075971e+01
8.302495731088326281e+00
8.391337356279152004e+00
1.458455384737805716e+01
8.296408387285522323e+00
1.010744436401752111e+01
1.619274843276558684e+01
1.643043729955703469e+01
1.332096844366738431e+01
2.311815002620614123e+01
5.302918437823053388e+00
2.050508221174795409e+01
1.232953903621610259e+01
1.678561815540438218e+01
4.149747322524530091e+01
1.232681435676065007e+01
9.585600493520525234e+00
5.400564412182962570e+00
4.243446796052673875e+01
1.057540254388029766e+01
1.206541421583081686e+01
1.037114853905967138e+01
2.201773970385671575e+01
1.994426754063342244e+01
4.395649642165835758e+00
3.264787712366131700e+01
7.704867224834459627e+00
8.303481965964488509e+00
2.839401539720756418e+01
9.984511766851790426e+00
2.273193497497415549e+01
3.958322273944742875e+01
3.869451305422107623e+01
1.085663351526689979e+01
2.931154020743964494e+01
5.572535445978149760e+00
5.916060657246817733e+00
7.706772680035571810e+00
2.055141387391413232e+01
1.415637546957096937e+01
4.377205853582582762e+01
2.337541803155179920e+01
1.088917716246896994e+01
2.077236666120758102e+01
1.855349335511079190e+01
1.767519021225968601e+01
3.255294963486717563e+01
1.080400206615411030e+01
6.660064079427034045e+00
5.238778876326204426e+00
9.913968596236912845e+00
1.263601410735259556e+01
5.851151397946729560e+00
7.096752961542312832e+00
6.014678190920832002e+00
8.575355684129794653e+00
6.315334203992589934e+00
1.574162804994239728e+01
5.900790990057082297e+00
1.193226613608107911e+01
1.649805717680337125e+01
1.003347138178813225e+01
8.744482858053173047e+00
8.062160443195480752e+00
5.046942849993129698e+00
7.685898994772857762e+00
1.204207199635298409e+01
6.421026451273313285e+00
9.183314269582050215e+00
6.763792942629515359e+00
1.867986447754253376e+01
8.945657706456271896e+00
6.934316681807239036e+00
1.746548673860437972e+01
5.050455181651432923e+00
6.536397080861309661e+00
1.472842858496223606e+01
2.508299878227775892e+01
1.336697022737538099e+01
9.157426698099421003e+00
5.413468104992151808e+00
1.695326981682184808e+01
1.664264154476963498e+01
3.884431537584063676e+01
5.463873841251746910e+00
1.174622072387004934e+01
7.422790295059665588e+00
7.697195419873032129e+00
1.094625682728918115e+01
1.309209808089310201e+01
5.800625557612709926e+00
7.758189226304498476e+00
9.810098910732531152e+00
7.426346341279525198e+00
1.045567590089333443e+01
1.456564659972504394e+01
3.465267147871527342e+00
6.254916235016074744e+00
4.325771917802609501e+00
9.409092750908063962e+00
8.024937537777784513e+00
2.049066337896427115e+01
8.027861199929740010e+00
1.629514952556728602e+01
4.354615505579929824e+00
1.232469688639484495e+01
4.688987898577472002e+00
1.134579583284129534e+01
5.262897882807727079e+00
6.453099740686797148e+00
1.210787799511092189e+01
5.020500362693898211e+00
1.205380064869431322e+01
3.880723225383434283e+00
1.028768044098330137e+01
9.386665288648442740e+00
8.167677927250567294e+00
1.817269775670043686e+01
4.150903162888378795e+00
6.346132152191080067e+00
9.510759840167992252e+00
9.825297409448765507e+00
1.505877656508972962e+01
9.405089158101295865e+00
3.910917295031228758e+00
1.587297704419391309e+01
1.117630695700482946e+01
1.510831577134414871e+01
1.223928134145210933e+01
1.469079789785838486e+01
1.627866531295914854e+01
4.003655823986864704e+00
5.281926240848577869e+00
