2.087328870296478178e-01
3.092152786254882824e-02
3.017528414726257380e-02
2.989748358726501340e-02
3.007038831710815568e-02
3.005317330360412695e-02
3.008421683311462286e-02
3.009714961051940946e-02
3.008391475677490295e-02
3.019420123100280753e-02
2.999490284919738639e-02
3.012753772735595609e-02
2.972637224197387587e-02
2.984639549255371088e-02
2.996698236465454232e-02
3.002816224098205436e-02
2.985294818878173745e-02
3.011350703239440776e-02
2.985798454284668141e-02
2.998719501495361248e-02
3.021990561485290647e-02
3.027235293388366721e-02
3.042840003967285309e-02
3.032026338577270552e-02
3.022939395904540930e-02
3.020756149291992099e-02
3.034319996833801172e-02
3.056394958496093731e-02
3.024670624732971047e-02
3.065723752975463984e-02
3.040773081779480150e-02
3.058576107025146387e-02
3.034631252288818443e-02
3.017107272148132277e-02
3.033757567405700670e-02
3.037040042877197157e-02
3.049786305427551122e-02
3.026927757263183499e-02
3.029664993286132826e-02
3.056706762313842612e-02
3.045582580566406211e-02
3.043268203735351521e-02
3.018530941009521518e-02
3.078650736808776975e-02
3.052318429946899309e-02
3.063865566253662007e-02
3.050487399101257241e-02
3.061222076416015778e-02
3.028435468673705902e-02
3.029954361915588451e-02
3.012592029571533117e-02
3.026192736625671342e-02
3.024710679054260290e-02
3.028693175315856981e-02
3.076160168647766244e-02
3.095066189765930190e-02
3.074507451057434046e-02
3.106644177436828497e-02
3.104833078384399564e-02
3.067898058891296506e-02
3.058151721954345537e-02
3.087741804122924941e-02
3.091614389419555797e-02
3.048693799972534285e-02
3.124828004837035961e-02
3.099484133720397869e-02
3.103488945960998502e-02
3.112596774101257166e-02
3.103366327285766654e-02
3.116736602783203025e-02
3.118196964263916099e-02
3.100639796257019173e-02
3.055666589736938388e-02
3.125322628021240390e-02
3.092374658584594663e-02
3.051271939277648906e-02
3.070810317993163951e-02
3.083409571647643954e-02
3.108895349502563410e-02
3.056746101379394578e-02
3.087284398078918302e-02
3.155023360252380560e-02
3.144594383239746049e-02
3.123450875282287459e-02
3.127591943740844899e-02
3.127185297012329002e-02
3.127971935272216841e-02
3.056201124191284049e-02
3.148843097686767484e-02
3.100680804252624670e-02
3.029986262321472321e-02
3.161956000328063759e-02
3.167785692214965948e-02
3.130975008010863925e-02
3.135377264022826821e-02
3.162919497489929260e-02
3.132543063163756997e-02
3.112860774993896421e-02
3.137044262886047596e-02
3.153123235702514487e-02
3.128483366966247625e-02
3.054654145240783686e-02
3.113921856880188035e-02
3.168572711944579734e-02
3.157745027542114419e-02
3.160274648666382136e-02
3.149391841888427718e-02
3.107284235954284671e-02
3.094043827056884924e-02
3.164953517913818293e-02
3.142677402496337619e-02
3.178608512878417641e-02
3.120856976509094396e-02
3.122327113151550371e-02
3.093300175666809093e-02
3.136074256896972945e-02
3.169699168205260958e-02
3.195123934745788818e-02
3.159323263168335033e-02
3.129024958610534396e-02
3.142703676223754933e-02
3.150537753105163430e-02
3.172964358329773138e-02
3.194835329055786127e-02
3.151991915702819641e-02
3.112865829467773363e-02
3.032628870010375954e-02
3.147348237037658758e-02
3.185561871528625605e-02
3.173799419403076222e-02
3.172789478302001642e-02
3.185042595863342429e-02
3.164957928657531616e-02
3.201316261291503595e-02
3.170345759391784979e-02
3.164178872108459190e-02
3.177063012123108182e-02
3.149211835861206316e-02
3.142096567153930542e-02
3.189479255676269664e-02
3.174892139434814381e-02
3.190803909301757890e-02
3.185056686401366993e-02
3.175953030586242676e-02
3.166780471801757674e-02
3.143283319473266779e-02
3.126733708381652932e-02
3.152962398529052940e-02
3.208765816688537859e-02
3.180840826034545682e-02
3.184311652183532959e-02
3.180654430389404097e-02
3.186635088920593273e-02
3.180258512496948048e-02
3.078969216346740673e-02
3.187512302398681774e-02
3.168154883384704384e-02
3.187371945381164279e-02
3.156323981285095309e-02
3.160081005096435774e-02
3.160733532905578291e-02
3.173653626441955838e-02
3.164675521850585788e-02
3.192837262153625649e-02
3.152516150474548445e-02
3.153713703155517495e-02
3.132671451568603410e-02
3.207609081268310292e-02
3.192252326011657537e-02
3.162413263320922735e-02
3.169974255561828352e-02
3.176613140106201300e-02
3.186333608627319597e-02
3.180923771858215621e-02
3.191402125358581282e-02
3.169766902923584068e-02
3.209651184082031039e-02
3.189290118217467940e-02
3.167217016220092579e-02
3.198883867263793701e-02
3.102233028411865295e-02
3.232853102684021124e-02
3.194438576698303139e-02
3.170094132423401101e-02
3.184184050559997481e-02
3.202067637443542503e-02
3.221143722534179632e-02
3.155608630180358615e-02
3.187127232551574540e-02
3.219941139221191295e-02
3.218497300148009943e-02
3.196753883361816428e-02
3.208085727691650096e-02
3.203695273399353310e-02
3.195216298103332325e-02
3.183660602569580306e-02
3.204330301284789850e-02
3.102575206756591833e-02
3.185184192657470464e-02
3.187524914741515780e-02
3.187007904052734097e-02
3.203162765502929471e-02
3.227749013900756830e-02
3.086002683639526428e-02
3.187170076370239580e-02
3.217049360275268249e-02
3.212210273742675815e-02
3.216586303710937400e-02
3.139419865608215204e-02
3.228072404861450501e-02
3.208657336235046231e-02
3.212163090705871804e-02
3.191649031639098855e-02
3.210398530960083263e-02
3.230173373222351013e-02
3.225462532043456981e-02
3.194569134712219038e-02
3.199572753906249761e-02
3.236648511886596608e-02
3.216599321365356395e-02
3.243114900588989213e-02
3.240534925460815396e-02
3.235069990158081360e-02
3.240140962600707858e-02
3.201817750930786161e-02
3.215347170829772894e-02
3.232142400741577076e-02
3.244741821289062744e-02
3.235287261009216209e-02
3.252076363563537881e-02
3.207149195671081532e-02
3.230247783660888938e-02
3.221772527694702348e-02
3.250955438613891552e-02
3.150069284439086653e-02
3.237009358406067044e-02
3.263985133171081604e-02
3.243820548057556319e-02
3.238766121864318503e-02
3.229319047927856762e-02
3.230767822265624700e-02
3.252533864974975486e-02
3.232717895507812578e-02
3.233480811119079923e-02
3.251027154922485340e-02
3.220861530303954778e-02
3.261223387718200500e-02
3.271038937568664789e-02
3.230943989753723433e-02
3.261733889579773032e-02
3.226157784461974876e-02
3.206509256362915367e-02
3.215760612487793269e-02
3.183619046211242504e-02
3.263757133483886907e-02
3.232820224761962652e-02
3.242163467407226801e-02
3.178775572776794400e-02
3.198738551139831271e-02
3.206523299217223927e-02
3.235008311271667797e-02
3.238551926612853737e-02
3.249826955795288158e-02
3.231554818153381525e-02
3.254240798950195496e-02
3.231573939323425376e-02
3.142743396759033192e-02
3.232510614395141257e-02
3.201285529136657648e-02
3.253942251205444586e-02
3.237974095344543779e-02
3.256523466110229637e-02
3.260994219779968228e-02
3.251686620712280346e-02
3.261784720420837086e-02
3.275288772583007796e-02
3.272409987449646090e-02
3.175265622138977173e-02
3.084978437423705963e-02
3.262105083465575983e-02
3.268038582801818803e-02
3.265573763847350736e-02
3.280659103393554488e-02
3.254775333404540810e-02
3.248770117759704895e-02
3.313489580154418968e-02
3.249027204513550010e-02
3.244374561309814470e-02
3.237914395332336381e-02
3.271133208274841497e-02
3.285642385482787781e-02
3.243959760665893893e-02
3.299689555168151822e-02
3.254067993164062172e-02
3.248895001411437888e-02
3.284266805648803494e-02
3.247213149070739963e-02
3.271105265617370306e-02
3.268801164627075512e-02
3.257940649986267034e-02
3.296926021575927873e-02
3.302563095092773265e-02
3.218328976631164295e-02
3.131178998947143494e-02
3.259331989288329762e-02
3.260944914817810042e-02
3.286990976333618170e-02
3.269719171524047840e-02
3.266737365722656439e-02
3.274039959907532049e-02
3.271599745750427418e-02
3.280427122116089111e-02
3.291719770431518477e-02
3.268599557876587097e-02
3.285473537445068176e-02
3.279404735565185497e-02
3.231859159469604309e-02
3.265162634849548551e-02
3.218546533584594471e-02
3.291932821273804016e-02
3.252425909042358509e-02
3.245532250404357943e-02
3.251510119438171670e-02
3.272289156913757435e-02
3.268163371086120483e-02
3.248718118667602572e-02
3.235965013504028126e-02
3.304817008972167625e-02
3.276995491981506137e-02
3.233104586601256991e-02
3.278383421897888145e-02
3.293986272811889882e-02
3.316730332374572682e-02
3.283393883705139349e-02
3.279688000679015919e-02
3.263796424865722523e-02
3.277582883834839061e-02
3.280889868736266979e-02
3.266147541999817050e-02
3.265347313880920255e-02
3.221499776840210105e-02
3.306896018981933527e-02
3.271122050285339700e-02
3.245332765579223705e-02
3.261504888534545732e-02
3.296770358085632235e-02
3.241222000122070263e-02
3.207703542709350319e-02
3.269815182685852084e-02
3.262749552726745828e-02
3.306714534759521568e-02
3.231897640228271334e-02
3.288904547691345187e-02
3.252676272392272805e-02
3.292056179046631142e-02
3.265206980705261108e-02
3.274672460556030118e-02
3.315305900573730508e-02
3.264887285232544178e-02
3.286605954170226940e-02
3.265032792091369929e-02
3.313458251953124711e-02
3.274626684188843007e-02
3.280520892143249517e-02
3.291276788711548079e-02
3.317794108390808433e-02
3.277842378616332986e-02
3.295184636116027521e-02
3.306577730178832802e-02
3.169349241256713690e-02
3.263482570648193470e-02
3.309005331993102733e-02
3.313342523574829002e-02
3.303895068168639926e-02
3.323967885971069319e-02
3.294910979270935375e-02
3.293353581428527799e-02
3.276447653770446500e-02
3.242139458656310980e-02
3.278695106506347712e-02
3.307411313056946023e-02
3.293651556968688748e-02
3.266097998619079540e-02
3.318682742118835710e-02
3.290355062484741355e-02
3.246704959869384927e-02
3.273983144760132108e-02
3.292239522933960300e-02
3.289581537246703824e-02
3.308921813964843528e-02
3.295419979095459001e-02
3.276333117485046714e-02
3.281499099731445546e-02
3.308751773834228693e-02
3.282868814468383606e-02
3.302069425582885437e-02
3.230410861968994324e-02
3.268216753005981356e-02
3.311833667755127025e-02
3.317979192733764432e-02
3.311411166191101374e-02
3.302333045005798051e-02
3.299085283279418884e-02
3.346100091934203768e-02
3.294156861305237022e-02
3.302494716644287231e-02
3.326295900344848622e-02
3.300662255287170610e-02
3.373483133316040189e-02
3.277177858352661038e-02
3.326684904098510531e-02
3.318431735038757102e-02
3.303648281097412015e-02
3.327192568778991610e-02
3.324482774734496826e-02
3.343431997299194103e-02
3.327860045433044672e-02
3.318333029747009416e-02
3.320781302452087413e-02
3.314465641975403165e-02
3.306181263923645142e-02
3.317067265510559304e-02
3.303292536735534524e-02
3.332514333724975741e-02
3.258114790916442904e-02
3.306728744506835793e-02
3.289023733139038314e-02
3.357668256759643866e-02
3.314373850822448925e-02
3.323371338844299111e-02
3.322041964530944580e-02
3.318565154075622803e-02
3.332830071449279646e-02
3.265849304199218428e-02
3.307288455963134505e-02
3.342927050590514815e-02
3.313027477264404025e-02
3.331614923477172613e-02
3.317521095275879212e-02
3.330281233787536765e-02
3.230964875221252475e-02
3.316151309013366799e-02
3.255992460250854703e-02
3.328152108192444086e-02
3.331595230102538802e-02
3.336776399612426808e-02
3.261251497268676663e-02
3.153833627700805553e-02
3.275679206848144259e-02
3.311800646781921237e-02
3.327547478675842163e-02
3.301483178138733127e-02
3.316115164756774925e-02
3.346583986282348350e-02
3.278876399993896351e-02
3.343402528762817044e-02
3.339049744606018000e-02
3.369731426239013644e-02
3.329072380065917908e-02
3.362805461883545260e-02
3.361816167831421093e-02
3.316902351379394376e-02
3.365638923645019459e-02
3.322982811927795155e-02
3.332847166061401328e-02
3.297096562385559010e-02
3.295823645591736129e-02
3.306689763069153160e-02
3.336733222007751132e-02
3.350045061111450034e-02
3.363304996490478621e-02
3.322873640060424599e-02
3.331540226936340054e-02
3.316633844375610485e-02
3.296929669380187916e-02
3.367782115936279047e-02
3.372567272186278997e-02
3.330545711517333973e-02
3.317073845863342113e-02
3.314949560165405401e-02
3.330153417587280312e-02
3.356673479080200112e-02
3.376497054100036782e-02
3.346196341514587336e-02
3.338892388343810830e-02
3.341529226303100591e-02
3.336712861061096047e-02
3.294734573364258012e-02
3.344278120994567671e-02
3.336422324180603194e-02
3.353171372413635276e-02
3.372260713577270724e-02
3.387123775482177995e-02
3.345703554153442449e-02
3.334568190574645902e-02
3.350897121429443487e-02
3.350223207473754933e-02
3.351695179939270103e-02
3.346341013908386147e-02
3.376962018013000832e-02
3.383487415313720520e-02
3.360684323310852289e-02
3.356395268440246632e-02
3.359864878654479636e-02
3.361354637145996110e-02
3.300569939613342413e-02
3.354915857315063366e-02
3.361949253082275463e-02
3.254374098777770841e-02
3.365306210517883534e-02
3.329783844947815236e-02
3.360159325599670205e-02
3.358568310737609919e-02
3.352815246582031145e-02
3.338252568244934326e-02
3.255444645881652721e-02
3.343505001068115129e-02
3.358961057662963878e-02
3.339863920211792042e-02
3.368585205078124950e-02
3.339708423614502070e-02
3.341038322448730558e-02
3.343487620353698814e-02
3.344023704528808344e-02
3.361772513389587463e-02
3.371415352821350436e-02
3.337011528015136619e-02
3.361322855949401556e-02
3.372504305839538891e-02
3.369289875030517800e-02
3.369311547279357777e-02
3.383307409286499118e-02
3.348675966262817244e-02
3.367789387702942172e-02
3.365294766426086409e-02
3.360054540634155318e-02
3.355827355384826544e-02
3.374341440200805814e-02
3.364477682113647256e-02
3.350601315498352023e-02
3.351425576210022295e-02
3.317160272598266429e-02
3.304683113098144664e-02
3.352207398414611822e-02
3.335085105895996271e-02
3.371637105941772267e-02
3.344387936592101845e-02
3.382984280586242426e-02
3.392847728729248002e-02
3.381337261199951483e-02
3.404271578788757580e-02
3.376203894615173451e-02
3.361096334457397417e-02
3.409954690933227756e-02
3.359814643859863198e-02
3.414130568504333829e-02
3.424461412429809226e-02
3.403861474990844960e-02
3.335843849182128923e-02
3.362368679046631031e-02
3.396710276603698980e-02
3.393552803993225148e-02
3.352315330505371144e-02
3.363854742050170765e-02
3.365634059906005837e-02
3.369974613189697515e-02
3.376340675354003867e-02
3.370069718360901162e-02
3.364975237846374451e-02
3.400661516189575073e-02
3.376443576812743902e-02
3.419644713401794739e-02
3.379185104370117237e-02
3.360107135772705256e-02
3.396982645988464583e-02
3.390204215049743425e-02
3.376152896881103732e-02
3.338964343070983942e-02
3.193854570388793973e-02
3.294329333305359014e-02
3.308916187286376626e-02
3.368054986000060952e-02
3.406753230094909657e-02
3.398091697692871144e-02
3.362874436378478910e-02
3.360643720626831088e-02
3.381494879722594937e-02
3.359673452377319458e-02
3.390150976181030562e-02
3.404766631126403958e-02
3.368680357933044600e-02
3.427476835250854725e-02
3.412095379829406527e-02
3.370368909835815691e-02
3.360436534881591775e-02
3.403623318672180376e-02
3.414467191696166776e-02
3.375801968574523859e-02
3.386807012557983138e-02
3.416095113754272217e-02
3.407002758979797707e-02
3.387643480300903120e-02
3.381423878669738425e-02
3.401960611343383956e-02
3.394254827499389865e-02
3.280706596374511480e-02
3.297073459625244479e-02
3.417940449714660517e-02
3.244825434684753263e-02
3.230834078788757252e-02
3.391263198852539212e-02
3.423112416267395236e-02
3.389485645294189331e-02
3.345342540740967041e-02
3.399712586402892783e-02
3.349937558174133356e-02
3.381515002250671392e-02
3.377175664901733293e-02
3.388455939292907976e-02
3.404330110549926708e-02
3.387835812568664590e-02
3.371611642837524236e-02
3.391723608970641929e-02
3.399292540550231945e-02
3.400205731391906655e-02
3.386371469497680836e-02
3.402041292190551708e-02
3.397963905334472345e-02
3.370608234405517850e-02
3.396783542633056985e-02
3.402941823005676408e-02
3.385197114944458324e-02
3.396277904510498075e-02
3.416182565689086792e-02
3.423714017868041692e-02
3.427447032928467030e-02
3.402091169357299855e-02
3.404177236557006520e-02
3.417016744613647627e-02
3.419259929656982139e-02
3.402179908752441667e-02
3.418939423561095925e-02
3.420851278305053755e-02
3.409031629562377791e-02
3.394874930381774902e-02
3.412441039085388483e-02
3.384758901596069541e-02
3.388461232185363547e-02
3.409862875938415860e-02
3.422093772888183671e-02
3.413732767105102234e-02
3.424059581756591641e-02
3.443785953521728838e-02
3.242915081977844338e-02
3.258752918243407876e-02
3.310463714599609641e-02
3.417887115478515647e-02
3.402438044548034696e-02
3.376100206375121787e-02
3.340798139572143804e-02
3.407065653800964156e-02
3.345772743225097767e-02
3.321062827110290300e-02
3.412679886817931996e-02
3.416385722160339422e-02
3.402588248252868403e-02
3.405017614364624218e-02
3.454058170318603793e-02
3.380721116065978776e-02
3.416980051994323447e-02
3.442261552810668701e-02
3.425967335700988436e-02
3.398417687416076943e-02
3.429733610153198192e-02
3.429955148696899742e-02
3.431122636795044117e-02
3.264098262786865184e-02
3.334252905845642295e-02
3.345961475372314503e-02
3.173716044425964333e-02
3.333018541336059404e-02
3.361304688453674305e-02
3.255633711814880094e-02
3.386329889297485379e-02
3.368955016136169350e-02
3.356249833106994540e-02
3.363356733322143272e-02
3.319983458518981773e-02
3.358395361900329279e-02
3.374960780143737571e-02
3.390072011947631997e-02
3.376328396797180498e-02
3.345627284049988021e-02
3.373830628395080300e-02
3.385455012321472029e-02
3.373208570480346752e-02
3.403396844863891546e-02
3.367544412612914762e-02
3.355431675910949818e-02
3.388920044898986739e-02
3.327315640449524103e-02
3.374773335456848072e-02
3.371903610229492337e-02
3.378250527381897184e-02
3.357999157905578597e-02
3.367106604576110968e-02
3.383745312690734919e-02
3.374515938758849976e-02
3.350180172920227267e-02
3.354146337509155557e-02
3.321650815010070840e-02
3.403740620613097956e-02
3.348547005653381564e-02
3.413863730430603122e-02
3.417836308479309249e-02
3.373090553283691201e-02
3.377407455444336043e-02
3.416282820701599388e-02
3.248621082305908070e-02
3.312379384040832486e-02
3.361372971534729026e-02
3.367853140830993908e-02
3.377195882797241061e-02
3.392899274826050027e-02
3.415442061424255049e-02
3.368078088760376176e-02
3.379608988761902133e-02
3.404747295379638439e-02
3.252565908432007019e-02
3.394905281066894209e-02
3.382421016693114985e-02
3.376727771759033270e-02
3.379302620887756486e-02
3.400783252716064325e-02
3.372459053993225042e-02
3.344451975822448908e-02
3.352822518348693576e-02
3.345152187347412431e-02
3.331702208518982217e-02
3.375357818603515886e-02
3.381694197654724204e-02
3.403375554084777516e-02
3.370458054542541798e-02
3.365018558502197443e-02
3.349843358993530307e-02
3.381276702880859492e-02
3.383612179756164545e-02
3.353757381439208957e-02
3.333783459663391263e-02
3.364106845855712596e-02
3.421213507652282743e-02
3.344445824623108049e-02
3.375226616859436368e-02
3.394600319862365462e-02
3.429483532905578530e-02
3.388740444183349632e-02
3.385279750823974587e-02
3.417537236213684382e-02
3.398714399337768310e-02
3.388151764869690163e-02
3.420804691314697360e-02
3.390110588073730336e-02
3.370762848854064880e-02
3.372760820388794045e-02
3.364188838005065935e-02
3.367645311355590976e-02
3.412243270874023432e-02
3.384501981735229398e-02
3.401370120048523293e-02
3.444106221199035728e-02
3.433309602737426997e-02
3.391459560394287365e-02
3.353701615333556929e-02
3.380152916908264055e-02
3.362618017196655068e-02
3.399543428421020197e-02
3.370535588264465116e-02
3.375424480438232733e-02
3.426455450057983715e-02
3.431570792198181119e-02
3.464017176628112621e-02
3.447225785255431801e-02
3.461678051948547524e-02
3.425630831718445152e-02
3.370113825798034396e-02
3.388514447212219449e-02
3.386408829689025596e-02
3.405414652824401839e-02
3.385544753074645752e-02
3.373961806297302163e-02
3.408047080039978277e-02
3.395174741744995395e-02
3.390011167526245373e-02
3.451668024063110629e-02
3.539515662193298134e-02
3.559085106849670110e-02
3.427347397804260398e-02
3.464956378936767667e-02
3.421509432792663868e-02
3.431495833396911582e-02
3.429880237579345514e-02
3.448865151405334367e-02
3.442063903808594005e-02
3.428269815444946050e-02
3.470689630508422968e-02
3.428248596191406372e-02
3.461699748039245850e-02
3.455668163299560613e-02
3.446636915206909013e-02
3.455333828926086120e-02
3.440414237976074235e-02
3.506257820129394381e-02
3.445602798461914335e-02
3.454480743408203103e-02
3.459180092811584700e-02
3.451737093925476285e-02
3.476818203926086703e-02
3.457009720802307201e-02
3.459935975074768244e-02
3.413185119628905917e-02
3.467132186889648748e-02
3.440143561363220165e-02
3.436322426795959672e-02
3.409747004508972140e-02
3.413154339790343966e-02
3.441716194152832226e-02
3.466780114173888955e-02
3.425573396682739247e-02
3.442062687873840426e-02
3.480004739761352606e-02
3.455794644355773826e-02
3.486246299743652605e-02
3.256476140022277616e-02
3.281787633895873885e-02
3.463322138786315701e-02
3.458941340446472501e-02
3.471934318542480719e-02
3.410282611846923717e-02
3.482315111160278615e-02
3.458914113044738586e-02
3.467534685134887606e-02
3.465684819221496321e-02
3.445776414871215554e-02
3.437766265869140331e-02
3.469243025779723821e-02
3.444227671623229653e-02
3.461763024330138938e-02
3.505816435813903509e-02
3.436361432075500655e-02
3.463851046562194808e-02
3.441724967956542869e-02
3.493454599380493159e-02
3.474717402458191162e-02
3.431574440002441162e-02
3.465607428550720320e-02
3.461398243904113825e-02
3.409296512603759988e-02
3.496762990951537975e-02
3.456723451614379661e-02
3.482326817512512024e-02
3.462373137474059753e-02
3.477237200736999628e-02
3.463806009292602628e-02
3.487734246253967191e-02
3.456123542785644737e-02
3.485330724716186740e-02
3.469377732276916759e-02
3.461497569084167475e-02
3.445612621307372891e-02
3.454002714157104748e-02
3.387826418876647983e-02
3.454645109176635726e-02
3.321252608299255643e-02
3.414751148223876820e-02
3.438761830329895020e-02
3.455360937118530373e-02
3.455152463912963823e-02
3.519889140129089239e-02
3.491272568702697560e-02
3.457348179817199690e-02
3.437449526786804516e-02
3.447705221176147750e-02
3.444559526443481678e-02
3.452642631530761924e-02
3.443508481979370289e-02
3.473249673843383650e-02
3.491028785705566073e-02
3.458816742897033447e-02
3.395329403877258428e-02
3.296951889991760198e-02
3.473034787178039262e-02
3.446132969856262329e-02
3.422485637664794689e-02
3.426329660415649431e-02
3.464987611770629916e-02
3.440965294837951965e-02
3.446867251396178861e-02
3.513780403137207325e-02
3.423164939880370822e-02
3.475841808319091869e-02
3.458092594146728455e-02
3.486796259880065724e-02
3.456155872344970903e-02
3.480745601654052640e-02
3.486576771736144692e-02
3.479516530036926014e-02
3.533687543869018510e-02
3.425421261787414684e-02
3.462045717239380094e-02
3.498150920867919983e-02
3.497603678703307961e-02
3.520985937118530085e-02
3.496213173866272172e-02
3.531926202774048063e-02
3.502981019020080800e-02
3.520004582405090315e-02
3.512752628326416132e-02
3.489543819427490257e-02
3.486053419113159524e-02
3.483573317527770968e-02
3.482443737983703658e-02
3.483242893218994191e-02
3.543208098411559925e-02
3.538176488876342701e-02
3.518094182014465388e-02
3.496055150032043729e-02
3.539954257011413558e-02
3.559691095352172929e-02
3.518124866485596025e-02
3.514983296394347950e-02
3.477367925643921193e-02
3.415775609016418607e-02
3.538569331169128668e-02
3.523360729217529103e-02
3.494329690933227484e-02
3.504230284690856845e-02
3.530243945121765148e-02
3.500409841537475281e-02
3.498647570610046581e-02
3.534210491180420077e-02
3.524247860908508168e-02
3.523208880424499173e-02
3.476646542549133301e-02
3.521784210205078369e-02
3.520244050025939792e-02
3.509790849685669178e-02
3.496462988853454856e-02
3.511431646347045604e-02
3.509710693359374689e-02
3.511458301544189559e-02
3.505721902847289823e-02
3.507268881797790533e-02
3.522381353378296193e-02
3.386293053627013883e-02
3.413379359245300587e-02
3.516382312774658098e-02
3.483515715599060092e-02
3.521532845497131470e-02
3.541648507118225209e-02
3.521026062965393333e-02
3.532801771163940341e-02
3.533602046966552446e-02
3.504967713356017811e-02
3.380921864509582597e-02
3.442783427238464700e-02
3.536954379081726219e-02
3.544051837921142339e-02
3.558726477622985856e-02
3.544190144538879317e-02
3.497920608520507790e-02
3.497188234329223766e-02
3.522537875175475730e-02
3.563220214843750011e-02
3.523391413688659740e-02
3.586021733283996371e-02
3.566025567054748741e-02
3.556141638755798418e-02
3.529326629638671747e-02
3.532120800018310330e-02
3.543034934997558311e-02
3.549470353126525646e-02
3.522390007972717174e-02
3.585497093200683272e-02
3.478702116012573342e-02
3.534478878974914307e-02
3.542955374717712130e-02
3.500438404083251742e-02
3.559128141403198470e-02
3.497171235084533397e-02
3.468194055557251299e-02
3.448033523559570351e-02
3.532827949523925648e-02
3.528342080116272234e-02
3.554265570640564170e-02
3.548674464225769210e-02
3.555315995216369596e-02
3.569115257263183461e-02
3.544753694534302085e-02
3.551637625694274714e-02
