1.567829271228766288e+02
1.420511725719738365e+02
1.415090885079856378e+02
1.533159191518454918e+02
1.513870079477618162e+02
1.401759865103990421e+02
1.259742265348699704e+02
1.180777726086030981e+02
1.195217733931687576e+02
1.276109617010240953e+02
1.243344125680406194e+02
1.222447534632065640e+02
1.124669223711960200e+02
9.680199324442106956e+01
8.965428416882448914e+01
1.314021895255371248e+02
7.260261104191035031e+01
9.919372863825526565e+01
8.711801541350844502e+01
4.676462339586800709e+01
8.866033308564136917e+01
7.924756372270802274e+01
6.776834095035778205e+01
3.680671177754604884e+01
6.407771425588883574e+01
2.595575926425178181e+01
6.912560224424913713e+01
3.239572539541045160e+01
6.574216102710062160e+01
8.706963669041464016e+01
3.345755748456959822e+01
7.212081031402814801e+01
3.608014042433514135e+01
3.076128390441205340e+01
2.192016199115559161e+01
2.860330635919806141e+01
1.748063767706831584e+01
2.521666057927497917e+01
3.948084675294937540e+01
1.406777146627051067e+01
1.980846545216383348e+01
2.000401561236556347e+01
2.900493847538856329e+01
3.367558591648318611e+01
2.138256005645476421e+01
1.268547670624134405e+01
1.758247265122539815e+01
7.941103212642593334e+00
1.667218754742032516e+01
1.523543769819337967e+01
1.009397939599191041e+01
1.490760783079940310e+01
1.809879442999072552e+01
1.507503609659920052e+01
2.491186031633958464e+01
9.846523120371143634e+00
2.225013732500903174e+01
9.576425879764249416e+00
1.390801828441312260e+01
2.230699684410200589e+01
1.373795339359255863e+01
1.577803049645084599e+01
1.825941874532307807e+01
1.356878118164178559e+01
1.238269881853457299e+01
1.975595253926153205e+01
1.856490094763156407e+01
1.564101481650921777e+01
1.139487763112109242e+01
1.164606802038688294e+01
1.225726344561138248e+01
1.618593635210570625e+01
1.496340796114029814e+01
1.770074898812528730e+01
1.696728946747284894e+01
1.625102716361247346e+01
8.931872854308764431e+00
8.775470678464799335e+00
1.142141257739560878e+01
1.629026212774767401e+01
1.309140827441684252e+01
1.547779587417181091e+01
1.880873442254354444e+01
1.579222872326874949e+01
1.360316339884522563e+01
2.354062543901107318e+01
2.032983935206608095e+01
1.251046836014924324e+01
2.290223526426986211e+01
6.848975294584095153e+00
1.214823531098111609e+01
1.862402696883092545e+01
9.272824942469110709e+00
1.031143676172156454e+01
1.718477640317002653e+01
1.203332930665980349e+01
1.370152463519500152e+01
1.729752922376646751e+01
8.187724547258653729e+00
9.556612217432171263e+00
1.175695041724837431e+01
8.643196696993127759e+00
7.244415821229291730e+00
6.932470457132960284e+00
1.127148673310966132e+01
7.907687497121042242e+00
9.591713006993884960e+00
1.217919888955467478e+01
1.471117245516560601e+01
1.052545312704408786e+01
1.256758751213991410e+01
8.413797615865229673e+00
9.423164771164877607e+00
9.984731950071608964e+00
1.218664945934920674e+01
8.717828979053825478e+00
1.784500918293502636e+01
8.849418483939036406e+00
6.861104581156408422e+00
7.367445918759451651e+00
1.207978641194435454e+01
9.652996050299140762e+00
8.616993155705371166e+00
9.342932691005479739e+00
6.857724607721917387e+00
8.755727700874327724e+00
8.900631557769582258e+00
9.264877696933789153e+00
9.026401045585764393e+00
1.104282536594075559e+01
7.680986164492668244e+00
7.396762929575260159e+00
9.231131328347178311e+00
1.242007431777727788e+01
7.321283925685740712e+00
5.602758504841784060e+00
8.837337041911220936e+00
7.556835068142832235e+00
1.565638151885003460e+01
6.404397220643698319e+00
8.503665224177010984e+00
1.125008241167938827e+01
7.039841679314916334e+00
7.253764808259198560e+00
7.650916634879474820e+00
7.484612496990259878e+00
9.864005894705488942e+00
7.052074881075671264e+00
8.907534485702786498e+00
5.895327119424709217e+00
1.316148651751105625e+01
8.868561751028314788e+00
5.773098596939734151e+00
6.419087552261218299e+00
1.116793915918544400e+01
9.835589956954944313e+00
8.998034140068694953e+00
6.059872040272764160e+00
2.072323732581255484e+01
7.166528130645271055e+00
5.442699776083816054e+00
5.836848067770167958e+00
7.148475306377569893e+00
5.562769223121581952e+00
5.964411501896187850e+00
5.521064379298391778e+00
6.272020582612804596e+00
6.733345448326025995e+00
5.830490540785317144e+00
8.626859474482227341e+00
1.061972485673972066e+01
7.825378317407921891e+00
8.905496573527916127e+00
7.281544666623896767e+00
5.274702385405228178e+00
6.551054049606046981e+00
7.143241898366990306e+00
5.598631054678678609e+00
1.601292266546066045e+01
9.892753846277264174e+00
5.741779558505034409e+00
7.967301857388663144e+00
6.557952734850949206e+00
6.475558801755862959e+00
9.582799531543038540e+00
6.496692815855945824e+00
7.001363425843492472e+00
6.412312660545699927e+00
7.331618961381567878e+00
3.621669605159039129e+00
2.055020428226486118e+01
4.359076708578939474e+00
7.365226192258163884e+00
6.082416761788987714e+00
4.739649912565203849e+00
6.380385715903083899e+00
4.611278688276844839e+00
