3.553471364974975510e-01
6.772652196884154652e-02
6.788672804832458774e-02
6.589511442184448065e-02
6.608178734779357466e-02
6.595518207550048195e-02
6.557010960578918413e-02
6.560813784599303644e-02
6.574409365653992310e-02
6.547732782363892279e-02
6.540319371223449196e-02
6.556859588623047130e-02
6.551502180099487427e-02
6.555594682693481612e-02
6.562715888023376576e-02
6.568674755096436113e-02
6.576269483566284102e-02
6.568288516998291304e-02
6.566681551933288563e-02
6.548357343673706643e-02
6.550728631019592241e-02
6.565518140792846180e-02
6.575956368446350675e-02
6.554347372055054077e-02
6.571959209442138072e-02
6.555753397941589677e-02
6.536210322380066329e-02
6.555004787445067871e-02
6.525101923942565330e-02
6.523033761978148937e-02
6.524784708023070867e-02
6.519204950332641024e-02
6.526528477668762374e-02
6.512727212905883301e-02
6.523483657836913474e-02
6.527207064628601230e-02
6.517052340507507868e-02
6.511785316467284812e-02
6.499929618835449674e-02
6.510640192031860729e-02
6.524761152267456732e-02
6.523796772956848289e-02
6.512980484962463401e-02
6.512424778938293024e-02
6.512036275863647417e-02
6.548492527008056840e-02
6.548877525329589722e-02
6.560965585708618264e-02
6.536733555793762529e-02
6.518117094039917181e-02
6.534742927551269454e-02
6.505250430107116510e-02
6.506314873695373535e-02
6.509863638877869119e-02
6.506213974952697321e-02
6.508274483680724642e-02
6.509945964813232400e-02
6.502949810028076094e-02
6.511051464080810924e-02
6.513253617286682284e-02
6.501144528388977384e-02
6.510393404960632124e-02
6.514185905456543191e-02
6.513242363929748480e-02
6.527299284934998114e-02
6.524911737442017079e-02
6.504181838035583141e-02
6.504839587211608265e-02
6.519268608093262141e-02
6.516730976104735673e-02
6.525787210464477350e-02
6.505692815780639293e-02
6.499333381652831754e-02
6.498248505592346680e-02
6.505118489265442061e-02
6.503116512298584562e-02
6.502150297164917270e-02
6.472328805923462103e-02
6.473166418075561312e-02
6.481201457977295299e-02
6.483269000053405728e-02
6.482130265235901134e-02
6.480425548553467308e-02
6.533974194526671886e-02
6.514878368377685636e-02
6.509048891067505116e-02
6.513490915298461581e-02
6.512490701675414939e-02
6.507562184333801070e-02
6.508726882934570690e-02
6.495430350303649236e-02
6.503653407096862682e-02
6.508106303215026311e-02
6.498110580444335649e-02
6.538295149803161066e-02
6.497631072998047430e-02
6.500891065597534657e-02
6.502372622489929754e-02
6.506510162353515425e-02
6.505609083175659113e-02
6.505726814270020031e-02
6.515315485000609808e-02
6.508692407608032693e-02
6.509578394889831143e-02
6.508925580978393299e-02
6.506177568435668468e-02
6.511765885353087979e-02
6.514809179306030318e-02
6.501603174209594216e-02
6.502295899391173639e-02
6.503739953041076660e-02
6.520422148704528575e-02
6.508336162567138206e-02
6.512404274940490623e-02
6.519617152214050859e-02
6.513403272628784380e-02
6.520489621162414706e-02
6.525563120841980369e-02
6.518947815895080600e-02
6.523394608497619374e-02
6.523992109298705488e-02
6.519251036643981811e-02
6.512068271636962946e-02
6.520974183082581255e-02
6.522556519508361517e-02
6.514577269554137906e-02
6.520938467979431330e-02
6.514064693450927201e-02
6.514428853988647738e-02
6.522739481925964034e-02
6.515622901916504062e-02
6.525133705139160578e-02
6.523410248756408847e-02
6.530990219116210305e-02
6.519557046890259167e-02
6.516514062881469116e-02
6.516554164886474709e-02
6.508238244056702149e-02
6.530068230628967296e-02
6.525145053863525002e-02
6.535353255271911244e-02
6.530365920066832919e-02
6.533145880699157970e-02
6.528953242301940851e-02
6.545866632461547208e-02
6.540823030471801247e-02
6.530371117591858565e-02
6.541257739067077304e-02
6.529700303077698442e-02
6.542891073226929366e-02
6.559172034263610618e-02
6.538390135765075051e-02
6.526300263404846702e-02
6.537309646606445646e-02
6.532161164283752097e-02
6.551323342323303600e-02
6.538949441909790161e-02
6.552232933044434271e-02
6.553421354293822998e-02
6.548552989959716131e-02
6.543839311599732034e-02
6.542528581619262706e-02
6.545805287361144975e-02
6.541727566719054976e-02
6.534830856323242676e-02
6.539234519004821777e-02
6.548258757591247925e-02
6.555221819877624090e-02
6.547077679634094594e-02
6.565175056457520086e-02
6.563042879104613592e-02
6.544884061813353859e-02
6.556636524200439020e-02
6.551717233657837480e-02
6.554971599578857111e-02
6.551495361328124600e-02
6.557038760185242288e-02
6.558117771148681829e-02
6.557965946197509555e-02
6.550498342514038397e-02
6.581863903999328469e-02
6.554387927055359275e-02
6.567507791519165694e-02
6.565899085998534723e-02
6.557062602043152444e-02
6.560486674308776966e-02
6.557668304443359242e-02
6.567823791503905884e-02
6.562476825714111395e-02
6.552280807495117210e-02
6.567647767066955855e-02
6.563494610786438366e-02
6.564331650733948309e-02
6.568701672554015658e-02
6.561782121658325806e-02
6.568112754821776866e-02
6.571050310134887718e-02
6.584207749366760565e-02
6.571055054664612372e-02
6.572977733612060669e-02
6.571305489540099631e-02
6.571956968307494928e-02
6.572778749465942039e-02
6.575056123733520608e-02
6.583889675140380815e-02
6.567925620079040350e-02
6.585635709762573120e-02
6.560550856590270652e-02
6.587478780746459928e-02
6.580081272125244685e-02
6.585048031806946256e-02
6.572548532485962547e-02
6.573834371566772417e-02
6.563680911064148638e-02
6.572416377067566429e-02
6.575877809524535711e-02
6.565808963775635054e-02
6.564162063598633079e-02
6.566745376586914651e-02
6.567388582229614913e-02
6.564007306098937344e-02
6.569795155525207098e-02
6.571307659149169811e-02
6.578516602516173983e-02
6.582182502746582176e-02
6.584957528114318559e-02
6.577855372428893788e-02
6.581409478187560946e-02
6.582858443260192205e-02
6.576917552947998680e-02
6.568130183219909879e-02
6.573154139518737338e-02
6.586437249183654807e-02
6.580551147460937667e-02
6.581422042846679643e-02
6.576068496704101651e-02
6.578008174896239624e-02
6.592132616043090698e-02
6.585870122909545654e-02
6.577563166618347057e-02
6.585155653953551902e-02
6.583111548423767334e-02
6.593122982978820434e-02
6.595674943923950095e-02
6.595664048194885276e-02
6.591105175018310836e-02
6.589748740196227361e-02
6.597229051589965920e-02
6.595478534698485940e-02
6.589795732498168745e-02
6.582585334777832364e-02
6.604516530036926014e-02
6.586802554130553877e-02
6.591977429389953014e-02
6.598980307579040139e-02
6.584825611114501764e-02
6.601783847808838368e-02
6.612467432022094138e-02
6.594815492630004550e-02
6.598915863037109475e-02
6.595660257339477917e-02
6.600163149833679355e-02
6.599779415130614668e-02
6.592714238166809404e-02
6.618782401084899458e-02
6.610256481170653786e-02
6.616707420349121627e-02
6.604738044738769909e-02
6.602129101753234641e-02
6.603680372238159013e-02
6.608270978927612005e-02
6.614821362495422463e-02
6.610326910018921032e-02
6.607703328132628895e-02
6.601524519920348721e-02
6.595404720306397017e-02
6.605761837959289728e-02
6.618042588233948031e-02
6.614182853698730158e-02
6.610033106803893388e-02
6.604134702682494529e-02
6.595804381370544422e-02
6.607478213310241655e-02
6.608082866668700539e-02
6.615956997871398626e-02
6.617068672180176359e-02
6.617761063575744451e-02
6.623228025436402044e-02
6.609880828857421509e-02
6.608683681488036754e-02
6.610387706756591653e-02
6.615922880172729614e-02
6.618702030181884688e-02
6.616648697853087790e-02
6.616931509971618608e-02
6.617548084259032570e-02
6.615162873268128074e-02
6.623711538314819292e-02
6.647212553024292592e-02
6.612737250328064309e-02
6.621773338317871183e-02
6.617257690429687034e-02
6.623427700996399603e-02
6.618345236778258589e-02
6.623569297790526944e-02
6.636493945121765825e-02
6.637243866920471136e-02
6.630415797233581154e-02
6.630525636672973677e-02
6.646673965454101551e-02
6.640727066993713790e-02
6.640962672233581554e-02
6.624361252784728704e-02
6.607922983169556286e-02
6.625217533111572854e-02
6.620829415321349831e-02
6.626457977294922252e-02
6.611819863319397250e-02
6.606932711601257169e-02
6.611209034919739158e-02
6.584762692451477661e-02
6.554334449768066395e-02
6.546137666702270264e-02
6.551442790031433705e-02
6.552343344688416060e-02
6.548066496849060114e-02
6.545996832847594815e-02
6.547034883499144864e-02
6.557281327247620195e-02
6.544301939010620239e-02
6.554096055030822487e-02
6.552879238128661576e-02
6.557808542251586381e-02
6.550621604919433516e-02
6.563599109649657926e-02
6.550163769721985274e-02
6.551070475578307795e-02
6.544560766220092196e-02
6.555703568458556840e-02
6.558841657638549150e-02
6.629974770545959961e-02
6.628235626220703447e-02
6.630241227149963334e-02
6.628916549682617454e-02
6.619877362251282149e-02
6.620090866088866599e-02
6.627544021606444902e-02
6.630179476737975419e-02
6.630790710449219194e-02
6.628512883186341020e-02
6.633429408073425460e-02
6.626796817779541382e-02
6.623394632339477117e-02
6.627254223823547674e-02
6.628174972534180143e-02
6.633695006370544933e-02
6.623966169357299594e-02
6.632004070281982688e-02
6.629957008361817006e-02
6.635202264785766690e-02
6.628508043289184359e-02
6.622853255271911321e-02
6.631710863113403354e-02
6.624734735488892190e-02
6.624604749679564863e-02
6.628377151489257824e-02
6.631235885620116732e-02
6.634607625007629683e-02
6.641660809516906905e-02
6.646335911750793357e-02
6.632242465019226596e-02
6.632821083068847490e-02
6.642251896858215876e-02
6.641528320312499456e-02
6.640724992752075617e-02
6.636601996421813421e-02
6.633013820648193948e-02
6.643487238883971635e-02
6.631639075279235906e-02
6.639621424674987948e-02
6.641901659965515625e-02
6.633867478370666926e-02
6.630355238914489857e-02
6.644722270965576494e-02
6.640571141242980480e-02
6.649701929092406705e-02
6.629469203948974709e-02
6.647714233398437089e-02
6.638556575775146629e-02
6.636524128913878773e-02
6.629859042167664251e-02
6.642124080657958729e-02
6.632447886466980025e-02
6.648789811134338257e-02
6.641144061088562200e-02
6.639712285995483243e-02
6.639275026321411755e-02
6.646016597747803067e-02
6.637485527992248446e-02
6.646702480316162009e-02
6.645946979522704412e-02
6.671021890640259355e-02
6.654245328903198031e-02
6.647178435325622192e-02
6.658896994590758622e-02
6.653783845901489746e-02
6.650797128677368719e-02
6.647038674354553700e-02
6.653390574455261830e-02
6.653572988510131347e-02
6.645428490638732866e-02
6.653815889358520586e-02
6.647951626777648393e-02
6.639556169509887307e-02
6.653765988349914784e-02
6.658072781562805742e-02
6.657105422019958529e-02
6.656059908866882036e-02
6.650104045867920310e-02
6.660800385475158791e-02
6.669404697418213068e-02
6.649703311920165949e-02
6.652559566497802390e-02
6.662137031555176447e-02
6.654724764823913286e-02
6.684103703498840698e-02
6.665404844284057717e-02
6.656816434860229892e-02
6.661180043220520097e-02
6.664181470870972346e-02
6.655509328842162953e-02
6.653978443145751320e-02
6.654728102684021041e-02
6.667085862159728704e-02
6.656601953506469105e-02
6.659627962112427135e-02
6.650138211250304632e-02
6.660875272750854670e-02
6.683071947097778132e-02
6.670026516914367987e-02
6.665339589118957075e-02
6.667971992492675859e-02
6.668206405639648393e-02
6.662932133674621948e-02
6.657771682739258012e-02
6.658291721343993774e-02
6.662494730949401756e-02
6.667018771171569214e-02
6.668314480781555031e-02
6.680613207817077959e-02
6.677846527099609575e-02
6.685856866836548118e-02
6.677054882049560103e-02
6.677665519714355569e-02
6.676365852355957420e-02
6.672840189933776367e-02
6.672609949111937833e-02
6.668555545806885421e-02
6.679145145416259810e-02
6.678883576393127020e-02
6.664077782630919988e-02
6.674186062812804965e-02
6.673547768592834328e-02
6.674053287506102883e-02
6.676800704002380793e-02
6.699392104148864380e-02
6.689755487442015924e-02
6.695173859596252608e-02
6.692603087425232078e-02
6.686487102508545388e-02
6.674976587295532171e-02
6.681604194641113659e-02
6.688419103622436634e-02
6.679968714714050460e-02
6.681615829467774104e-02
6.680058288574218517e-02
6.683570170402526600e-02
6.674162387847899780e-02
6.676103949546813299e-02
6.682339382171631481e-02
6.694383072853088423e-02
6.697268128395079956e-02
6.698066735267639571e-02
6.698059344291687478e-02
6.684979772567749279e-02
6.690184664726257779e-02
6.696957874298095637e-02
6.700395512580871460e-02
6.685280108451843728e-02
6.683517599105834317e-02
6.692121195793152011e-02
6.715616774559020341e-02
6.692719721794128385e-02
6.677007889747620106e-02
6.689544177055359309e-02
6.699343872070312456e-02
6.706461691856384355e-02
6.703073549270630038e-02
6.690986227989197122e-02
6.677616763114929688e-02
6.680392313003540028e-02
6.691647434234619662e-02
6.689674401283264571e-02
6.681030344963073686e-02
6.679363441467285611e-02
6.677663445472717396e-02
6.670259404182433960e-02
6.665874767303467396e-02
6.652874016761779752e-02
6.667480754852295188e-02
6.666828989982605258e-02
6.654615926742553367e-02
6.695928812026977206e-02
6.684271407127380382e-02
6.675430631637573053e-02
6.663829159736633923e-02
6.679949283599853627e-02
6.674064588546753385e-02
6.677044677734375600e-02
6.662888360023498657e-02
6.678548312187194969e-02
6.679770326614380138e-02
6.679229688644408580e-02
6.672084975242614791e-02
6.674064683914184004e-02
6.674898409843445235e-02
6.673698759078978970e-02
6.671697807312011730e-02
6.675372743606566850e-02
6.672208118438720248e-02
6.670755219459534313e-02
6.681939554214477717e-02
6.679235100746154508e-02
6.685938525199890126e-02
6.686131143569946922e-02
6.670573139190673351e-02
6.671477437019347756e-02
6.671198153495788707e-02
6.681162381172180142e-02
6.726778650283812833e-02
6.700776314735412686e-02
6.698342156410216908e-02
6.706186866760253940e-02
6.691546154022216808e-02
6.697321915626526512e-02
6.696493387222289539e-02
6.693949270248412964e-02
6.700487542152404330e-02
6.705379414558410023e-02
6.704362773895264360e-02
6.707428622245788230e-02
6.703803277015686624e-02
6.697288751602173407e-02
6.704434490203857455e-02
6.707521533966064042e-02
6.717447614669799782e-02
6.710582852363586315e-02
6.710340118408203436e-02
6.709355497360229570e-02
6.714790749549866267e-02
6.735087585449218983e-02
6.713217759132385221e-02
6.707406473159789606e-02
6.702782011032104581e-02
6.710446095466614247e-02
6.716710567474365456e-02
6.713437557220458540e-02
6.711504030227660733e-02
6.707858109474182373e-02
6.715697240829467118e-02
6.723881411552429244e-02
6.721792912483215421e-02
6.728175950050353793e-02
6.745510149002074962e-02
6.717338895797729525e-02
6.727051877975463723e-02
6.725597524642944192e-02
6.724373769760132180e-02
6.717426133155822432e-02
6.722951245307921819e-02
6.723097395896911188e-02
6.720840311050414739e-02
6.718220376968384033e-02
6.747923040390015059e-02
6.711133098602295455e-02
6.759168267250061091e-02
6.734446549415588901e-02
6.745844674110412775e-02
6.735975551605224987e-02
6.721491217613220770e-02
6.725286555290221902e-02
6.726393079757690685e-02
6.731268644332885631e-02
6.719219398498535445e-02
6.730390286445617209e-02
6.751106238365173207e-02
6.720308279991149547e-02
6.735464406013488836e-02
6.741850948333739935e-02
6.754266977310180442e-02
6.740228438377379727e-02
6.749074745178222645e-02
6.741723084449767478e-02
6.747575116157532304e-02
6.762739682197570212e-02
6.727108025550841697e-02
6.733786511421203935e-02
6.737608599662781028e-02
6.737995862960816096e-02
6.734221625328064287e-02
6.737944030761719438e-02
6.742274808883666481e-02
6.751478815078734708e-02
6.756543135643004738e-02
6.748772430419922030e-02
6.750936174392700717e-02
6.748156762123107277e-02
6.741183710098266890e-02
6.734509015083313399e-02
6.733552503585815696e-02
6.746696877479553545e-02
6.724723625183105791e-02
6.721425175666809193e-02
6.728771877288818037e-02
6.719959115982056252e-02
6.745398163795471302e-02
6.723972821235656150e-02
6.757421588897705167e-02
6.759173822402954335e-02
6.745060348510742432e-02
6.783283638954162864e-02
6.780511426925658891e-02
6.742982077598572155e-02
6.750584602355956532e-02
6.756130266189575018e-02
6.746547007560729781e-02
6.737761402130126864e-02
6.762956094741821855e-02
6.760926151275634122e-02
6.739100074768065995e-02
6.746610593795776545e-02
6.746262764930724409e-02
6.747407412528991233e-02
6.750122785568236916e-02
6.748414921760559348e-02
6.746918034553528454e-02
6.749738478660582963e-02
6.749345803260803356e-02
6.751785159111023393e-02
6.748099470138549383e-02
6.741450572013854559e-02
6.758895683288573819e-02
6.749967789649963246e-02
6.757599306106566728e-02
6.747565603256225342e-02
6.758558988571167214e-02
6.779520225524902910e-02
6.779441499710082975e-02
6.764805006980896540e-02
6.766901397705078758e-02
6.755875015258788752e-02
6.777058553695679277e-02
6.768798804283142345e-02
6.762329268455505304e-02
6.765699362754822033e-02
6.776887774467468817e-02
6.769020605087280873e-02
6.787074112892151068e-02
6.759304642677306518e-02
6.804799342155457009e-02
6.781287837028503185e-02
6.775236678123473799e-02
6.785678839683532970e-02
6.694300246238708840e-02
6.710928058624267278e-02
6.703114366531372215e-02
6.693794059753417625e-02
6.703387928009033048e-02
6.694299864768982200e-02
6.741538333892822810e-02
6.699576568603515803e-02
6.730247116088866610e-02
6.710152554512023582e-02
6.709326386451720803e-02
6.719361829757690419e-02
6.720926976203918379e-02
6.728183007240295943e-02
6.719396376609802768e-02
6.716900682449340743e-02
6.710299468040466231e-02
6.724885463714599942e-02
6.722523975372314553e-02
6.716872334480285256e-02
6.717094755172729748e-02
6.721424698829650546e-02
6.715884971618651944e-02
6.719545531272888561e-02
6.725333499908446588e-02
6.721052503585815685e-02
6.714012169837951793e-02
6.720065259933472035e-02
6.745956516265869118e-02
6.725572514533996460e-02
6.724472022056579568e-02
6.724467444419861273e-02
6.709593939781188787e-02
6.724948120117187067e-02
6.724867844581604304e-02
6.725272583961486306e-02
6.725681638717651012e-02
6.720413303375244451e-02
6.733863568305968605e-02
6.743815612792969372e-02
6.735619139671325528e-02
6.727156829833984275e-02
6.756510829925536921e-02
6.728503608703613470e-02
6.731435585021972035e-02
6.722975993156432573e-02
6.724636030197143899e-02
6.724681830406188665e-02
6.719639563560485251e-02
6.713061714172363637e-02
6.716493034362792935e-02
6.721052384376526023e-02
6.725039505958557706e-02
6.724209833145142201e-02
6.717969226837158803e-02
6.738233304023742709e-02
6.731409931182860684e-02
6.727593326568603871e-02
6.725475883483886252e-02
6.731454825401306241e-02
6.733663749694823730e-02
6.716469979286193714e-02
6.722785544395447344e-02
6.723978495597839056e-02
6.722113323211670322e-02
6.730934238433837480e-02
6.717671918869018433e-02
6.707958364486694969e-02
6.732047986984253385e-02
6.739860558509826183e-02
6.728291296958922862e-02
6.727023458480835272e-02
6.711123609542846147e-02
6.730202221870422441e-02
6.712337183952331310e-02
6.718773746490477872e-02
6.706183338165283558e-02
6.706528663635254184e-02
6.702369236946105480e-02
6.699081087112426780e-02
6.703396177291870428e-02
6.709855270385742254e-02
6.691660046577453669e-02
6.696997332572937611e-02
6.699604773521423973e-02
6.702841639518737626e-02
6.697818732261658081e-02
6.695394110679626920e-02
6.703927636146544966e-02
6.700292015075683116e-02
6.690979814529418590e-02
6.688834643363952837e-02
6.682393479347228937e-02
6.686080026626586847e-02
6.684553790092467862e-02
6.684430932998657038e-02
6.689325404167174860e-02
6.698638486862182329e-02
6.741686296463013373e-02
6.736981415748596880e-02
6.752634286880493386e-02
6.739358997344971347e-02
6.721858406066893998e-02
6.748042035102844172e-02
6.731138825416564664e-02
6.794693136215210205e-02
6.726897192001342340e-02
6.720401954650878640e-02
6.720466589927673318e-02
6.804691791534424328e-02
6.935229778289794811e-02
6.831716084480285445e-02
6.734586906433105702e-02
6.739564442634582431e-02
6.747535109519958718e-02
6.813821220397948963e-02
6.883716344833373801e-02
6.829030847549438787e-02
6.845681858062743763e-02
6.781372690200805631e-02
6.769751811027527322e-02
6.730778980255126831e-02
6.744218373298645208e-02
6.730635309219359930e-02
6.727043509483338068e-02
6.731625270843505371e-02
6.730538916587829046e-02
6.730182266235351651e-02
6.741678142547607999e-02
6.740502190589904574e-02
6.741130685806275002e-02
6.739660000801087070e-02
6.731695079803466653e-02
6.736796879768371105e-02
6.735275864601135420e-02
6.739415693283080933e-02
6.740000200271606401e-02
6.737033891677855768e-02
6.740296459197997470e-02
6.745234155654906971e-02
6.757493829727172219e-02
6.742479109764099032e-02
6.748824930191039961e-02
6.749242806434631314e-02
6.740151000022888417e-02
6.752651834487914673e-02
6.748090147972106434e-02
6.736389422416687311e-02
6.739868927001953225e-02
6.781709527969360940e-02
6.740496730804443337e-02
6.743195748329162964e-02
6.741402029991150346e-02
6.734066534042358609e-02
6.760503005981445546e-02
6.759206008911132491e-02
6.754110121726990268e-02
6.750953960418701327e-02
6.749133801460266424e-02
6.759379839897156073e-02
6.768470430374146085e-02
6.750204682350158247e-02
6.755985236167907915e-02
6.749470186233520741e-02
6.773818445205688488e-02
6.756845092773437755e-02
6.749163794517516746e-02
6.753502464294433572e-02
6.753448939323425382e-02
6.766268491744995006e-02
6.756512141227721813e-02
6.758033943176269820e-02
6.758653235435485573e-02
6.755534434318542780e-02
6.766666412353515569e-02
6.763177633285522017e-02
6.768358302116393721e-02
6.767845773696899714e-02
6.765095114707947443e-02
6.762330222129821211e-02
6.766459679603577249e-02
6.761261510848999567e-02
6.765354108810424372e-02
6.771292757987976141e-02
6.775895357131958563e-02
6.768073701858520752e-02
6.755551433563232455e-02
6.760953402519226385e-02
6.764990901947021129e-02
6.768045544624329279e-02
6.755222296714782915e-02
6.760410761833191007e-02
6.768309926986694480e-02
6.772380423545837358e-02
6.778013944625854714e-02
6.767616105079650446e-02
6.765026235580444414e-02
6.779388070106506792e-02
6.768660950660705666e-02
6.771825075149535966e-02
6.775946593284606911e-02
6.764576029777526200e-02
6.771992015838622370e-02
6.766080927848816540e-02
6.764307999610900957e-02
6.768742251396178689e-02
6.767138862609863026e-02
6.774169945716858321e-02
6.786634707450867054e-02
6.793852615356445190e-02
6.771761369705199540e-02
6.801221489906311701e-02
6.803776144981384111e-02
6.785070157051086015e-02
6.784084844589233221e-02
6.786720895767212047e-02
6.789765143394470293e-02
6.784401726722717740e-02
6.787014436721801325e-02
6.795042181015015226e-02
6.813478922843932417e-02
6.796724319458008479e-02
6.798551726341248158e-02
6.785818409919738836e-02
6.778339409828186557e-02
6.790640616416930564e-02
6.799890136718750311e-02
6.779935145378113148e-02
6.757033681869506481e-02
6.725955390930175859e-02
6.712139630317688621e-02
6.709137487411498402e-02
6.709331631660461759e-02
6.714958405494689253e-02
6.711239624023437877e-02
6.712323069572448397e-02
6.719969582557677734e-02
6.717395639419555808e-02
6.724771928787232067e-02
6.714170479774475564e-02
6.716137051582336814e-02
6.806252074241637973e-02
6.799038171768188865e-02
6.793398904800415639e-02
6.834217810630797973e-02
6.829926848411560503e-02
6.812412643432616544e-02
6.808991885185242121e-02
6.801790690422057639e-02
6.827400946617126487e-02
6.808512711524963845e-02
6.821036982536315962e-02
6.810558915138244240e-02
6.805846190452576050e-02
6.805426406860351496e-02
6.800882387161254206e-02
6.805224370956421132e-02
6.800022220611572077e-02
6.810657024383544311e-02
6.844234442710876720e-02
6.813180971145629816e-02
6.807560443878174494e-02
6.808855104446411011e-02
6.811784815788268777e-02
6.803189373016357844e-02
6.806168603897094771e-02
6.816407394409179643e-02
6.807703924179077382e-02
6.814055395126342174e-02
6.820581722259520807e-02
6.820545649528503285e-02
6.810368585586547285e-02
6.818351030349731334e-02
6.817013931274414074e-02
6.818861913681030507e-02
6.820404458045958851e-02
6.824835300445557251e-02
6.837173724174500089e-02
6.836629104614257157e-02
6.822512984275817816e-02
6.824259829521178711e-02
6.825877237319946667e-02
6.812032246589661000e-02
6.815590000152588201e-02
6.818413352966308516e-02
6.812646365165710149e-02
6.811651182174682795e-02
6.811868143081664662e-02
6.818170452117919278e-02
6.813672232627868142e-02
6.829212617874146074e-02
6.817436146736144398e-02
6.824558186531066994e-02
6.812404584884643177e-02
6.816487073898315485e-02
6.812666010856628651e-02
6.809872221946716708e-02
6.808674097061157005e-02
6.820404744148254872e-02
6.828472781181335605e-02
6.812403535842895264e-02
6.825653791427611916e-02
6.819729256629944447e-02
6.823657536506652632e-02
6.824689531326294523e-02
6.817355918884276944e-02
6.818960833549499168e-02
6.834830951690673562e-02
6.842079329490662054e-02
6.836813545227050926e-02
6.819645357131957908e-02
6.825727081298828269e-02
6.827232050895691573e-02
6.835848045349121604e-02
6.821645736694335882e-02
6.825381398200988659e-02
6.828298354148865101e-02
6.829169464111328747e-02
6.816788792610167791e-02
6.831248378753662642e-02
6.823199892044067016e-02
6.827824497222900746e-02
6.827069926261901400e-02
6.835323619842528786e-02
6.857142567634583186e-02
6.836942911148070900e-02
