1.384740931922182767e+02
1.300265495260380817e+02
1.556072099507090627e+02
1.565934164413114331e+02
1.607666435672437615e+02
1.475853496013336326e+02
1.405856056578543871e+02
1.252468394729410193e+02
1.150708231706485662e+02
1.111591715227486077e+02
1.210144642792005243e+02
1.148010625281829959e+02
1.203435046044721020e+02
1.112448947363844383e+02
1.075779938025876845e+02
8.595804231035779708e+01
1.126959365502672483e+02
1.555527343729167171e+02
7.377123386103977509e+01
1.325924855747165338e+02
8.753127475442403238e+01
1.150305490317434192e+02
1.260726352087263678e+02
5.584350829630707835e+01
1.292328094543213410e+02
1.092287931595355275e+02
1.299041297969500306e+02
8.014013563772844861e+01
4.442272518136003612e+01
6.638007962678040030e+01
4.631172347059651884e+01
2.313494420964777731e+01
5.083245048442211811e+01
3.251738325796539897e+01
3.698491305932905249e+01
6.117084257973165506e+01
4.936346291434644229e+01
1.238684685314539564e+02
6.843539913835388688e+01
1.517388892506508391e+01
4.973430778133048591e+01
1.960316114232267282e+01
2.233555369557327808e+01
2.227682378241219041e+01
2.066698799141900622e+01
1.598994545470642592e+01
1.503714414315807701e+01
1.720727469537311194e+01
9.428113577934551515e+00
4.307324642950456450e+01
1.499535470530575765e+01
1.287490163542953958e+01
1.434198485011163626e+01
1.368292184408064394e+01
1.099177641231890945e+01
1.486116497449254048e+01
9.341649859083998919e+00
7.677791755536946816e+00
1.077515065445207476e+01
9.961723160031914048e+00
1.285248627124611431e+01
9.579483722493945308e+00
1.279225932914216735e+01
1.729890193490999906e+01
9.980682907360781897e+00
1.156340948819668313e+01
1.402444621554714033e+01
8.373342458884561523e+00
7.009932852291554717e+00
8.861758299549666873e+00
1.333844419743586585e+01
9.840451064161658934e+00
1.087622841255821271e+01
8.678866986538897876e+00
7.497121882532600701e+00
1.365336324135836854e+01
1.163129482793059388e+01
8.097719752914457558e+00
9.325826597096812165e+00
8.126064488417783949e+00
1.168010587626014107e+01
1.072269036508814111e+01
1.021983595956106150e+01
1.096404713183689772e+01
8.967741229091222621e+00
1.297659701382212916e+01
1.353929741961456124e+01
2.214344825847373954e+01
8.407964159858449804e+00
1.257570454685576244e+01
8.396232087187291526e+00
1.725943614197095144e+01
6.598623364244849299e+00
8.742006313360102254e+00
8.794228435741290539e+00
8.558726587164937172e+00
8.511713846779176862e+00
8.704500058877144397e+00
9.255775564409100653e+00
6.722910330582817728e+00
9.986973336013562630e+00
1.031052032215946213e+01
6.313000443692788011e+00
9.993508111810912808e+00
1.095971688985651404e+01
1.009368342302175847e+01
4.024505154755957825e+00
5.941759238725629722e+00
6.360081253605499363e+00
9.544631395242522132e+00
8.312261827979842366e+00
1.123296475499852853e+01
1.606359284677968091e+01
8.540363814134027010e+00
9.625170581409198789e+00
1.126743587030262184e+01
9.029996157046488392e+00
8.302603472835023979e+00
1.106329939983888266e+01
1.270795288722391270e+01
1.368657138271545115e+01
1.158067435245789234e+01
6.867293600168861367e+00
7.742681739317502476e+00
5.994876581199864773e+00
8.193254153967330922e+00
7.480899313947428020e+00
1.391782772516642552e+01
6.491837176700278711e+00
9.854121715888883415e+00
9.198641204803760019e+00
8.907445071089449939e+00
5.947226621295455651e+00
1.196916903140677135e+01
8.045162648511237080e+00
8.210564861942414083e+00
9.392291147300571907e+00
8.350737589538793415e+00
9.019706305318342388e+00
8.544755189216401092e+00
5.989857797510468096e+00
7.131243016476170204e+00
9.484084708585930557e+00
8.595731048974448285e+00
5.646974674694805962e+00
6.599779153275407317e+00
6.951819761688776467e+00
5.299083124289463598e+00
1.413094757880872443e+01
7.657715753147546600e+00
1.031725754682168805e+01
1.071602042251007703e+01
1.234542949845417859e+01
1.117085621610610424e+01
6.728305383474126877e+00
6.356060377330873479e+00
7.042291356060752072e+00
7.256518955119020120e+00
7.501307061311213609e+00
5.831365367010528544e+00
1.480146223007299433e+01
5.243709999115920617e+00
6.946136254419978506e+00
4.920873540279806058e+00
4.978055565220558698e+00
1.347004932391118537e+01
6.840757831716407722e+00
6.492413750273052564e+00
6.064913669849615552e+00
5.755027637417260422e+00
7.424126646490134540e+00
4.763116985121615521e+00
7.673087198577393409e+00
7.387680153669895944e+00
5.874935574171893826e+00
5.811390273497631043e+00
7.812329526789661749e+00
7.927087391854623633e+00
7.641288807643079828e+00
5.872444814513213096e+00
8.283680051163228697e+00
6.063911524447829215e+00
1.321865954931551101e+01
8.107120613365779604e+00
4.929941882350156845e+00
1.836706081248680533e+01
7.813132862434962966e+00
6.802964453528729472e+00
1.121218867929338536e+01
5.568496160850232357e+00
6.119766286209443074e+00
7.154205377797848264e+00
8.332428689758842211e+00
1.000318292385811780e+01
6.382301034412387608e+00
8.775389020341123114e+00
5.093061373761355703e+00
9.068479441972185029e+00
9.205650987169239130e+00
4.255001363742582754e+00
8.860045638641581789e+00
4.819419083362312506e+00
5.644882450732703560e+00
7.329227194533908474e+00
1.057083757735074947e+01
7.674553574813224088e+00
7.567671406955573943e+00
6.848927853491890261e+00
5.905525774016895824e+00
6.333937863362723242e+00
4.721546387317200555e+00
5.538985153149339702e+00
7.131985320157452790e+00
7.724831080980995246e+00
4.526859008877578638e+00
6.975820310836026827e+00
9.583169774665975638e+00
1.039560829593447266e+01
5.754201657633659650e+00
4.036604029760285428e+00
7.039289151884859486e+00
7.308721432409456931e+00
7.104134297819853394e+00
6.777125588641110809e+00
5.557910058841393663e+00
4.899429113754320220e+00
6.724708359952577652e+00
5.399465989039812897e+00
7.575043013128655467e+00
6.376979161724457335e+00
4.160958096177324705e+00
7.668928172953265232e+00
9.598087453931002599e+00
9.997332146122108298e+00
5.941875960792902589e+00
8.736178713444759936e+00
7.776464331516081074e+00
1.260030313263276014e+01
8.592298901095393404e+00
7.877829236375609945e+00
3.735531067784003678e+00
5.559712057607500313e+00
4.188145377353746035e+00
1.315247307563329215e+01
1.168744705244888848e+01
6.147204517901538878e+00
8.042771313227328633e+00
6.629713680409248688e+00
6.580292190195770274e+00
8.761923884020141884e+00
5.878836646715785541e+00
7.121653690637590017e+00
5.068442979305230800e+00
4.342251005697104205e+00
6.440283390321483559e+00
5.173412495232694752e+00
5.160101896941232447e+00
6.045276960841580838e+00
6.675346153067734711e+00
5.300316802121029625e+00
7.015467593605086982e+00
3.952499196320359953e+00
6.360326198789083563e+00
9.366664008654542073e+00
4.092821104337626359e+00
5.419057890264686428e+00
7.459376736083708437e+00
4.454872284556792295e+00
7.175730699577621330e+00
3.605101608085571119e+00
5.137244924220373044e+00
5.013046916210005755e+00
4.379659852326761360e+00
5.203466841491183992e+00
1.385551865606812605e+01
5.221337969327108475e+00
7.725973247155581980e+00
6.039683390254664275e+00
5.049093485805961734e+00
4.121923254721549412e+00
4.707191822479152243e+00
6.800902967740824145e+00
5.834505857726968614e+00
6.615794141493046787e+00
8.339872097693882935e+00
6.021920845707960268e+00
2.990393894167922895e+00
9.812141883218757243e+00
4.842425433894119280e+00
3.625064937632396234e+00
6.290421737372386524e+00
6.606681973392262819e+00
4.485084770025763667e+00
4.106965475118167674e+00
6.119236417981925413e+00
3.664264353540821251e+00
6.383037492689487280e+00
6.910793207683549433e+00
3.325552370234612809e+00
7.980491618526542652e+00
1.115445240023746720e+01
3.236371508007254594e+00
5.673432536516554769e+00
5.947295014868932306e+00
5.016215166599433672e+00
1.052976073383222477e+01
7.187673039673095232e+00
1.044977970595274108e+01
9.458019351434181488e+00
6.023180254695159164e+00
1.033817071874929994e+01
6.903161562672099905e+00
3.730307539955086238e+00
1.144548119793255836e+01
1.154167825162156902e+01
9.708096012536074682e+00
3.512151997540508663e+00
4.165366675997617563e+00
1.148716371684186832e+01
4.506380095721973511e+00
4.941149689227497532e+00
4.969503368331910309e+00
8.727164830212744917e+00
5.501932035502571594e+00
6.609057344569419179e+00
8.058166531292236812e+00
4.996957830350319263e+00
1.175072523728361062e+01
4.469010637719657453e+00
8.861788328247786950e+00
4.966042667077159578e+00
8.555988875079304279e+00
5.974072922215009740e+00
4.542698367409931492e+00
6.554370268934896160e+00
5.414684658679722595e+00
7.068316224241550039e+00
5.078590993662471575e+00
4.008317398572689427e+00
4.012691538113533518e+00
1.249380224798538919e+01
3.754933171898301225e+00
6.719438563614696491e+00
1.054006375422168418e+01
3.950437263130335719e+00
5.768670908218370030e+00
3.934741157294155744e+00
7.320088301326950209e+00
3.790669978114506566e+00
5.314972642325612284e+00
1.013008194015082353e+01
9.991245073500918394e+00
1.038868717873480207e+01
5.396908291632543708e+00
6.415544382110068611e+00
6.250772711274499294e+00
3.572307871848794036e+01
3.734244218813461469e+00
1.166574852920704153e+01
3.539358110105760513e+00
4.084354230981749545e+00
1.782069080807500328e+01
3.555627113976439713e+00
4.349149222951266935e+00
5.741232575461390653e+00
7.147046792114706726e+00
3.550333719766026519e+00
5.409770805067186217e+00
3.260604712117058490e+00
7.105795641341384972e+00
3.509817988838831671e+00
4.256726283509739694e+00
5.310563396102258693e+00
5.869118996315268788e+00
7.403494523884830869e+00
4.623243395087201613e+00
6.053338730488833974e+00
6.736507273058932377e+00
5.683237297186330750e+00
5.862750600569423653e+00
4.963471672988519323e+00
5.675915928823987322e+00
3.732599448225645045e+00
1.147922116275873705e+01
4.207897809198430039e+00
8.507581149763506545e+00
3.206476471480105506e+00
5.368009441351865085e+00
6.218832674829514851e+00
2.177186713961945941e+01
5.521382390761516490e+00
8.293643157196679994e+00
1.483798017994800311e+01
9.491455333142871709e+00
1.492131307829448339e+01
3.441480949563795910e+00
4.156458895804676423e+00
4.150443056528595243e+00
5.692038784880223190e+00
2.720623787767739898e+01
6.669567455996440408e+00
4.314389244382677902e+00
3.737474111022716983e+00
9.628435426623987325e+00
3.208658390449041331e+00
9.060251592150141420e+00
9.509073919562371913e+00
9.998104907062320024e+00
6.911770516232752293e+00
3.968058797541896610e+00
5.524198264343280762e+00
3.274261796287925463e+00
4.930769838584167175e+00
1.148378502715721794e+01
1.313404395198267594e+01
6.861679689020052209e+00
4.955771612939511073e+00
6.357478547643196087e+00
2.726917640915722973e+00
5.402157257109599264e+00
3.474620313660235826e+00
3.690505313954328681e+00
5.318470581619789250e+00
7.713505292070711228e+00
6.507543043888655454e+00
5.429274751260533272e+00
7.571539981733771185e+00
6.133468877012377973e+00
4.704628851224972763e+00
3.179692156133496539e+00
3.971694377628992356e+00
3.173114282413833642e+00
9.772761092886545597e+00
7.527136395345297437e+00
6.201999499253989079e+00
3.247898210121043405e+00
5.481468913974933521e+00
3.955817172520788905e+00
2.862654759881442246e+00
7.738861298248957077e+00
1.096570159420583224e+01
1.068366466486055621e+01
1.104728436813973502e+01
7.303127213757795388e+00
6.098228977665808515e+00
2.826133235230349428e+00
5.562450404514620139e+00
4.830350749810004451e+00
3.909794640840202895e+00
5.615626473591363244e+00
4.585046865800666005e+00
4.170898122061516666e+00
6.129308101692742206e+00
4.489497789886603307e+00
3.569158998903206204e+00
5.832577882333871422e+00
6.122904602294158671e+00
4.056433841398659368e+00
1.810768988854205830e+01
3.531544699844165081e+00
4.126909832790261135e+00
3.001056502289118022e+00
8.778947776145253457e+00
5.733526056921670389e+00
4.833252731751738196e+00
3.059476222324710726e+00
1.399136064943677127e+01
7.862692789090929502e+00
6.022343667736838491e+00
4.290092608514859407e+00
1.493505965861777085e+01
4.347630741072233462e+00
3.569849369584810361e+00
5.610345518829396916e+00
3.937260310049640832e+00
8.746886108149665162e+00
2.878878486971148121e+01
3.113314225267103108e+00
1.064971645399839240e+01
9.973180299826898576e+00
5.635953510813099143e+00
4.365589537560977007e+00
5.576140344876819199e+00
4.497751308565269390e+00
2.697620326307279548e+00
3.976025352001228086e+00
6.565862828890612235e+00
4.516735516469533529e+00
3.424648581312636608e+00
4.900512083750163228e+00
1.776315860799573798e+01
4.013712346777408513e+00
1.340021796094010753e+01
6.485838458950603069e+00
3.914296706145068860e+00
8.435055101917637188e+00
8.912735233484653463e+00
7.862535637749743067e+00
1.548272640016976354e+01
4.671226893847037154e+00
4.395976708024796231e+00
2.988344741949557015e+00
7.335704133136889737e+00
3.181830614523872391e+00
5.135818265758496537e+00
4.503350790641805546e+00
6.685381650300102230e+00
5.520397060500346065e+00
5.016907184482199966e+00
6.783272022036555882e+00
4.029482341425702607e+00
1.154318835058358594e+01
1.536781473175700796e+01
4.577022226389778403e+00
4.745658495001380928e+00
1.076026869112485507e+01
3.833673848991695721e+00
5.134335246385884233e+00
6.758996925340657214e+00
4.036419564106494384e+00
1.481836418337098316e+01
4.062550533924410345e+00
1.057264374416997477e+01
2.222939038379794674e+00
1.263637907668348070e+01
2.790143356089434867e+00
3.349933947552859781e+00
5.051415632946850032e+00
5.131115631529773680e+00
2.671885097137463028e+00
4.392768853834321163e+01
1.831084295750394020e+01
4.526595473111828305e+00
5.260650246570359734e+00
8.642725222852467581e+00
5.882435779957881472e+00
3.945912772127741164e+00
4.489915140487280354e+00
3.427383447389469318e+00
1.890382385877702021e+01
4.013722531061016952e+00
4.638330362085343772e+00
1.193014750971840421e+01
3.564905657933930883e+00
6.063683374901797762e+00
8.961525078749366102e+00
2.807682315943850426e+00
1.559818245337318388e+01
5.442682400478556559e+00
1.685402977998561269e+01
7.048102368142615148e+00
3.291591180397909966e+01
5.241664029792900692e+00
9.586843000267110781e+00
6.318869906229572564e+00
4.768138656220949123e+00
3.635072144155299778e+00
4.889192289318301299e+00
4.887950963531280557e+00
1.061333011902886803e+01
1.190722826781200183e+01
5.734119366324308409e+00
7.090757385751699893e+00
5.012113981022179310e+00
4.576066408278078868e+00
1.859667946675283901e+01
1.456325821868797377e+01
3.611462557556182951e+00
1.376138259732569047e+01
2.572152109137319087e+01
3.176308076408681735e+00
3.807696307986793816e+00
8.924126380730157848e+00
3.550493728293036888e+00
8.100391219802613563e+00
1.117934223329381282e+01
4.841032355150151290e+00
9.499681302415361017e+00
9.454296368361468694e+00
1.308893727255802197e+01
1.721964754541667375e+01
1.013529190072852160e+01
4.186720099472070800e+00
1.573445695538766742e+01
1.035016755462339333e+01
7.729211149273871762e+00
2.510918172445024155e+01
1.134809438934351355e+01
1.052201718560386112e+01
1.424058567433306521e+01
5.519595937457059343e+00
8.117690724679112790e+00
1.143171135497430058e+01
5.009573040923624099e+00
4.083270872090420944e+00
3.548471424024016940e+00
1.549529704138842767e+01
1.135248995542460371e+01
6.304162839725161227e+00
5.814729400943429383e+00
4.650181408639912028e+00
1.363710442741754747e+01
1.893448168832827960e+01
1.088790932520652177e+01
4.350592282973191338e+00
7.343858261228510820e+00
4.843130224213593849e+00
4.164164329064843351e+00
3.661732689783804062e+00
3.373208217308286461e+00
6.064605146846560935e+00
4.488326947121588084e+00
2.070973162093088504e+01
1.975185510262112842e+01
1.140543648721124548e+01
1.309630473219181290e+01
5.614615054396329796e+00
1.170446772363527543e+01
7.913952317760893251e+00
3.383788697035742921e+00
1.040932089826145202e+01
2.132943848315650825e+01
6.842599160318027174e+00
4.181934841212495257e+00
2.063292568492008172e+01
3.277347494140802286e+00
3.770000302658738978e+00
3.981974987747415984e+00
2.884571759874297481e+00
3.559402725351449970e+00
3.706259607341063855e+00
1.064019971567028477e+01
2.931031187381917036e+00
1.583285296860832680e+01
1.869874983555477144e+01
1.283906865527436558e+01
3.662752932350319401e+00
6.600274415955488472e+00
6.858583450834843553e+00
9.544536099701691256e+00
3.924158298472865791e+00
3.959900110134259243e+00
1.267923363683831539e+01
9.714938871222674521e+00
5.386488413219922222e+00
5.474593059050682164e+00
7.788923885221072929e+00
1.123261110394775564e+01
5.762984245588222088e+00
8.843008639852076413e+00
2.790319960230407048e+01
4.130373838809546072e+01
1.039516620783893863e+01
1.235669379476689222e+01
8.986654133683984469e+00
5.496569702132624080e+00
1.483596085292346878e+01
4.052578749369835087e+00
9.745428488077083173e+00
5.543921934190365164e+00
4.611520278083024671e+00
2.755974646207313228e+01
8.447870667495310570e+00
2.782792017052810873e+00
1.355424201376630400e+01
1.151870354606949221e+01
2.008994792886382186e+01
1.753047680249968465e+01
4.032016946360852394e+00
1.577708096938573412e+01
7.142497272492814631e+00
5.363079818717789493e+00
5.331151956233369127e+00
3.369540568450032136e+00
8.718823329352282769e+00
3.766518548670260369e+00
1.100420657165312477e+01
5.104797928253931083e+00
9.459755144417785644e+00
7.085586280865917352e+00
2.352959730648060344e+01
8.068049155343656409e+00
3.833113101088364516e+01
1.166233024348854563e+01
6.431000401755645690e+00
6.302255261543289855e+00
4.465138808133618298e+00
3.535803158846750893e+00
1.150490605958782631e+01
5.925222696839544057e+00
3.512036672984367058e+00
8.581711410517025129e+00
2.937347177127697151e+01
1.193363973381208609e+01
4.126871372771554469e+00
1.645032041461552907e+01
1.600355328104414099e+01
5.680210411102149415e+00
1.070149225114071356e+01
7.634513973233780781e+00
8.151443584820926347e+00
1.368375468921935934e+01
4.194994236460665604e+00
5.962032726202484589e+00
2.912733422360884816e+01
6.359737156853780604e+00
2.259331520280192862e+01
4.808999261161168270e+00
4.515078167866163739e+01
4.907491785393323980e+00
8.707453007327353944e+00
8.162209752407010299e+00
4.322243773364243147e+00
1.340809688477614436e+01
4.244902349454252821e+00
9.270944407014939159e+00
3.670058900397216828e+00
2.611849245579093903e+01
3.052810190869882145e+00
4.542834245227079570e+00
1.669957276083860975e+01
1.613675191217393490e+01
5.721797751324452896e+00
6.438634460958609473e+00
1.500492945363979835e+01
1.358469549233645601e+01
6.863316967452532502e+00
1.442451576598600660e+01
3.532309579849961523e+00
4.984312848132103291e+00
3.960851945785524908e+00
1.750659932456462897e+01
1.208450469401524607e+01
1.377266417664594300e+01
8.864256463859520707e+00
8.481761688714886560e+00
2.587000429392291068e+01
4.117591021974038590e+00
4.624353608568778640e+00
2.455016348410730576e+00
8.147964734101513784e+00
2.203263567641093701e+01
3.143312101669319958e+00
4.910987965456873106e+00
2.456565159969726864e+01
1.556169009684437299e+01
1.829546695130273903e+01
1.699998813835793143e+01
5.885485953519346225e+00
