3.521174802780151492e-01
9.500989937782287897e-02
9.408213710784911477e-02
9.416533374786377475e-02
9.390367078781128307e-02
9.407476139068603194e-02
9.438307738304138605e-02
9.393750739097594948e-02
9.379703807830810924e-02
9.408353734016418335e-02
9.397233581542968617e-02
9.389285802841186579e-02
9.380383777618407637e-02
9.434393477439879938e-02
9.378318929672241344e-02
9.389190554618835616e-02
9.391375422477722668e-02
9.386412119865417125e-02
9.400355100631713201e-02
9.398148560523986172e-02
9.387637805938721380e-02
9.411980700492858509e-02
9.401101279258727850e-02
9.396271395683288008e-02
9.402454161643981900e-02
9.432445216178894642e-02
9.415033864974975408e-02
9.427355980873107499e-02
9.426370930671691684e-02
9.425188851356505748e-02
9.415006470680237216e-02
9.429812860488891169e-02
9.420327854156494707e-02
9.428912234306335849e-02
9.425787067413329834e-02
9.420132803916930753e-02
9.417551541328429698e-02
9.437616896629333341e-02
9.417283773422241433e-02
9.403477191925048440e-02
9.410778522491454468e-02
9.417381620407104525e-02
9.405704379081726574e-02
9.418431472778319991e-02
9.395529270172119085e-02
9.389377355575562190e-02
9.397228145599365035e-02
9.399988436698913929e-02
9.376534104347228338e-02
9.389659166336059015e-02
9.413607311248779752e-02
9.399082398414611295e-02
9.394863891601562544e-02
9.408016943931579723e-02
9.445726418495178911e-02
9.432737064361572388e-02
9.427588891983032515e-02
9.448952436447143055e-02
9.415732049942016069e-02
9.430977749824523415e-02
9.452364301681517866e-02
9.458537268638610163e-02
9.454620170593261430e-02
9.437569618225097323e-02
9.436681675910950362e-02
9.441270923614501764e-02
9.462773752212524925e-02
9.452887701988220426e-02
9.424935531616210338e-02
9.430150389671325406e-02
9.423467373847961570e-02
9.462145638465881137e-02
9.431037187576293834e-02
9.446024727821350497e-02
9.439370131492615112e-02
9.440074372291565319e-02
9.448292303085327470e-02
9.464153909683227506e-02
9.476264595985411932e-02
9.436782073974608887e-02
9.441731929779052790e-02
9.439409232139586714e-02
9.452481341361999856e-02
9.438866496086120716e-02
9.446619176864623491e-02
9.443903470039367865e-02
9.444142293930053722e-02
9.447674512863159235e-02
9.441000032424927413e-02
9.454057526588439953e-02
9.463273978233337214e-02
9.454403877258300837e-02
9.453820013999938987e-02
9.432008862495422363e-02
9.445924234390258578e-02
9.455661487579346269e-02
9.457227230072021151e-02
9.439351654052734186e-02
9.441485786437987804e-02
9.448240184783936180e-02
9.459177923202514993e-02
9.461471509933472301e-02
9.458993077278136929e-02
9.459494590759277843e-02
9.461991262435913430e-02
9.467060995101929388e-02
9.464363479614257280e-02
9.457867240905762363e-02
9.457608938217162975e-02
9.457893776893615267e-02
9.472768068313598688e-02
9.463240671157836792e-02
9.453410959243774281e-02
9.452865362167357788e-02
9.459807205200194968e-02
9.467968058586120894e-02
9.475449061393738381e-02
9.470273375511169267e-02
9.474756956100463534e-02
9.459845447540282670e-02
9.477607345581054443e-02
9.469920778274536211e-02
9.467735290527343195e-02
9.467278194427490579e-02
9.471642303466797086e-02
9.473022985458373624e-02
9.461738181114197344e-02
9.469294786453247292e-02
9.480165767669677945e-02
9.476567196846008567e-02
9.471839642524719494e-02
9.475011062622069880e-02
9.472759771347045998e-02
9.471968531608582209e-02
9.474156689643860318e-02
9.479233288764953025e-02
9.482859420776366954e-02
9.461045837402343173e-02
9.446124386787414784e-02
9.403346419334411566e-02
9.469737887382506658e-02
9.466548490524291648e-02
9.476978898048400712e-02
9.441030669212341353e-02
9.466577196121216120e-02
9.446387147903442805e-02
9.452368807792663197e-02
9.437400436401367776e-02
9.448357653617858731e-02
9.443356156349182184e-02
9.449993705749511197e-02
9.445725917816162609e-02
9.450278425216675215e-02
9.452127885818481512e-02
9.476574730873107977e-02
9.458758926391601374e-02
9.454602861404419467e-02
9.457391905784606756e-02
9.457959365844727240e-02
9.458076405525207841e-02
9.451230788230896573e-02
9.448613476753234264e-02
9.463138532638550038e-02
9.449533390998840487e-02
9.463747596740722245e-02
9.452440071105956687e-02
9.448537802696227450e-02
9.450980091094970947e-02
9.479200768470763538e-02
9.477924013137817294e-02
9.479131388664245594e-02
9.488321471214294922e-02
9.475257778167724132e-02
9.472571587562561568e-02
9.472996616363525690e-02
9.473783087730407171e-02
9.468980574607849254e-02
9.481710314750671498e-02
9.473145294189452836e-02
9.481768250465393011e-02
9.483734416961669966e-02
9.477727532386780174e-02
9.484067010879516924e-02
9.468187618255614890e-02
9.476363015174865678e-02
9.471750473976135731e-02
9.478265762329102229e-02
9.497552275657654419e-02
9.464539217948914063e-02
9.480549454689025934e-02
9.477917814254760431e-02
9.504500389099121427e-02
9.477392339706421087e-02
9.481576323509216531e-02
9.482978558540344771e-02
9.473133182525635132e-02
9.480902194976806308e-02
9.501653671264648215e-02
9.481432914733886608e-02
9.477933192253112926e-02
9.494945502281189331e-02
9.480959868431090842e-02
9.486995148658752819e-02
9.477107024192810147e-02
9.474760365486145641e-02
9.480644154548645286e-02
9.471557545661926647e-02
9.480902981758117243e-02
9.476215839385986051e-02
9.484968924522399480e-02
9.488482570648193448e-02
9.485322403907775479e-02
9.489845824241638361e-02
9.473354268074035689e-02
9.490694880485534002e-02
9.479762840270995750e-02
9.496698307991027765e-02
9.490141415596008156e-02
9.494729351997376054e-02
9.482303285598754627e-02
9.498812913894653931e-02
9.549479389190673739e-02
9.490114283561706943e-02
9.494845128059387074e-02
9.481964159011840865e-02
9.492128801345825484e-02
9.497835659980774503e-02
9.512534403800963767e-02
9.494255971908568958e-02
9.491127085685729936e-02
9.492116165161132435e-02
9.484188175201416215e-02
9.488535785675049350e-02
9.505263423919677046e-02
9.496466350555420044e-02
9.495050215721130560e-02
9.496492314338683682e-02
9.512150144577026512e-02
9.494438600540161532e-02
9.491797280311584095e-02
9.503825592994689930e-02
9.486884784698486339e-02
9.480926060676574119e-02
9.487037849426269154e-02
9.486177945137024003e-02
9.483600974082946611e-02
9.483048963546752974e-02
9.467944693565367997e-02
9.460895276069640480e-02
9.471616768836975397e-02
9.473215651512145730e-02
9.446150612831115401e-02
9.446566200256348300e-02
9.464820575714111284e-02
9.501025509834289118e-02
9.502588081359862604e-02
9.497221398353576649e-02
9.501646256446838468e-02
9.485961580276489058e-02
9.501753306388854847e-02
9.490463662147521906e-02
9.491042113304137828e-02
9.501358842849731701e-02
9.504827451705932795e-02
9.493652582168579657e-02
9.494543862342834373e-02
9.494731163978577249e-02
9.495908975601195789e-02
9.488890814781189564e-02
9.495037674903869518e-02
9.510537409782410245e-02
9.512969684600830478e-02
9.499934697151184160e-02
9.501820898056030640e-02
9.494430017471312822e-02
9.499104118347168058e-02
9.499053263664244962e-02
9.492284202575683449e-02
9.492486286163330511e-02
9.498405814170837735e-02
9.511610054969787953e-02
9.513040137290953990e-02
9.519037485122680553e-02
9.529927992820740046e-02
9.521087336540222379e-02
9.524053859710693293e-02
9.518027949333190962e-02
9.510547780990601108e-02
9.522524929046630171e-02
9.523944592475891424e-02
9.527150654792786166e-02
9.532170200347900302e-02
9.523505759239196677e-02
9.527087092399597057e-02
9.529353690147400469e-02
9.522656583786011375e-02
9.535780954360961736e-02
9.548922109603881492e-02
9.538185143470764848e-02
9.528298211097717407e-02
9.544376707077026345e-02
9.537424778938292935e-02
9.531580138206481589e-02
9.522651815414429066e-02
9.521250987052917725e-02
9.531911325454711648e-02
9.550963568687438621e-02
9.532629752159119119e-02
9.530816340446472690e-02
9.539008855819702815e-02
9.545134115219115756e-02
9.537567448616027233e-02
9.534981012344360962e-02
9.528168940544128052e-02
9.540601444244384277e-02
9.551611638069153198e-02
9.536056852340697720e-02
9.544735264778136941e-02
9.536375927925110074e-02
9.532347202301025280e-02
9.535776042938232111e-02
9.534977102279662553e-02
9.537619781494140192e-02
9.539782094955444325e-02
9.534902858734130293e-02
9.538180851936339799e-02
9.545584464073181286e-02
9.537490606307982843e-02
9.538445186614989690e-02
9.542947983741760509e-02
9.545604062080383090e-02
9.538576030731200917e-02
9.537113213539123724e-02
9.546775460243224487e-02
9.554138517379760775e-02
9.556715941429137773e-02
9.553865790367126187e-02
9.538819837570190752e-02
9.544131016731262351e-02
9.557928967475891324e-02
9.562546157836913918e-02
9.562127852439880615e-02
9.557131719589233299e-02
9.534457492828368741e-02
9.520202088356018166e-02
9.472995233535766446e-02
9.453843116760253518e-02
9.455898213386536300e-02
9.473749375343322454e-02
9.465263795852661699e-02
9.467524385452270874e-02
9.474833655357360607e-02
9.476155281066894753e-02
9.485103154182433771e-02
9.461555719375609741e-02
9.465681242942809714e-02
9.458050823211669456e-02
9.469362688064575373e-02
9.463139533996582642e-02
9.466810011863709129e-02
9.468355202674866300e-02
9.465854001045227728e-02
9.486702966690063743e-02
9.481064510345459106e-02
9.469743609428406261e-02
9.465625095367431741e-02
9.484190726280213035e-02
9.484805941581725408e-02
9.489804983139038530e-02
9.570882344245910944e-02
9.546605467796326350e-02
9.565278983116150269e-02
9.557963323593139660e-02
9.559293913841247770e-02
9.564542675018310181e-02
9.556211829185486117e-02
9.550129508972167447e-02
9.550843906402588235e-02
9.555488944053650013e-02
9.556410956382752064e-02
9.576301980018615823e-02
9.572459840774535933e-02
9.575044989585876354e-02
9.565872955322266002e-02
9.561327266693114835e-02
9.574517273902892478e-02
9.570707535743713801e-02
9.564042019844054554e-02
9.567570972442626664e-02
9.566739201545715332e-02
9.581303191184997736e-02
9.566460394859313543e-02
9.563400197029113536e-02
9.581146311759948520e-02
9.579175710678100586e-02
9.581913590431213879e-02
9.563977074623107588e-02
9.578971481323242387e-02
9.602170801162719649e-02
9.584884858131408059e-02
9.568925833702086881e-02
9.563236665725707852e-02
9.569659376144409868e-02
9.578263688087462757e-02
9.568727278709411588e-02
9.581914281845092807e-02
9.568605947494507324e-02
9.575551271438598189e-02
9.578602385520934570e-02
9.597520065307617310e-02
9.583704900741576993e-02
9.579823303222656516e-02
9.596913981437682484e-02
9.585151100158691151e-02
9.577660250663756758e-02
9.582500338554382491e-02
9.586210274696349565e-02
9.600815296173095814e-02
9.587287521362304610e-02
9.604519438743591708e-02
9.598125362396239812e-02
9.592070555686950384e-02
9.602417588233948254e-02
9.577837681770325073e-02
9.598762583732604881e-02
9.588824486732483443e-02
9.610359334945678400e-02
9.593694472312927490e-02
9.598746299743651789e-02
9.601584291458130360e-02
9.595101809501647983e-02
9.592558169364928666e-02
9.581967449188232011e-02
9.587208175659180098e-02
9.585130071640014793e-02
9.600076842308044589e-02
9.594799280166625699e-02
9.592752742767333973e-02
9.608158397674559925e-02
9.585003066062927624e-02
9.602977919578552235e-02
9.592410922050476074e-02
9.594955205917359009e-02
9.590445828437804687e-02
9.604523897171020341e-02
9.580145573616027921e-02
9.574879455566406850e-02
9.560188245773315607e-02
9.576627588272094982e-02
9.567822122573851895e-02
9.562173151969909080e-02
9.555557084083557418e-02
9.562836742401123469e-02
9.557604146003723100e-02
9.545314979553222445e-02
9.575099730491638816e-02
9.564176297187805542e-02
9.549670672416686601e-02
9.561577916145325151e-02
9.559792470932006181e-02
9.559746003150940141e-02
9.550129556655884144e-02
9.562315607070923096e-02
9.561772823333740401e-02
9.554615783691405850e-02
9.566377067565917658e-02
9.563599181175232167e-02
9.575764632225036710e-02
9.562098312377929898e-02
9.574124050140381259e-02
9.579512691497803212e-02
9.562985444068908270e-02
9.554497766494750299e-02
9.569750642776489458e-02
9.566843032836913618e-02
9.574318122863768876e-02
9.576606678962706898e-02
9.569751048088073753e-02
9.570584845542907948e-02
9.570461606979370484e-02
9.569014883041382369e-02
9.576506352424621338e-02
9.577229094505310125e-02
9.575414609909058128e-02
9.596080565452576316e-02
9.588207912445068093e-02
9.591687726974487682e-02
9.589507126808166637e-02
9.594078564643859774e-02
9.586332035064697166e-02
9.585172367095946833e-02
9.590606307983398637e-02
9.586018037796020796e-02
9.590481138229370317e-02
9.618902802467346747e-02
9.595366215705872226e-02
9.584891200065612238e-02
9.588709330558777000e-02
9.588786554336548029e-02
9.594502329826354314e-02
9.597744441032410312e-02
9.591477179527282959e-02
9.578071045875549694e-02
9.578055548667907537e-02
9.582742500305176103e-02
9.589257597923278587e-02
9.591422867774963834e-02
9.595149326324463324e-02
9.603917288780212946e-02
9.595666122436523338e-02
9.603586649894714500e-02
9.606293535232543479e-02
9.614266037940978615e-02
9.601948428153991855e-02
9.603036761283874345e-02
9.596881246566772716e-02
9.623118448257446389e-02
9.618363428115844771e-02
9.609715819358825850e-02
9.614151144027710538e-02
9.627172255516051880e-02
9.616325330734253052e-02
9.629131865501404375e-02
9.648415994644164717e-02
9.624974179267883900e-02
9.602941107749939087e-02
9.611241030693054577e-02
9.607736277580261608e-02
9.624390864372253662e-02
9.623792123794555620e-02
9.633341312408447155e-02
9.615782856941222645e-02
9.617583370208740434e-02
9.633425450325011630e-02
9.607037401199340632e-02
9.621018242835999157e-02
9.615289688110351118e-02
9.613471031188965121e-02
9.604530405998229492e-02
9.638868093490600419e-02
9.649705290794372003e-02
9.632040810585021373e-02
9.648014092445374168e-02
9.639123535156249312e-02
9.676237201690673917e-02
9.656385231018066451e-02
9.637624907493591575e-02
9.634162926673889293e-02
9.614403104782104359e-02
9.586535358428954767e-02
9.564204049110412720e-02
9.569032716751098289e-02
9.588988757133483365e-02
9.582195734977722035e-02
9.571900606155395175e-02
9.582201290130615279e-02
9.571958947181700983e-02
9.576117110252380105e-02
9.595424032211304077e-02
9.580516171455383256e-02
9.580691528320312012e-02
9.585948753356933472e-02
9.583783364295959950e-02
9.577332949638366066e-02
9.578372430801392057e-02
9.573635315895080711e-02
9.587060379981994507e-02
9.596594977378845870e-02
9.572243928909301980e-02
9.584692025184630981e-02
9.684541726112365356e-02
9.662862277030945246e-02
9.661995172500610629e-02
9.668279600143432628e-02
9.662590599060058572e-02
9.684911441802979137e-02
9.683824110031127863e-02
9.700237774848938233e-02
9.681193661689758978e-02
9.677588677406311068e-02
9.659558463096618031e-02
9.668028306961060081e-02
9.669686293601989502e-02
9.663240456581115301e-02
9.665472102165222068e-02
9.660882258415222357e-02
9.678629422187805253e-02
9.679441428184509810e-02
9.670013666152954546e-02
9.677258467674255960e-02
9.668577504158019920e-02
9.673307704925536432e-02
9.678326296806336049e-02
9.674562025070190807e-02
9.684371113777161255e-02
9.687610721588134355e-02
9.688981008529663763e-02
9.677000498771667902e-02
9.672607636451721613e-02
9.710705232620239769e-02
9.740973806381225675e-02
9.743007540702819380e-02
9.728827905654907626e-02
9.719407510757446800e-02
9.711847448348999434e-02
9.745400595664978349e-02
9.696714401245117021e-02
9.706773948669433771e-02
9.704920148849487116e-02
9.694561338424682873e-02
9.682598185539245672e-02
9.699959206581115767e-02
9.692192292213440419e-02
9.705410981178283492e-02
9.710103702545165583e-02
9.711038756370544978e-02
9.707305765151977295e-02
9.694857287406921653e-02
9.693704390525817449e-02
9.692378449440001986e-02
9.695812249183655140e-02
9.777279520034790061e-02
9.687404656410217307e-02
9.711231923103331998e-02
9.734342765808105813e-02
9.700048947334290184e-02
9.733192586898803400e-02
9.738630151748657593e-02
9.732932543754577170e-02
9.721175718307495384e-02
9.779571223258971824e-02
9.853705072402954568e-02
9.745006704330444469e-02
9.747002172470092818e-02
9.767624020576476385e-02
9.753680229187011719e-02
9.727869844436645708e-02
9.757330656051635409e-02
9.749472761154175104e-02
9.766793274879455311e-02
9.735712122917175582e-02
9.719118976593017767e-02
9.814355301856994562e-02
9.777923512458801258e-02
9.780774641036987793e-02
9.764549612998962846e-02
9.803760600090026534e-02
9.768697738647461049e-02
9.818546104431152832e-02
9.775593137741088456e-02
9.805064153671264049e-02
9.706032562255859086e-02
9.704699873924255149e-02
9.754396343231201694e-02
9.816884565353393988e-02
9.824409508705139737e-02
9.773657441139221858e-02
9.761933827400207098e-02
9.760428833961486139e-02
9.788007497787475086e-02
9.798974823951721314e-02
9.716665601730346824e-02
9.720218658447266069e-02
9.723591709136962524e-02
9.749577593803405995e-02
9.722268390655518233e-02
9.757126975059508822e-02
9.718706297874450672e-02
9.714757204055786410e-02
9.752616953849792270e-02
9.760449409484862893e-02
9.738612890243530940e-02
9.856931233406067416e-02
9.758509707450867265e-02
9.734010982513427446e-02
9.745181322097778986e-02
9.753144645690918491e-02
9.761680173873901745e-02
9.764347553253173440e-02
9.727339982986450695e-02
9.757685995101929299e-02
9.734989309310912442e-02
9.734669160842895907e-02
9.738489842414856101e-02
9.751640534400940474e-02
9.772047066688537009e-02
9.741516995429992665e-02
9.806401610374450295e-02
9.843442225456237871e-02
9.809370923042297352e-02
9.857882571220398515e-02
9.821600079536438321e-02
9.826220655441283980e-02
9.808737587928771651e-02
9.871376872062682939e-02
9.804014921188354548e-02
9.876725625991820967e-02
9.856838870048523216e-02
9.832883358001709428e-02
9.817152118682861972e-02
9.845024871826171808e-02
9.790389227867125899e-02
9.868821549415587868e-02
9.827393770217895952e-02
9.843646717071533048e-02
9.809114885330200151e-02
9.773731279373168435e-02
9.779901552200317982e-02
9.785402917861937833e-02
9.772098016738892112e-02
9.764376449584960538e-02
9.745541310310364136e-02
9.760994553565978393e-02
9.769894981384277810e-02
9.763151168823241965e-02
9.742798280715941894e-02
9.754864215850829468e-02
9.752994465827942439e-02
9.751647233963012251e-02
9.744499802589416670e-02
9.737208151817321189e-02
9.753107285499572343e-02
9.753518724441528898e-02
9.762888717651367620e-02
9.762823128700257036e-02
9.778422451019287698e-02
9.751925897598266724e-02
9.771085977554321012e-02
9.762255024909972934e-02
9.769689989089966331e-02
9.786426782608032005e-02
9.771223306655883734e-02
9.762309408187866411e-02
9.826687979698181530e-02
9.768734216690062866e-02
9.747503018379211071e-02
9.754782390594482488e-02
9.767846679687500200e-02
9.765813374519348444e-02
9.754692125320434115e-02
9.760098099708557073e-02
9.768567132949829146e-02
9.769762063026428411e-02
9.773017215728760365e-02
9.770240020751953802e-02
9.774028205871582164e-02
9.772305846214295044e-02
9.771371436119079268e-02
9.769080281257629117e-02
