1.500159046623160748e+02
1.357337298034672699e+02
1.619541419776237205e+02
1.701595518254988519e+02
1.655284840514759708e+02
1.694733300039016797e+02
1.701875986034893060e+02
1.489320063357315291e+02
1.295206218146223307e+02
1.158833299638090892e+02
1.198659354990781765e+02
1.244706745841786386e+02
1.248901514591321984e+02
1.297603067365039351e+02
1.232081458909470513e+02
1.240688944762260348e+02
1.192806244229787609e+02
1.057938819433771158e+02
1.035426585770451453e+02
1.387494694224810132e+02
1.006333211999198056e+02
1.220960427379094426e+02
1.249268866476767244e+02
9.805156565790053946e+01
1.223732594253231127e+02
1.240332209022967760e+02
1.388828970320219582e+02
1.105601164496192155e+02
1.058841045814971551e+02
1.003905073267440002e+02
7.427151409320002529e+01
1.285304200298240573e+02
9.402451249295926061e+01
9.121965055012951495e+01
9.290519876969017332e+01
1.030887919943971696e+02
1.091586520083549487e+02
1.078524631012179498e+02
1.057947520342041798e+02
1.077012834341037433e+02
7.859895913846973770e+01
1.058535043846405017e+02
8.035958097411923973e+01
8.656382418242415611e+01
9.447284322793608169e+01
1.004655107248839130e+02
5.887806435940460403e+01
8.098052572371280178e+01
7.328211924505302477e+01
9.461286000763372783e+01
7.090085898846628254e+01
3.482901464484822185e+01
3.845702675548529470e+01
5.402148792269472466e+01
4.388224858146146090e+01
4.660585263191837413e+01
5.057030495396419667e+01
4.102840734177853221e+01
5.279230837305195223e+01
4.050414985626271402e+01
3.585927494154874040e+01
3.022778247797745976e+01
4.106654467874127334e+01
5.327088295751504887e+01
3.349984566145190001e+01
4.813047808307018727e+01
3.243772144828758286e+01
3.101773836625036651e+01
4.367340234049026293e+01
2.682771812644160292e+01
2.795975931309728324e+01
1.938124163441331760e+01
2.572860298433040782e+01
3.010715311665359195e+01
2.616170581102111825e+01
2.760492529149317065e+01
1.789209097243703894e+01
1.631172312520249079e+01
2.788902605156308923e+01
2.203468319588580471e+01
2.886219958822541543e+01
2.211134425709191831e+01
3.059665755466394899e+01
1.612043997850290467e+01
2.204538715492028800e+01
2.159864382358561485e+01
1.816624858120557562e+01
2.181541542363910935e+01
3.773417551079474208e+01
1.884186068307077022e+01
3.019242267994440709e+01
2.082817518686176328e+01
1.901620414660668956e+01
2.540877015792046834e+01
1.979094297301925920e+01
1.924838513935761952e+01
2.248171183932492312e+01
3.010693992907822292e+01
1.504963040629860949e+01
2.696290146792567910e+01
2.482559695540068034e+01
1.831545283799960799e+01
1.575065272840993913e+01
2.428022809771554691e+01
2.097541971744325551e+01
1.505161456331247649e+01
1.797062314516371373e+01
1.848150253758215200e+01
1.449707300114497244e+01
2.024483856432253148e+01
1.659082442731443763e+01
1.651483022584065097e+01
1.516977315867043252e+01
1.492295016447186562e+01
1.677643686853394911e+01
2.153637714950588844e+01
1.563253390855695990e+01
1.709864901487900823e+01
1.330677451950495538e+01
2.375184677511627740e+01
1.603327956365220430e+01
1.528591218168958932e+01
1.784721826847905390e+01
2.206215740801684078e+01
1.435507934258524187e+01
1.971678711848691634e+01
1.278371261116227764e+01
1.558107716752896366e+01
1.364484043385131784e+01
1.758126275363860813e+01
2.635153417172194779e+01
1.389010474336532930e+01
1.162359468420540232e+01
2.018623757289447340e+01
1.655108627318493930e+01
1.968771630032324182e+01
1.814985382131252578e+01
1.828820906621870535e+01
1.805432943732706974e+01
9.625505953372437418e+00
1.387484222462121508e+01
2.124497794931787098e+01
1.922415411850148814e+01
1.395069845888723314e+01
1.439749653974059740e+01
1.880876753002046442e+01
1.684587389975216354e+01
1.623676615899044862e+01
1.199351161989192427e+01
2.095953422834693569e+01
1.576944835048644578e+01
1.384232462212894532e+01
1.386289969200356431e+01
1.288221884003335838e+01
1.365093019706204025e+01
1.047262030583981840e+01
7.533298431000475581e+00
8.530096132819442900e+00
1.212632572686560550e+01
1.132917334493386541e+01
1.755889364892538040e+01
1.123491283209221159e+01
1.712507012425955466e+01
9.792829415515548419e+00
1.811835773025487839e+01
9.692087076303327109e+00
9.085042117049296095e+00
6.331431113031584346e+00
1.238544241885192676e+01
1.710925596434262275e+01
1.693131400174704382e+01
1.052727440878281939e+01
1.323759688480425289e+01
1.425668393296916392e+01
1.327876102628020760e+01
1.372110308817470248e+01
1.455279645928322374e+01
1.813760432081538454e+01
6.895682474502687676e+00
1.208434127237768507e+01
1.297766509384698530e+01
1.374229142041690999e+01
1.889069736259736132e+01
1.349145223252308057e+01
1.461530461597889641e+01
1.045145811147087755e+01
1.124166729700304224e+01
1.035366325519649955e+01
7.442331013109715343e+00
1.054863972237907532e+01
1.576435086911991235e+01
9.746792836571975371e+00
7.497551133082521524e+00
1.414391105461731613e+01
1.007675889555179616e+01
7.431238677241059243e+00
1.479087438869563798e+01
1.273184105524382304e+01
8.217855459879588764e+00
6.615463392723448521e+00
1.108298036530009156e+01
1.880981593964724041e+01
1.139345043180596306e+01
1.036090818328159635e+01
7.635187869933388605e+00
1.023938987740379147e+01
9.834975778685908665e+00
1.881435824389181022e+01
9.467327275708145251e+00
1.296828129590205947e+01
9.890739614151371484e+00
7.008648095300496372e+00
7.865021230937802699e+00
9.592600048181330052e+00
9.639673164936558791e+00
1.164968453912080015e+01
9.832187691580012157e+00
6.368798212272837489e+00
1.289708148741463845e+01
6.461393451354561002e+00
1.246828596843058357e+01
6.037740809632311745e+00
9.705954100782921756e+00
8.929303325818878534e+00
1.100512947569691313e+01
4.770571559054225474e+00
1.196835464890734357e+01
8.026691443105104184e+00
9.826824898422433563e+00
7.781513850192777859e+00
1.014039104725139495e+01
1.248774999985644207e+01
5.385392313999402880e+00
1.055900361519900521e+01
6.590702829477327107e+00
8.453295408107511122e+00
1.496369043055244141e+01
1.000814583154084403e+01
1.250365507839007684e+01
1.138412202254922256e+01
7.753045290427796665e+00
4.941176976298262247e+00
8.911138751279805703e+00
5.908079705815127980e+00
8.700400103853970890e+00
6.909563683232497588e+00
8.387869126751148485e+00
6.562793778602407535e+00
7.735759973893551411e+00
7.336915397982897602e+00
1.189572724228092504e+01
9.159091028776007448e+00
1.083576808560409965e+01
1.121745233226060101e+01
6.048057712470967573e+00
1.255729072285174297e+01
4.323298018854488944e+00
6.546687616237117702e+00
7.023441971984787813e+00
1.332148652841305747e+01
1.076822757831121535e+01
9.196363645196699466e+00
8.354859477552606606e+00
8.403841725278532238e+00
5.586587436493138270e+00
6.894487244631367417e+00
6.216196389316587023e+00
1.654685724573606009e+01
7.957349859763576561e+00
1.011269364808305937e+01
1.300541056092904313e+01
9.089945932650618232e+00
7.667343700546159546e+00
1.156649172564771000e+01
6.910972442434698770e+00
9.173292482542532156e+00
8.998671321800886247e+00
7.766334646114164464e+00
9.919276306115763830e+00
7.788152108760557191e+00
9.183242436334513314e+00
6.834867361518203843e+00
9.912811428770684330e+00
7.079069866726792171e+00
6.710475822095411047e+00
6.763612654081001985e+00
8.798250238712371996e+00
5.498995054222510781e+00
7.410125595929334175e+00
6.174465798368544256e+00
9.346483127009568292e+00
1.077128659588784032e+01
1.000739185236989037e+01
1.262649319878118881e+01
8.582360136999039213e+00
5.844859201797292236e+00
8.924085476850201815e+00
7.993475466572490973e+00
1.095483999028618349e+01
7.008125804500201284e+00
6.893952500806042494e+00
5.227121256820154827e+00
4.613427119654519792e+00
6.527225799818212160e+00
7.506004885117341985e+00
1.063644834371942949e+01
9.869192363027568859e+00
1.237688154687603159e+01
5.574454163665120809e+00
8.078273390266703657e+00
7.582172051423259340e+00
8.464004073243996729e+00
9.893648215120357747e+00
7.535199299889340452e+00
1.640656060319569320e+01
1.053549118639446824e+01
9.208458493471347595e+00
6.988052658088362179e+00
9.097489803288898003e+00
5.220087887618496403e+00
7.141979177343312557e+00
9.399413700017104745e+00
9.034305473709677514e+00
8.124428775540302183e+00
8.275092302734080363e+00
7.567325902401365489e+00
7.651519057611662511e+00
1.115408143075879543e+01
9.120300800293309251e+00
7.791481241205823416e+00
1.467584799903325177e+01
7.515869993370358770e+00
5.596941003464132258e+00
9.843257576112163676e+00
8.059225436995470560e+00
1.052119698321251917e+01
8.850863615052313449e+00
6.120734136982576956e+00
1.064735473763747287e+01
1.133910125562932691e+01
6.931545386611280612e+00
6.471108642796926880e+00
1.037264060529325427e+01
6.936128915967214148e+00
9.925853397944424117e+00
5.529839416481825864e+00
1.099679899358608104e+01
5.246947716173547605e+00
5.731192751199778890e+00
7.527676395902767936e+00
8.190312076898917937e+00
7.322955463331418002e+00
6.276959049952052894e+00
6.134557286751214811e+00
5.615159284934696515e+00
7.897893977105243657e+00
7.997356106766448924e+00
4.160723905454992710e+00
5.418228227823238541e+00
7.489349755016275978e+00
4.373723759501738861e+00
7.154369661889604437e+00
7.999392053869104124e+00
4.849176277820638425e+00
4.527737516299070286e+00
5.817658097591467126e+00
1.098390577123678824e+01
6.457671958563570236e+00
4.521598482006321973e+00
6.236884186289985976e+00
6.340086947575338527e+00
5.001779908812960862e+00
5.523078512937491524e+00
9.292459105030376421e+00
6.955907520960696644e+00
7.122278908067819714e+00
6.812177381928195885e+00
4.341631891011939359e+00
7.910423133354557379e+00
3.929109502252665642e+00
4.273752516252718792e+00
4.377410073808779778e+00
5.025658136301688117e+00
4.336242164457374315e+00
7.876936976647713529e+00
8.512981593317070050e+00
7.562625491966402436e+00
5.452536353931045632e+00
7.691908099614688687e+00
6.040345899431674326e+00
3.693516419458354072e+00
6.586657263356284986e+00
4.691376201445655703e+00
6.069030537612310816e+00
4.995651744591236287e+00
6.637203442035079171e+00
5.816995036151579868e+00
6.051520393286335064e+00
5.691227423152024123e+00
8.763889973399072275e+00
5.854319492769080036e+00
4.309808614247641501e+00
5.284857447009809306e+00
4.672694970985391549e+00
5.723961744670391205e+00
5.367606690448726958e+00
1.161084793967712869e+01
4.341486431089659703e+00
6.310735801086783781e+00
5.232300401306640758e+00
6.188142044981518985e+00
8.246243552603706561e+00
5.138099892856855533e+00
5.986049809704677038e+00
4.990208230450035032e+00
4.360678296012474142e+00
5.422466379400032288e+00
4.677415430744333413e+00
6.443527020755668744e+00
4.100362470512087576e+00
4.457640132244502951e+00
5.466081943615969330e+00
6.831910555585809952e+00
5.219890426258532834e+00
8.020321723422338067e+00
7.712281784979861499e+00
7.437508782788354367e+00
5.550781476806420756e+00
8.706954811889488610e+00
5.149469167524473256e+00
5.906637624433133560e+00
6.051670440708227794e+00
1.048245895324726007e+01
6.062880160574823485e+00
3.368393930669922209e+00
6.576867950523538120e+00
7.416855624788468049e+00
7.708284725442664964e+00
4.997323270573057918e+00
6.119534817250150027e+00
4.093179582897222168e+00
6.035214364152505340e+00
6.998873523834680199e+00
5.219858158666518477e+00
5.789895473760309663e+00
1.634875501414513721e+01
4.314145894805926140e+00
7.038396402204786462e+00
5.635490500476860731e+00
7.933391941687868432e+00
3.279231677829890224e+00
4.320728892319611880e+00
3.559189760879007292e+00
1.149647089445212167e+01
3.784253457732418724e+00
5.677416363263343868e+00
3.618264704233149498e+00
6.340714195527214159e+00
4.803239835506765587e+00
3.694512653399654400e+00
3.496562562594283552e+00
6.270174196370693842e+00
8.708339918168853444e+00
7.797829957645128651e+00
5.628331025890881634e+00
6.411768699553775264e+00
1.095114908215339966e+01
3.697832245628185799e+00
4.118722397174420458e+00
4.770639558340036501e+00
3.798372910774717948e+00
4.199175737930032071e+00
6.246854537541516095e+00
3.329355446783925476e+00
8.016357392898949996e+00
6.681143569742296506e+00
7.312961105281913454e+00
4.389540566264142463e+00
9.054262443934851134e+00
4.238607079852656945e+00
4.543944298871945620e+00
9.424221207101135533e+00
3.251944066254690124e+00
5.259890924897008269e+00
4.173230139536389771e+00
3.718422678988791752e+00
6.346752235702558309e+00
4.706249482748793511e+00
6.230460699753939124e+00
5.103737853622564380e+00
3.420709726156116126e+00
3.553826461498581057e+00
4.213176066883471904e+00
3.755022807319940092e+00
3.098119830746143943e+00
4.978838329231842330e+00
4.314747969930417426e+00
3.251086600662944637e+00
5.196790875905313634e+00
5.987803877912263317e+00
3.215006239267676591e+00
3.874650743402226816e+00
4.876004592038318819e+00
5.942936816373051379e+00
6.378530311622686355e+00
5.084975098073393873e+00
4.884951738638688923e+00
1.186616781529711773e+01
4.339142960762786494e+00
5.422966007232385088e+00
3.806781111317661281e+00
5.786180031438574289e+00
4.762294469620813153e+00
5.036057790093528830e+00
7.903682670156995549e+00
5.187771330213233334e+00
4.226522302934116126e+00
5.374100620340551693e+00
9.326496187374997859e+00
6.239835482349203488e+00
7.714795662475125937e+00
6.373005630106828079e+00
4.255280127025465653e+00
2.989165864115840954e+00
6.649632133632492170e+00
5.184099050034210343e+00
5.001236588087078161e+00
5.917463588796403329e+00
4.725596140464016770e+00
6.296171053238517779e+00
3.536922341730599495e+00
5.922766658130441009e+00
4.347975033567541558e+00
4.195448742634443562e+00
8.746042847422701882e+00
2.929412583716534790e+00
3.415460367236210271e+00
7.313922851193184194e+00
5.142365768285637628e+00
3.229077859980648224e+00
5.177166137908717047e+00
1.094795741235757092e+01
5.067811833201251837e+00
4.105917873774838966e+00
5.341569026481188587e+00
3.090113000867418691e+00
7.284777134083654460e+00
6.113350610764018533e+00
5.701421902274511844e+00
6.035506126286426465e+00
1.126315770427532570e+01
6.141735624004988736e+00
4.686021500850927168e+00
4.251883471045938556e+00
4.984478292915714981e+00
3.996603843536878475e+00
2.392998285801456237e+00
6.026489606834652513e+00
6.028587005549252531e+00
3.746319266677001103e+00
6.885872139068124120e+00
4.352766055126962463e+00
3.457523935524870140e+00
3.837996026308317266e+00
3.541382246171157266e+00
3.583720097140927319e+00
4.795266905159198068e+00
5.559636501657699625e+00
5.161943830084847029e+00
5.258440250145549832e+00
3.462276346984021647e+00
3.186555221130753068e+00
4.796272240792936792e+00
4.351655998087384347e+00
4.502229165278365919e+00
3.448138993956652687e+00
4.407631063023410789e+00
3.654604588659456699e+00
3.050713251032344253e+00
6.034994461843136371e+00
7.720851406518045579e+00
6.510713577019268783e+00
5.196771967928868641e+00
4.779720149017747666e+00
3.230358662262689862e+00
4.565672322264362926e+00
4.271807362432901378e+00
5.023617254185754888e+00
3.578302052878511219e+00
5.129569519425655422e+00
3.771454190094575942e+00
4.096489547874931247e+00
5.532179978554167654e+00
6.227627249577238899e+00
5.369953469294866721e+00
3.421097775981476463e+00
3.014897104085830559e+00
5.163483457040967117e+00
4.867214237185092607e+00
6.033139276014914287e+00
2.602375433541237015e+00
3.930378187371406984e+00
3.881904405486109155e+00
4.546417773791650241e+00
5.895080672658258081e+00
4.360156387570586212e+00
3.874917399975696508e+00
4.987766103343980184e+00
3.010762836980460211e+00
3.508129293420246153e+00
4.994997210168156343e+00
3.061625033752467751e+00
2.528394548339481407e+00
4.994123396328149944e+00
6.937224376750497967e+00
2.569281447547389519e+00
4.027669622844887165e+00
3.522874389062537581e+00
4.245638084449407934e+00
3.255844307029301721e+00
2.834036431937190237e+00
3.301227054374590075e+00
3.052289515069201542e+00
4.440613062252743326e+00
4.160788339435059768e+00
5.342158538532062906e+00
1.179023805669385894e+01
3.362288224846723406e+00
5.331096770367565796e+00
3.178941154262255431e+00
4.238181242051547670e+00
4.277214719103079155e+00
5.465788861170985058e+00
3.407601394171841491e+00
4.545289520376710968e+00
2.762472498379528130e+00
3.752644033784649391e+00
3.885903509612107509e+00
4.420581922526678476e+00
4.090510109369715153e+00
3.146913151130636965e+00
9.723087010394282359e+00
6.849819085174515543e+00
3.552832757010353504e+00
4.822575808918883489e+00
3.031089741107742874e+00
8.839450632269018726e+00
3.352726515930256390e+00
3.199530104533626407e+00
2.978048502672585141e+00
5.351010675998041144e+00
5.381948251034659236e+00
5.974027399795791560e+00
6.610406810537184263e+00
3.715842754868634135e+00
4.315709082157393794e+00
3.154499703774312547e+00
8.331762842844964823e+00
3.209475291826544563e+00
6.835919459141877930e+00
3.584679213159971845e+00
3.649010250889898721e+00
3.169366710047755387e+00
3.086790584567812079e+00
2.743338395638553084e+00
4.444912884211323245e+00
9.593827786325471507e+00
2.544051245155849017e+00
5.600390274877122820e+00
4.756446015790833037e+00
4.788816985887571320e+00
5.082585090039175135e+00
6.970917381015182102e+00
4.565251857575651329e+00
2.924542182032245474e+00
5.962901284803502122e+00
4.015743986979639857e+00
2.846793370585189553e+00
3.395131735098618986e+00
5.105515020674547877e+00
3.780897349678638886e+00
5.611074870332290132e+00
2.683552880872172253e+00
3.726158990158817019e+00
4.141300186335823419e+00
3.784819656937750576e+00
4.019530042926893643e+00
3.333090606887081808e+00
5.028035226531336832e+00
5.480779500939130244e+00
3.242096205183356616e+00
3.874809936750514439e+00
6.872032073280249342e+00
3.595557746965563961e+00
3.408654559055237954e+00
3.159315991371837384e+00
2.405799154374928417e+00
4.585063112598286139e+00
2.420217467251619237e+00
5.921300785172403103e+00
3.690387409688588249e+00
3.823828066988358199e+00
3.946609109854688491e+00
5.773176722477634470e+00
6.308745086696890603e+00
6.295663321452364514e+00
5.932490921045698862e+00
6.243660939691419998e+00
3.936909850407931177e+00
4.490960837230223213e+00
7.677076450370702076e+00
6.264532312141296799e+00
3.550072904606689672e+00
1.707199358472113104e+01
2.252918763566872684e+01
4.054710876154532073e+00
4.737375303941382398e+00
4.162321053703217366e+00
4.064455049280624621e+00
4.267238181734278157e+00
6.609205897002019547e+00
3.368287433088195115e+00
4.245448468507197148e+00
2.105575868846577769e+00
3.459456029652533626e+00
5.788872627836266993e+00
6.205013802326608818e+00
5.936580353542980859e+00
3.309238979728827523e+00
4.152176625900574791e+00
2.702461036698196928e+00
3.352679729239647521e+00
2.779341693360419363e+00
3.948782982251230145e+00
2.716793023613372604e+00
4.574661525507365489e+00
4.100748882990147948e+00
5.496994276357821896e+00
4.096075719066551990e+00
4.448956683390200340e+00
8.321374646841038114e+00
4.321678424148549524e+00
3.536689987659231260e+00
7.010481910554317686e+00
4.195176554943973457e+00
3.561277193409566610e+00
4.948288782074629744e+00
4.646849897201134283e+00
5.392350917185261494e+00
4.357769547852969438e+00
4.062320261118943954e+00
4.926936802351799649e+00
2.803827173384349170e+00
3.479249111420622320e+00
5.311492096309383903e+00
5.934410399674525216e+00
3.913376537860550730e+00
8.568961756124190643e+00
4.418169102644388779e+00
5.805047200571590515e+00
2.700112823827734765e+00
6.123232429411508804e+00
3.437382663784438463e+00
6.223175753252327524e+00
4.914818710873327667e+00
5.292115985907709153e+00
4.955246048303015627e+00
2.312367349958512008e+00
2.575315351309658052e+00
4.838441447510492210e+00
3.635036559500392173e+00
3.457903695749507289e+00
4.717725425843928733e+00
4.423492293464193814e+00
2.672243363203800737e+00
7.773321887704223165e+00
2.552746680852103545e+00
4.319690778311852775e+00
3.352018353754305124e+00
6.340820421815238639e+00
3.776919486477521293e+00
4.050183739595111909e+00
4.171762214732556373e+00
3.985665398212949739e+00
3.313484614168917375e+00
5.297073495777520513e+00
4.170796869593340617e+00
3.221317844137404851e+00
4.903464558799964124e+00
3.277008371705881107e+00
3.955425385824500317e+00
5.418430774467518418e+00
4.321943926938657476e+00
7.755696098395953975e+00
2.073504574064456918e+01
7.804537581663063328e+00
3.119122207600478092e+00
5.028194465147540093e+00
6.147950586768779146e+00
3.269974643519067747e+00
5.016421126755136406e+00
6.041190987004019242e+00
4.070750259743589616e+00
3.302265847339810989e+00
3.443979159643574928e+00
3.204804874933412595e+00
8.350609973049024859e+00
6.501580681374972137e+00
2.817506508980571311e+00
2.872950375511771792e+00
4.988889909540357159e+00
7.086146066509813934e+00
2.709940122559884035e+00
4.038922132856270331e+00
6.266200892449506732e+00
8.080539125071952711e+00
4.774815427314530680e+00
6.094264084652302849e+00
6.322489060801763650e+00
5.364261288186231269e+00
4.789953978265118373e+00
1.111122890990948164e+01
5.766984311099466076e+00
3.181599757987481514e+00
2.874293477334244784e+00
5.296702733296744015e+00
3.667970786080229306e+00
3.307760888005324418e+00
3.565521145819929405e+00
9.082727293290187021e+00
3.123090621784125887e+00
4.129758740379321225e+00
7.978550628294867053e+00
3.362911445237093844e+00
3.360950332817082664e+00
4.671541401665708193e+00
4.519885085075245001e+00
2.747089753545984170e+00
4.314563506721253106e+00
2.627900837392652011e+00
3.570730638348703412e+00
1.152360838469297732e+01
1.136398247533106165e+01
3.220977301554639016e+00
4.177190882827204632e+00
7.752245217007735612e+00
9.979641789987724110e+00
4.458207780261020048e+00
6.679344294424239159e+00
4.723497181392765754e+00
4.932722078942767041e+00
4.094286118071238434e+00
3.094353770272599835e+00
4.344322374815937415e+00
5.095273755564314833e+00
4.395118533720460796e+00
2.888508600312689190e+00
6.003731572006315353e+00
1.367458463516462430e+01
5.154149631433027068e+00
3.249321634910091738e+00
4.626337358435521629e+00
6.112436693810466615e+00
2.717799850426083630e+00
3.551744851289366789e+00
4.797698332807412314e+00
5.983102401533061609e+00
2.957746283318938296e+00
3.869816784707230450e+00
5.062377710617189663e+00
4.067858727697144516e+00
5.370504680340724590e+00
5.442819985669330229e+00
7.798262785223045057e+00
3.114170335583990479e+00
3.284931903834873435e+00
7.184644269378908987e+00
6.307386412378225060e+00
6.553038235239164955e+00
3.364370375376745326e+00
4.672581519630861102e+00
8.109526791097115606e+00
8.801182111141942599e+00
8.231139067010946775e+00
3.203459891630345613e+00
2.766342046683636813e+00
2.623514859010759537e+00
4.178787807956694245e+00
8.895312827172679349e+00
5.189168634351067233e+00
4.785828533228433379e+00
2.975962454379559308e+00
3.443105220778749587e+00
3.477233738545110864e+00
6.538667984983787207e+00
9.393511069071555752e+00
3.150690041290907573e+00
5.056983252425470532e+00
3.006168020997725510e+00
5.325960765579956124e+00
7.743665338554626132e+00
5.422101644191033465e+00
7.505365118904880894e+00
5.770343113919194522e+00
3.095585077960419706e+00
6.342944427974468447e+00
4.838001267924827431e+00
1.224254453150437705e+01
4.980126021722466767e+00
7.022943365641610036e+00
4.625599036297079358e+00
3.134748167685679210e+00
4.146112734675862832e+00
4.308885384592626266e+00
3.571873549432344142e+00
1.051832170018592549e+01
5.553952928604569017e+00
4.419010073208847977e+00
3.673929503494164361e+00
2.338875262178699899e+00
5.126926743026350763e+00
3.043011828348051395e+00
3.227433697742828400e+00
3.603830872265791907e+00
5.799726273218686501e+00
5.508769375799752233e+00
1.124118812292740444e+01
4.097345906187627840e+00
4.628200493390508541e+00
4.893397736684441668e+00
4.391555626868845152e+00
7.889308783188590191e+00
4.933571327792214412e+00
3.190467787431003011e+00
4.200415026870552460e+00
3.828936453505046078e+00
8.245266747323018564e+00
4.849594928214843392e+00
6.789568124564229201e+00
6.241366621977029183e+00
3.432832938661132260e+00
2.875323465626367092e+00
3.824370549035781330e+00
2.922416235339532431e+00
3.973133416287023767e+00
5.312456397770938921e+00
3.772117362889153114e+00
5.373561189671914207e+00
1.172276126991281053e+01
3.633035292213662171e+00
5.562728479911140944e+00
7.878059199737879936e+00
3.350649141004564235e+00
3.684135074599493631e+00
5.023563555812127213e+00
5.256804868636572259e+00
5.089754247077178384e+00
4.049094299385684437e+00
2.477271222453284238e+00
5.138923726552421023e+00
6.810041318234152818e+00
3.805532293694552148e+00
8.163497651559961099e+00
5.589608297196637210e+00
6.238495895165473648e+00
4.250743337621137208e+00
6.102671392771547687e+00
8.221987519969777836e+00
2.430718161201615768e+00
3.424219409809566628e+00
4.247240767651512705e+00
3.368101560494342284e+00
4.488925363161791360e+00
3.641557735290189779e+00
4.131864784213979291e+00
6.021493158608581808e+00
6.512438562573875878e+00
5.983379984194323598e+00
4.273683740126958064e+00
8.749091466861136368e+00
4.990023804357040405e+00
4.286501237460193181e+00
4.650623747538470631e+00
3.390724143627702247e+00
2.995774567731673610e+00
5.723541718765358333e+00
4.002541741406565379e+00
3.157792503252094374e+00
3.452450311019060081e+00
4.954336140928016441e+00
3.219062407019436467e+00
6.030432603415761150e+00
3.724870570622170973e+00
2.849132398063647376e+00
5.386551803396918636e+00
3.230283456847189427e+00
7.511477065677014231e+00
4.740591476051106312e+00
5.209127618332304088e+00
