1.534646389820393608e+02
1.449466007515854074e+02
1.481124015718269504e+02
1.599517732942635746e+02
1.599322730048132541e+02
1.447420586006016947e+02
1.378188925277668773e+02
1.256949868406242672e+02
1.251129446488876056e+02
1.242418787438706005e+02
1.246282185321898766e+02
9.546476663185958955e+01
1.116163845774961345e+02
1.041995472019287234e+02
9.945520112557984760e+01
8.741977466298330057e+01
1.033565393864104180e+02
8.309874365846859234e+01
7.916957867205340449e+01
7.775597112583933779e+01
6.874286090877744471e+01
7.590200122659123849e+01
5.556899193690497896e+01
4.426546627633201325e+01
4.974563962876656120e+01
5.595224217997966321e+01
4.049410793604185699e+01
4.566787209070599118e+01
4.225403502900275754e+01
2.285444343405640311e+01
3.434702640585261690e+01
3.679503642704228383e+01
4.989373463037286172e+01
2.272163229749035196e+01
3.312994136548875446e+01
2.520129218466786369e+01
2.165075914743602326e+01
2.988348099462807639e+01
3.429992458371611264e+01
3.456034246513366526e+01
2.867055663912976726e+01
1.502772374016486800e+01
2.602792825286528355e+01
2.327621843202864937e+01
1.651788931919655923e+01
2.079211875460601178e+01
2.848132944527940680e+01
1.027547879921011820e+01
1.748587845820601672e+01
1.495487619641138721e+01
2.345434440488453731e+01
8.421172558820796183e+00
1.246710656490104974e+01
2.288948034321690272e+01
9.869735403613299596e+00
1.303417540865224389e+01
1.880620535019681583e+01
2.857726216054487622e+01
1.894380644099890176e+01
9.903867485086870204e+00
9.236244867034525186e+00
1.235760664515368212e+01
1.132144521736753973e+01
1.164767598563709505e+01
1.250488716724168015e+01
8.097035097045813146e+00
1.119573679943148115e+01
1.023070479026795532e+01
7.257284187125400798e+00
1.113492660478742913e+01
1.079116088559220188e+01
8.869694617578895546e+00
8.733322350718768945e+00
1.605969611980977163e+01
1.829259536062793146e+01
2.533408368351792106e+01
1.689339929094731829e+01
1.442333189682661754e+01
8.711589661655501970e+00
2.438950531738299787e+01
1.719646910959448149e+01
6.459359980735284168e+00
1.418149716869129584e+01
1.378600134314870473e+01
6.340027787544665117e+00
9.379132568802733161e+00
2.481572428863008639e+01
8.896901697382480378e+00
2.397189150642689270e+01
8.259907640683511687e+00
1.523941640568452449e+01
1.081413798790173075e+01
9.238156300808210375e+00
1.709628786396640976e+01
6.447727026014064222e+00
7.446814084598059935e+00
1.947103106076700030e+01
8.551508775409921270e+00
5.692242464778475508e+00
1.252465617656635288e+01
7.103109709801861626e+00
1.194453204199887608e+01
1.222801269356854448e+01
1.299798589655674874e+01
1.278578205084801667e+01
9.850766432549757923e+00
6.092111650846954163e+00
9.304488044803699509e+00
1.197531299876567168e+01
9.918275599850881363e+00
1.062706733953311833e+01
7.079440185370255989e+00
8.382686123598697137e+00
8.896980483425554809e+00
1.454897115165203303e+01
1.220286349922546165e+01
2.552213245089929217e+01
6.810620310166787483e+00
1.203012139660900814e+01
8.729878809542956475e+00
5.114067197867335324e+00
6.661384474553787349e+00
1.206064617926934801e+01
1.519425100739108281e+01
2.157015196996906070e+01
3.788282842965772801e+01
8.239557629780575709e+00
1.272415566717158519e+01
1.163651579027229666e+01
1.038583384227273498e+01
6.786232207144333728e+00
4.929525481622383687e+00
1.710591760952874907e+01
5.908705607853047326e+00
4.429374188633158127e+00
6.633129176219442869e+00
6.689034033733094908e+00
1.085527896797994885e+01
1.261674019365504051e+01
2.950349713871634805e+01
6.947620150613457390e+00
8.642362418207275354e+00
1.389442794582536678e+01
1.873129108590324066e+01
1.178957660502191729e+01
4.706233274219379759e+00
9.131651381775638399e+00
3.859776610945476083e+00
1.261102372781553527e+01
8.412927228741699182e+00
7.191870194900788604e+00
1.235096284553605805e+01
5.193495017656037938e+00
4.464080796224982883e+00
5.291917301856039479e+00
5.738845217480031735e+00
1.271802917179921089e+01
8.431218929063307499e+00
9.040619931997055048e+00
6.791019125423157554e+00
8.999877232701477325e+00
7.310249500127264710e+00
5.395910414842075120e+00
9.212572037400455827e+00
2.378609660971774531e+01
8.562339083554130426e+00
2.106298520100699534e+01
3.642808481812992216e+00
1.075248921539419200e+01
9.402224694943601691e+00
1.030202196021338779e+01
3.826980292368156000e+01
4.462490469504492019e+00
7.483541244873082476e+00
9.153912488841397632e+00
9.071036080234984311e+00
1.102572609638449386e+01
5.040014070623971776e+00
2.016440023320022235e+01
4.571639041956732541e+00
7.405178398954012309e+00
4.533322365321899916e+00
5.599540022956098539e+00
4.282808941117119517e+00
5.248743940869365687e+00
4.839503512522581374e+00
1.115814735802687174e+01
9.852127678337918582e+00
1.039079316205983083e+01
4.982492682215421631e+00
6.798413967464708385e+00
3.920186592554679716e+00
6.569649057097155520e+00
8.031440452305204758e+00
3.861143381577557321e+00
5.514047078021932613e+00
6.070777192546734646e+00
5.445701099290357838e+00
1.009812020438860536e+01
4.270153479929377660e+00
1.266773315721200532e+01
1.291917277189976865e+01
8.263773507176235711e+00
5.292120271628885320e+00
4.813420178646190095e+00
3.771732022370437587e+00
6.485058780579155524e+00
1.011795769788332322e+01
5.975954515226377772e+00
1.422246011648964981e+01
1.067522854713958580e+01
4.503244987848622927e+00
1.662847525407355320e+01
7.482403284434015589e+00
4.258165673941234353e+00
8.585633987978747328e+00
7.062642576360377511e+00
5.335774223802169480e+00
5.957697663854811587e+00
4.630074031992077899e+00
7.165321982179061244e+00
3.789031770339652994e+00
3.935223778091185842e+00
5.258233152990993808e+00
4.586357552717865715e+00
6.805245617869310593e+00
1.347112387249599408e+01
6.572051485177531127e+00
5.005571425574395050e+00
3.779263936127031709e+00
7.275801286929282519e+00
4.443757140250173876e+00
1.105471864336112375e+01
1.422700491895889563e+01
6.735593758518231944e+00
7.096164321048046730e+00
3.940255267074933343e+00
6.240769372962684969e+00
1.058321251102559302e+01
4.460791463096412279e+00
9.273063860482436027e+00
5.471801468215266695e+00
8.957849554320874930e+00
7.734898663071327896e+00
3.583022092296398231e+00
1.401437153221085907e+01
7.782746439554811602e+00
9.245896892567410319e+00
3.786565462996308806e+00
6.096072000914817934e+00
4.056384688517839621e+00
8.303279330788635448e+00
3.530918135331844177e+00
1.671482128618229979e+01
4.651424914044690162e+00
9.557151878877199636e+00
5.839271688836308094e+00
9.847004416512030289e+00
4.672228113056077881e+00
6.905864749933604330e+00
6.301567560062551365e+00
5.518858872888589673e+00
9.039500753231406449e+00
6.408747433508687585e+00
4.429823161269355936e+00
4.808552654256406100e+00
5.534777739239520322e+00
4.459346667465878156e+00
8.670578486465505108e+00
1.729417499006888548e+01
7.754001110079627779e+00
7.935952639666197683e+00
2.220626039256103468e+01
4.949736834941874442e+00
7.152023761761722831e+00
8.347560570301721938e+00
8.026325443974720031e+00
1.159245911903228432e+01
8.843135088797522414e+00
8.126597774646759476e+00
5.133759663298794074e+00
9.756091167693918820e+00
3.823358025881546940e+00
4.052911492917124825e+00
8.089759081528955065e+00
6.721505343955401557e+00
5.889572634195594070e+00
4.737192786186039228e+00
5.739125271237340620e+00
6.530179609933809637e+00
4.222675726564689036e+00
6.922617436335809060e+00
1.304694021707960161e+01
3.295198684984308901e+00
7.152040868810490615e+00
3.250372522011137910e+00
6.000693791836657631e+00
8.225384285633916548e+00
7.752891784509396089e+00
5.739327172278419376e+00
7.714972257724915572e+00
1.179011520115294331e+01
7.263113612102300998e+00
7.555480450077664223e+00
