2.828273410797119136e-01
7.262162756919861295e-02
7.146573567390442083e-02
7.065176677703857711e-02
7.081795120239257890e-02
7.110271215438843107e-02
7.121075677871703535e-02
7.094351553916930508e-02
7.100532317161560580e-02
7.093777012825011608e-02
7.097887301445007791e-02
7.098438286781311168e-02
7.083136677742003784e-02
7.120124697685241422e-02
7.115271377563477107e-02
7.102068209648132457e-02
7.081114959716797164e-02
7.124125313758850053e-02
7.132419514656067328e-02
7.161529350280761153e-02
7.110906529426574973e-02
7.086983633041381292e-02
7.104349255561828724e-02
7.161063551902771551e-02
7.162194991111756059e-02
7.129089689254761164e-02
7.115038490295409745e-02
7.164850091934203691e-02
7.189061117172240722e-02
7.203693795204162142e-02
7.149993729591369584e-02
7.136531996726989957e-02
7.163067269325255892e-02
7.170550179481506581e-02
7.134887576103210449e-02
7.224266028404235929e-02
7.148602414131165206e-02
7.160576939582824485e-02
7.200167155265807528e-02
7.141528749465941850e-02
7.146276640892028353e-02
7.181622982025145929e-02
7.122068786621094105e-02
7.210054254531859941e-02
7.131472992897033847e-02
7.247221446037292736e-02
7.169317197799682240e-02
7.146079087257385665e-02
7.217852616310119207e-02
7.222164940834045754e-02
7.160124874114989768e-02
7.157959580421448254e-02
7.195964694023132546e-02
7.229048395156860429e-02
7.218144178390502319e-02
7.166512537002563132e-02
7.201026487350463412e-02
7.257374095916747925e-02
7.234851503372193016e-02
7.240884542465210461e-02
7.198305439949036211e-02
7.218374800682067494e-02
7.224876213073730402e-02
7.190893602371216387e-02
7.192468142509460260e-02
7.188503861427307517e-02
7.252133250236511564e-02
7.200079774856567305e-02
7.075067234039306152e-02
7.215057969093323365e-02
7.218569564819335427e-02
7.222621250152587435e-02
7.250746822357177768e-02
7.191960310935974210e-02
7.158131551742553944e-02
7.227082252502441129e-02
7.240333056449890781e-02
7.251988768577576072e-02
7.239441943168639648e-02
7.140874767303466431e-02
7.248803257942199041e-02
7.237823009490966519e-02
7.256894016265869052e-02
7.276305079460143599e-02
7.248619008064270675e-02
7.271819615364075173e-02
7.252869796752929588e-02
7.304211902618408525e-02
7.294555354118346935e-02
7.259915757179259688e-02
7.241690492630005471e-02
7.190688276290893577e-02
7.215377569198608287e-02
7.236446404457091974e-02
7.224521422386169511e-02
7.263830614089965276e-02
7.294804263114929022e-02
7.292114520072937034e-02
7.200087451934814031e-02
7.224209904670715610e-02
7.215499615669250522e-02
7.206950545310973621e-02
7.266047406196594893e-02
7.231620645523070823e-02
7.257182145118713790e-02
7.246755003929138128e-02
7.211747956275939286e-02
7.163318824768066806e-02
7.222416806221008956e-02
7.181984233856200661e-02
7.172280836105346391e-02
7.289369678497314986e-02
7.241631817817688332e-02
7.257218575477600297e-02
7.242189240455627897e-02
7.276947045326233321e-02
7.269937610626220348e-02
7.207280802726745428e-02
7.216387510299682173e-02
7.254024910926819281e-02
7.247422575950622503e-02
7.289770579338074319e-02
7.277690672874451150e-02
7.286561059951782160e-02
7.271151375770569525e-02
7.283801722526550559e-02
7.280203723907470448e-02
7.270399165153502985e-02
7.260883140563964555e-02
7.280277252197266125e-02
7.213085055351257935e-02
7.116416239738464211e-02
7.224278163909912676e-02
7.230704212188721058e-02
7.211995148658752186e-02
7.235501527786254716e-02
7.206694912910462103e-02
7.220008826255798484e-02
7.188928294181823331e-02
7.178493165969848655e-02
7.199851393699646662e-02
7.207361292839049860e-02
7.078105092048644909e-02
7.203465890884398759e-02
7.203117775917053378e-02
7.186240863800048839e-02
7.198897147178649758e-02
7.137883353233337447e-02
7.194906806945801370e-02
7.110420131683349576e-02
6.989685797691344571e-02
7.121674799919128218e-02
7.132213401794433583e-02
7.062031722068787265e-02
7.067703962326049583e-02
7.061209416389464810e-02
7.059324884414672208e-02
7.056494855880737771e-02
7.043502759933471802e-02
7.121116971969604359e-02
7.065903520584106146e-02
7.067067670822144154e-02
7.037099099159241367e-02
7.099983310699463368e-02
7.113450789451598866e-02
7.063405084609984674e-02
7.093789005279541038e-02
7.062488198280333918e-02
6.981814265251160001e-02
7.070536255836486206e-02
7.149991297721862427e-02
7.155836057662963434e-02
7.163695979118346602e-02
7.152073335647582408e-02
7.146187496185302246e-02
7.155716776847839689e-02
7.094810581207275368e-02
7.125453519821166315e-02
7.155496096611023427e-02
7.163156390190124345e-02
7.169410872459411332e-02
7.121863555908203303e-02
7.154287052154541249e-02
7.152938508987426169e-02
7.103770780563355147e-02
7.127096176147461326e-02
7.161119723320007180e-02
7.140865755081177157e-02
7.122962188720703691e-02
7.037469506263732688e-02
7.147024726867676203e-02
7.189246416091918390e-02
7.110124158859253141e-02
7.163827013969421842e-02
7.171220254898071078e-02
7.063429188728333197e-02
7.155020117759704201e-02
7.202512240409851552e-02
7.149256873130797885e-02
7.183403658866882591e-02
7.204145121574401234e-02
7.174867248535156394e-02
7.186947894096375189e-02
7.185422086715698153e-02
7.213257861137389870e-02
7.195552968978881359e-02
7.210220074653625466e-02
7.179327607154846469e-02
7.167755985260010343e-02
7.126427865028381325e-02
7.114557933807373613e-02
7.091343498229980835e-02
7.174211883544921731e-02
7.182442116737365601e-02
7.184625959396362394e-02
7.203361749649048185e-02
7.211134338378906439e-02
7.087008118629455067e-02
7.116818404197693126e-02
7.086219549179077759e-02
7.198201632499694191e-02
7.200390052795410667e-02
7.199522709846496726e-02
7.198129987716675449e-02
7.177008438110352162e-02
7.199763989448547397e-02
7.220984172821044711e-02
7.219192004203796309e-02
7.262476158142089355e-02
7.272009348869323819e-02
7.212969660758972168e-02
7.240835022926329911e-02
7.260914516448974121e-02
7.256451702117919234e-02
7.247543740272521795e-02
7.206604576110839377e-02
7.213073682785034468e-02
7.225810360908507812e-02
7.215501785278320701e-02
7.156795096397400302e-02
7.198173952102661366e-02
7.154951262474060214e-02
7.244710350036620561e-02
7.237289524078369118e-02
7.237226629257202670e-02
7.208729529380798751e-02
7.231388545036315785e-02
7.231127738952636275e-02
7.238335680961609231e-02
7.172183132171630615e-02
7.198357391357422530e-02
7.236776018142700162e-02
7.234971189498901056e-02
7.237314057350158203e-02
7.256864786148070623e-02
7.300072479248047308e-02
7.260972237586975353e-02
7.227571201324463346e-02
7.192995190620422863e-02
7.263807964324951738e-02
7.265964961051940563e-02
7.168310713768005771e-02
7.057227468490601119e-02
7.262220072746276844e-02
7.254412770271301270e-02
7.258012604713440230e-02
7.301935744285582841e-02
7.281529593467712946e-02
7.281935858726501509e-02
7.291841411590575806e-02
7.248486638069152888e-02
7.247819924354553800e-02
7.185374736785889171e-02
7.138714981079101463e-02
7.237311792373657404e-02
7.217245340347290539e-02
7.047025060653686057e-02
7.204295897483825595e-02
7.188416528701782604e-02
7.210546326637268244e-02
7.196043062210083496e-02
7.216005468368530407e-02
7.210806751251221114e-02
7.203574800491333030e-02
7.313994884490966630e-02
7.255395674705505948e-02
7.306244993209838612e-02
7.342378473281860329e-02
7.303519248962402066e-02
7.324414634704590199e-02
7.310262703895568925e-02
7.183329820632934626e-02
7.318923449516295809e-02
7.332724070549011264e-02
7.326804089546203047e-02
7.297404384613037642e-02
7.310671186447142977e-02
7.305040359497069757e-02
7.165797877311706754e-02
7.243599200248718173e-02
7.316955471038819048e-02
7.312259769439696799e-02
7.306617355346679832e-02
7.300320267677307129e-02
7.296688270568847667e-02
