2.138284400000000000e+07
2.138931200000000000e+07
2.139094400000000000e+07
2.139385600000000000e+07
2.139385600000000000e+07
2.139385600000000000e+07
2.139385600000000000e+07
2.139385600000000000e+07
2.139385600000000000e+07
2.139385600000000000e+07
2.139385600000000000e+07
2.139385600000000000e+07
2.139385600000000000e+07
2.139385600000000000e+07
2.139385600000000000e+07
2.139385600000000000e+07
2.139385600000000000e+07
2.139385600000000000e+07
2.139385600000000000e+07
2.139385600000000000e+07
2.139385600000000000e+07
2.139385600000000000e+07
2.139385600000000000e+07
2.139385600000000000e+07
2.139385600000000000e+07
2.139385600000000000e+07
2.139385600000000000e+07
2.139385600000000000e+07
2.139385600000000000e+07
2.139385600000000000e+07
2.139385600000000000e+07
2.139385600000000000e+07
2.139385600000000000e+07
2.139385600000000000e+07
2.139385600000000000e+07
2.139385600000000000e+07
2.139385600000000000e+07
2.139385600000000000e+07
2.139385600000000000e+07
2.139385600000000000e+07
2.139385600000000000e+07
2.139385600000000000e+07
2.139385600000000000e+07
2.139385600000000000e+07
2.139385600000000000e+07
2.139385600000000000e+07
2.139385600000000000e+07
2.139385600000000000e+07
2.139385600000000000e+07
2.139385600000000000e+07
2.139385600000000000e+07
2.139385600000000000e+07
2.139385600000000000e+07
2.139385600000000000e+07
2.139385600000000000e+07
2.139385600000000000e+07
2.139385600000000000e+07
2.139385600000000000e+07
2.139385600000000000e+07
2.139385600000000000e+07
2.139385600000000000e+07
2.139385600000000000e+07
2.139385600000000000e+07
2.139385600000000000e+07
2.139385600000000000e+07
2.139385600000000000e+07
2.139385600000000000e+07
2.139385600000000000e+07
2.139385600000000000e+07
2.139385600000000000e+07
2.139385600000000000e+07
2.139385600000000000e+07
2.139385600000000000e+07
2.139385600000000000e+07
2.139385600000000000e+07
2.139385600000000000e+07
2.139385600000000000e+07
2.139385600000000000e+07
2.139385600000000000e+07
2.139385600000000000e+07
2.139385600000000000e+07
2.139385600000000000e+07
2.139385600000000000e+07
2.139385600000000000e+07
2.139385600000000000e+07
2.139385600000000000e+07
2.139385600000000000e+07
2.139385600000000000e+07
2.139385600000000000e+07
2.139385600000000000e+07
2.139385600000000000e+07
2.139385600000000000e+07
2.139385600000000000e+07
2.139385600000000000e+07
2.139385600000000000e+07
2.139385600000000000e+07
2.139385600000000000e+07
2.139385600000000000e+07
2.139385600000000000e+07
2.139385600000000000e+07
2.139385600000000000e+07
2.139385600000000000e+07
2.139385600000000000e+07
2.139385600000000000e+07
2.139385600000000000e+07
2.139385600000000000e+07
2.139385600000000000e+07
2.139385600000000000e+07
2.139385600000000000e+07
2.139385600000000000e+07
2.139385600000000000e+07
2.139385600000000000e+07
2.139385600000000000e+07
2.139385600000000000e+07
2.139385600000000000e+07
2.139385600000000000e+07
2.139385600000000000e+07
2.139385600000000000e+07
2.139385600000000000e+07
2.139385600000000000e+07
2.139385600000000000e+07
2.139385600000000000e+07
2.139385600000000000e+07
2.139385600000000000e+07
2.139385600000000000e+07
2.139385600000000000e+07
2.139385600000000000e+07
2.139385600000000000e+07
2.139385600000000000e+07
2.139385600000000000e+07
2.139385600000000000e+07
2.139385600000000000e+07
2.139385600000000000e+07
2.139385600000000000e+07
2.139385600000000000e+07
2.139385600000000000e+07
2.139385600000000000e+07
2.139385600000000000e+07
2.139385600000000000e+07
2.139385600000000000e+07
2.139385600000000000e+07
2.139385600000000000e+07
2.139385600000000000e+07
2.139385600000000000e+07
2.139385600000000000e+07
2.139385600000000000e+07
2.139385600000000000e+07
2.139385600000000000e+07
2.139385600000000000e+07
2.139385600000000000e+07
2.139385600000000000e+07
2.139385600000000000e+07
2.139385600000000000e+07
2.139385600000000000e+07
2.139385600000000000e+07
2.139385600000000000e+07
2.139385600000000000e+07
2.139385600000000000e+07
2.139385600000000000e+07
2.139385600000000000e+07
2.139385600000000000e+07
2.139385600000000000e+07
2.139385600000000000e+07
2.139385600000000000e+07
2.139385600000000000e+07
2.139385600000000000e+07
2.139385600000000000e+07
2.139385600000000000e+07
2.139385600000000000e+07
2.139385600000000000e+07
2.139385600000000000e+07
2.139385600000000000e+07
2.139385600000000000e+07
2.139385600000000000e+07
2.139385600000000000e+07
2.139385600000000000e+07
2.139385600000000000e+07
2.139385600000000000e+07
2.139385600000000000e+07
2.139385600000000000e+07
2.139385600000000000e+07
2.139385600000000000e+07
2.139385600000000000e+07
2.139385600000000000e+07
2.139385600000000000e+07
2.139385600000000000e+07
2.139385600000000000e+07
2.139385600000000000e+07
2.139385600000000000e+07
2.139385600000000000e+07
2.139385600000000000e+07
2.139385600000000000e+07
2.139385600000000000e+07
2.139385600000000000e+07
2.139385600000000000e+07
2.139385600000000000e+07
2.139385600000000000e+07
2.139385600000000000e+07
2.139385600000000000e+07
2.139385600000000000e+07
2.139385600000000000e+07
2.139385600000000000e+07
2.139385600000000000e+07
2.139385600000000000e+07
2.139385600000000000e+07
2.139385600000000000e+07
2.139385600000000000e+07
2.139385600000000000e+07
2.139385600000000000e+07
2.139385600000000000e+07
2.139385600000000000e+07
2.139385600000000000e+07
2.139385600000000000e+07
2.139385600000000000e+07
2.139385600000000000e+07
2.139385600000000000e+07
2.139385600000000000e+07
2.139385600000000000e+07
2.139385600000000000e+07
2.139385600000000000e+07
2.139385600000000000e+07
2.139385600000000000e+07
2.139385600000000000e+07
2.139385600000000000e+07
2.139385600000000000e+07
2.139385600000000000e+07
2.139385600000000000e+07
2.139385600000000000e+07
2.139385600000000000e+07
2.139385600000000000e+07
2.139385600000000000e+07
2.139385600000000000e+07
2.139385600000000000e+07
2.139385600000000000e+07
2.139385600000000000e+07
2.139385600000000000e+07
2.139385600000000000e+07
2.139385600000000000e+07
2.139385600000000000e+07
2.139385600000000000e+07
2.139385600000000000e+07
2.139385600000000000e+07
2.139385600000000000e+07
2.139385600000000000e+07
2.139385600000000000e+07
2.139385600000000000e+07
2.139385600000000000e+07
2.139385600000000000e+07
2.139385600000000000e+07
2.139385600000000000e+07
2.139385600000000000e+07
2.139385600000000000e+07
2.139385600000000000e+07
2.139385600000000000e+07
2.139385600000000000e+07
2.139385600000000000e+07
2.139385600000000000e+07
2.139385600000000000e+07
2.139385600000000000e+07
2.139385600000000000e+07
2.139385600000000000e+07
2.139385600000000000e+07
2.139385600000000000e+07
2.139385600000000000e+07
2.139385600000000000e+07
2.139385600000000000e+07
2.139385600000000000e+07
2.139385600000000000e+07
2.139385600000000000e+07
2.139385600000000000e+07
2.139385600000000000e+07
2.139385600000000000e+07
2.139385600000000000e+07
2.139385600000000000e+07
2.139385600000000000e+07
2.139385600000000000e+07
2.139385600000000000e+07
2.139385600000000000e+07
2.139385600000000000e+07
2.139385600000000000e+07
2.139385600000000000e+07
2.139385600000000000e+07
2.139385600000000000e+07
2.139385600000000000e+07
2.139385600000000000e+07
2.139385600000000000e+07
2.139385600000000000e+07
2.139385600000000000e+07
2.139385600000000000e+07
2.139385600000000000e+07
2.139385600000000000e+07
2.139385600000000000e+07
2.139385600000000000e+07
2.139385600000000000e+07
2.139385600000000000e+07
2.139385600000000000e+07
2.139385600000000000e+07
2.139385600000000000e+07
2.139385600000000000e+07
2.139385600000000000e+07
2.139385600000000000e+07
2.139385600000000000e+07
2.139385600000000000e+07
2.139385600000000000e+07
2.139385600000000000e+07
2.139385600000000000e+07
2.139385600000000000e+07
2.139385600000000000e+07
2.139385600000000000e+07
2.139385600000000000e+07
2.139385600000000000e+07
2.139385600000000000e+07
2.139385600000000000e+07
2.139385600000000000e+07
2.139385600000000000e+07
2.139385600000000000e+07
2.139385600000000000e+07
2.139385600000000000e+07
2.139385600000000000e+07
2.139385600000000000e+07
2.139385600000000000e+07
2.139385600000000000e+07
2.139385600000000000e+07
2.139385600000000000e+07
2.139385600000000000e+07
2.139385600000000000e+07
2.139385600000000000e+07
2.139385600000000000e+07
2.139385600000000000e+07
2.139385600000000000e+07
2.139385600000000000e+07
2.139385600000000000e+07
2.139385600000000000e+07
2.139385600000000000e+07
2.139385600000000000e+07
2.139385600000000000e+07
2.139385600000000000e+07
2.139385600000000000e+07
2.139385600000000000e+07
2.139385600000000000e+07
2.139385600000000000e+07
2.139385600000000000e+07
2.139385600000000000e+07
2.139385600000000000e+07
2.139385600000000000e+07
2.139385600000000000e+07
2.139385600000000000e+07
2.139385600000000000e+07
2.139385600000000000e+07
2.139385600000000000e+07
2.139385600000000000e+07
2.139385600000000000e+07
2.139385600000000000e+07
2.139385600000000000e+07
2.139385600000000000e+07
2.139385600000000000e+07
2.139385600000000000e+07
2.139385600000000000e+07
2.139385600000000000e+07
2.139385600000000000e+07
2.139385600000000000e+07
2.139385600000000000e+07
2.139385600000000000e+07
2.139385600000000000e+07
2.139385600000000000e+07
2.139385600000000000e+07
2.139385600000000000e+07
2.139385600000000000e+07
2.139385600000000000e+07
2.139385600000000000e+07
2.139385600000000000e+07
2.139385600000000000e+07
2.139385600000000000e+07
2.139385600000000000e+07
2.139385600000000000e+07
2.139385600000000000e+07
2.139385600000000000e+07
2.139385600000000000e+07
2.139385600000000000e+07
2.139385600000000000e+07
2.139385600000000000e+07
2.139385600000000000e+07
2.139385600000000000e+07
2.139385600000000000e+07
2.139385600000000000e+07
2.139385600000000000e+07
2.139385600000000000e+07
2.139385600000000000e+07
2.139385600000000000e+07
2.139385600000000000e+07
2.139385600000000000e+07
2.139385600000000000e+07
2.139385600000000000e+07
2.139385600000000000e+07
2.139385600000000000e+07
2.139385600000000000e+07
2.139385600000000000e+07
2.139385600000000000e+07
2.139385600000000000e+07
2.139385600000000000e+07
2.139385600000000000e+07
2.139385600000000000e+07
2.139385600000000000e+07
2.139385600000000000e+07
2.139385600000000000e+07
2.139385600000000000e+07
2.139385600000000000e+07
2.139385600000000000e+07
2.139385600000000000e+07
2.139385600000000000e+07
2.139385600000000000e+07
2.139385600000000000e+07
2.139385600000000000e+07
2.139385600000000000e+07
2.139385600000000000e+07
2.139385600000000000e+07
2.139385600000000000e+07
2.139385600000000000e+07
2.139385600000000000e+07
2.139385600000000000e+07
2.139385600000000000e+07
2.139385600000000000e+07
2.139385600000000000e+07
2.139385600000000000e+07
2.139385600000000000e+07
2.139385600000000000e+07
2.139385600000000000e+07
2.139385600000000000e+07
2.139385600000000000e+07
2.139385600000000000e+07
2.139385600000000000e+07
2.139385600000000000e+07
2.139385600000000000e+07
2.139385600000000000e+07
2.139385600000000000e+07
2.139385600000000000e+07
2.139385600000000000e+07
2.139385600000000000e+07
2.139385600000000000e+07
2.139385600000000000e+07
2.139385600000000000e+07
2.139385600000000000e+07
2.139385600000000000e+07
2.139385600000000000e+07
2.139385600000000000e+07
2.139385600000000000e+07
2.139385600000000000e+07
2.139385600000000000e+07
2.139385600000000000e+07
2.139385600000000000e+07
2.139385600000000000e+07
2.139385600000000000e+07
2.139385600000000000e+07
2.139385600000000000e+07
2.139385600000000000e+07
2.139385600000000000e+07
2.139385600000000000e+07
2.139385600000000000e+07
2.139385600000000000e+07
2.139385600000000000e+07
2.139385600000000000e+07
2.139385600000000000e+07
2.139385600000000000e+07
2.139385600000000000e+07
2.139385600000000000e+07
2.139385600000000000e+07
2.139385600000000000e+07
2.139385600000000000e+07
2.139385600000000000e+07
2.139385600000000000e+07
2.139385600000000000e+07
2.139385600000000000e+07
2.139385600000000000e+07
2.139385600000000000e+07
2.139385600000000000e+07
2.139385600000000000e+07
2.139385600000000000e+07
2.139385600000000000e+07
2.139385600000000000e+07
2.139385600000000000e+07
2.139385600000000000e+07
2.139385600000000000e+07
2.139385600000000000e+07
2.139385600000000000e+07
2.139385600000000000e+07
2.139385600000000000e+07
2.139385600000000000e+07
2.139385600000000000e+07
2.139385600000000000e+07
2.139385600000000000e+07
2.139385600000000000e+07
2.139385600000000000e+07
2.139385600000000000e+07
2.139385600000000000e+07
2.139385600000000000e+07
2.139385600000000000e+07
2.139385600000000000e+07
2.139385600000000000e+07
2.139385600000000000e+07
2.139385600000000000e+07
2.139385600000000000e+07
2.139385600000000000e+07
2.139385600000000000e+07
2.139385600000000000e+07
2.139385600000000000e+07
2.139385600000000000e+07
2.139385600000000000e+07
2.139385600000000000e+07
2.139385600000000000e+07
2.139385600000000000e+07
2.139385600000000000e+07
2.139385600000000000e+07
2.139385600000000000e+07
2.139385600000000000e+07
2.139385600000000000e+07
2.139385600000000000e+07
2.139385600000000000e+07
2.139385600000000000e+07
2.139385600000000000e+07
2.139385600000000000e+07
2.139385600000000000e+07
2.139385600000000000e+07
2.139385600000000000e+07
2.139385600000000000e+07
2.139385600000000000e+07
2.139385600000000000e+07
2.139385600000000000e+07
2.139385600000000000e+07
2.139385600000000000e+07
2.139385600000000000e+07
2.139385600000000000e+07
2.139385600000000000e+07
2.139385600000000000e+07
2.139385600000000000e+07
2.139385600000000000e+07
2.139385600000000000e+07
2.139385600000000000e+07
2.139385600000000000e+07
2.139385600000000000e+07
2.139385600000000000e+07
2.139385600000000000e+07
2.139385600000000000e+07
2.139385600000000000e+07
2.139385600000000000e+07
2.139385600000000000e+07
2.139385600000000000e+07
2.139385600000000000e+07
2.139385600000000000e+07
2.139385600000000000e+07
2.139385600000000000e+07
2.139385600000000000e+07
2.139385600000000000e+07
2.139385600000000000e+07
2.139385600000000000e+07
2.139385600000000000e+07
2.139385600000000000e+07
2.139385600000000000e+07
2.139385600000000000e+07
2.139385600000000000e+07
2.139385600000000000e+07
2.139385600000000000e+07
2.139385600000000000e+07
2.139385600000000000e+07
2.139385600000000000e+07
2.139385600000000000e+07
2.139385600000000000e+07
2.139385600000000000e+07
2.139385600000000000e+07
2.139385600000000000e+07
2.139385600000000000e+07
2.139385600000000000e+07
2.139385600000000000e+07
2.139385600000000000e+07
2.139385600000000000e+07
2.139385600000000000e+07
2.139385600000000000e+07
2.139385600000000000e+07
2.139385600000000000e+07
2.139385600000000000e+07
2.139385600000000000e+07
2.139385600000000000e+07
2.139385600000000000e+07
2.139385600000000000e+07
2.139385600000000000e+07
2.139385600000000000e+07
2.139385600000000000e+07
2.139385600000000000e+07
2.139385600000000000e+07
2.139385600000000000e+07
2.139385600000000000e+07
2.139385600000000000e+07
2.139385600000000000e+07
2.139385600000000000e+07
2.139385600000000000e+07
2.139385600000000000e+07
2.139385600000000000e+07
2.139385600000000000e+07
2.139385600000000000e+07
2.139385600000000000e+07
2.139385600000000000e+07
2.139385600000000000e+07
2.139385600000000000e+07
2.139385600000000000e+07
2.139385600000000000e+07
2.139385600000000000e+07
2.139385600000000000e+07
2.139385600000000000e+07
2.139385600000000000e+07
2.139385600000000000e+07
2.139385600000000000e+07
2.139385600000000000e+07
2.139385600000000000e+07
2.139385600000000000e+07
2.139385600000000000e+07
2.139385600000000000e+07
2.139385600000000000e+07
2.139385600000000000e+07
2.139385600000000000e+07
2.139385600000000000e+07
2.139385600000000000e+07
2.139385600000000000e+07
2.139385600000000000e+07
2.139385600000000000e+07
2.139385600000000000e+07
2.139385600000000000e+07
2.139385600000000000e+07
2.139385600000000000e+07
2.139385600000000000e+07
2.139385600000000000e+07
2.139385600000000000e+07
2.139385600000000000e+07
2.139385600000000000e+07
2.139385600000000000e+07
2.139385600000000000e+07
2.139385600000000000e+07
2.139385600000000000e+07
2.139385600000000000e+07
2.139385600000000000e+07
2.139385600000000000e+07
2.139385600000000000e+07
2.139385600000000000e+07
2.139385600000000000e+07
2.139385600000000000e+07
2.139385600000000000e+07
2.139385600000000000e+07
2.139385600000000000e+07
2.139385600000000000e+07
2.139385600000000000e+07
2.139385600000000000e+07
2.139385600000000000e+07
2.139385600000000000e+07
2.139385600000000000e+07
2.139385600000000000e+07
2.139385600000000000e+07
2.139385600000000000e+07
2.139385600000000000e+07
2.139385600000000000e+07
2.139385600000000000e+07
2.139385600000000000e+07
2.139385600000000000e+07
2.139385600000000000e+07
2.139385600000000000e+07
2.139385600000000000e+07
2.139385600000000000e+07
2.139385600000000000e+07
2.139385600000000000e+07
2.139385600000000000e+07
2.139385600000000000e+07
2.139385600000000000e+07
2.139385600000000000e+07
2.139385600000000000e+07
2.139385600000000000e+07
2.139385600000000000e+07
2.139385600000000000e+07
2.139385600000000000e+07
2.139385600000000000e+07
2.139385600000000000e+07
2.139385600000000000e+07
2.139385600000000000e+07
2.139385600000000000e+07
2.139385600000000000e+07
2.139385600000000000e+07
2.139385600000000000e+07
2.139385600000000000e+07
2.139385600000000000e+07
2.139385600000000000e+07
2.139385600000000000e+07
2.139385600000000000e+07
2.139385600000000000e+07
2.139385600000000000e+07
2.139385600000000000e+07
2.139385600000000000e+07
2.139385600000000000e+07
2.139385600000000000e+07
2.139385600000000000e+07
2.139385600000000000e+07
2.139385600000000000e+07
2.139385600000000000e+07
2.139385600000000000e+07
2.139385600000000000e+07
2.139385600000000000e+07
2.139385600000000000e+07
2.139385600000000000e+07
2.139385600000000000e+07
2.139385600000000000e+07
2.139385600000000000e+07
2.139385600000000000e+07
2.139385600000000000e+07
2.139385600000000000e+07
2.139385600000000000e+07
2.139385600000000000e+07
2.139385600000000000e+07
2.139385600000000000e+07
2.139385600000000000e+07
2.139385600000000000e+07
2.139385600000000000e+07
2.139385600000000000e+07
2.139385600000000000e+07
2.139385600000000000e+07
2.139385600000000000e+07
2.139385600000000000e+07
2.139385600000000000e+07
2.139385600000000000e+07
2.139385600000000000e+07
2.139385600000000000e+07
2.139385600000000000e+07
2.139385600000000000e+07
2.139385600000000000e+07
2.139385600000000000e+07
2.139385600000000000e+07
2.139385600000000000e+07
2.139385600000000000e+07
2.139385600000000000e+07
2.139385600000000000e+07
2.139385600000000000e+07
2.139385600000000000e+07
2.139385600000000000e+07
2.139385600000000000e+07
2.139385600000000000e+07
2.139385600000000000e+07
2.139385600000000000e+07
2.139385600000000000e+07
2.139385600000000000e+07
2.139385600000000000e+07
2.139385600000000000e+07
2.139385600000000000e+07
2.139385600000000000e+07
2.139385600000000000e+07
2.139385600000000000e+07
2.139385600000000000e+07
2.139385600000000000e+07
2.139385600000000000e+07
2.139385600000000000e+07
2.139385600000000000e+07
2.139385600000000000e+07
2.139385600000000000e+07
2.139385600000000000e+07
2.139385600000000000e+07
2.139385600000000000e+07
2.139385600000000000e+07
2.139385600000000000e+07
2.139385600000000000e+07
2.139385600000000000e+07
2.139385600000000000e+07
2.139385600000000000e+07
2.139385600000000000e+07
2.139385600000000000e+07
2.139385600000000000e+07
2.139385600000000000e+07
2.139385600000000000e+07
2.139385600000000000e+07
2.139385600000000000e+07
2.139385600000000000e+07
2.139385600000000000e+07
2.139385600000000000e+07
2.139385600000000000e+07
2.139385600000000000e+07
2.139385600000000000e+07
2.139385600000000000e+07
2.139385600000000000e+07
2.139385600000000000e+07
2.139385600000000000e+07
2.139385600000000000e+07
2.139385600000000000e+07
2.139385600000000000e+07
2.139385600000000000e+07
2.139385600000000000e+07
2.139385600000000000e+07
2.139385600000000000e+07
2.139385600000000000e+07
2.139385600000000000e+07
2.139385600000000000e+07
2.139385600000000000e+07
2.139385600000000000e+07
2.139385600000000000e+07
2.139385600000000000e+07
2.141185200000000000e+07
2.143826400000000000e+07
2.146293600000000000e+07
2.149164000000000000e+07
2.152978400000000000e+07
2.156846400000000000e+07
2.159402000000000000e+07
2.163300000000000000e+07
2.167222000000000000e+07
2.171219600000000000e+07
2.174858000000000000e+07
2.178794000000000000e+07
2.179579600000000000e+07
2.181586000000000000e+07
2.182792800000000000e+07
2.183384400000000000e+07
2.184587600000000000e+07
2.185739600000000000e+07
2.185739600000000000e+07
2.185739600000000000e+07
2.185739600000000000e+07
2.185739600000000000e+07
2.185739600000000000e+07
2.185739600000000000e+07
2.185739600000000000e+07
2.185739600000000000e+07
2.185739600000000000e+07
2.185739600000000000e+07
2.185739600000000000e+07
2.185739600000000000e+07
2.185739600000000000e+07
2.185739600000000000e+07
2.185739600000000000e+07
2.185739600000000000e+07
2.185739600000000000e+07
2.185739600000000000e+07
2.185739600000000000e+07
2.185739600000000000e+07
2.187040400000000000e+07
2.187054000000000000e+07
2.187065200000000000e+07
2.187123200000000000e+07
2.187648000000000000e+07
2.187668000000000000e+07
2.187671600000000000e+07
2.187683200000000000e+07
2.187696000000000000e+07
2.187706000000000000e+07
2.187719600000000000e+07
2.187719600000000000e+07
2.187719600000000000e+07
2.187719600000000000e+07
2.187719600000000000e+07
2.187719600000000000e+07
2.187719600000000000e+07
2.187719600000000000e+07
2.187719600000000000e+07
2.187719600000000000e+07
2.187719600000000000e+07
2.187719600000000000e+07
2.187719600000000000e+07
2.187719600000000000e+07
2.187719600000000000e+07
2.187719600000000000e+07
2.187719600000000000e+07
2.187719600000000000e+07
2.187719600000000000e+07
2.187719600000000000e+07
2.187719600000000000e+07
2.187719600000000000e+07
2.187719600000000000e+07
2.187719600000000000e+07
2.187719600000000000e+07
2.187719600000000000e+07
2.187719600000000000e+07
2.187719600000000000e+07
2.187719600000000000e+07
2.187719600000000000e+07
2.187719600000000000e+07
2.187719600000000000e+07
2.187719600000000000e+07
2.187719600000000000e+07
2.187719600000000000e+07
2.187719600000000000e+07
2.187719600000000000e+07
2.187719600000000000e+07
2.187719600000000000e+07
2.187719600000000000e+07
2.187719600000000000e+07
2.187719600000000000e+07
2.187719600000000000e+07
2.187719600000000000e+07
2.187719600000000000e+07
2.187719600000000000e+07
2.187719600000000000e+07
2.187719600000000000e+07
2.187719600000000000e+07
2.187719600000000000e+07
2.187719600000000000e+07
2.187719600000000000e+07
2.187719600000000000e+07
2.187719600000000000e+07
2.187719600000000000e+07
2.187719600000000000e+07
2.187719600000000000e+07
2.187719600000000000e+07
2.187719600000000000e+07
2.187719600000000000e+07
2.187719600000000000e+07
2.187719600000000000e+07
2.187719600000000000e+07
2.187719600000000000e+07
2.187719600000000000e+07
2.187719600000000000e+07
2.187719600000000000e+07
2.187719600000000000e+07
2.187719600000000000e+07
2.187719600000000000e+07
2.187719600000000000e+07
2.187719600000000000e+07
2.187719600000000000e+07
2.187719600000000000e+07
2.187719600000000000e+07
2.187719600000000000e+07
2.187719600000000000e+07
2.187719600000000000e+07
2.187719600000000000e+07
2.187719600000000000e+07
2.187719600000000000e+07
2.187719600000000000e+07
2.187719600000000000e+07
2.187719600000000000e+07
2.187719600000000000e+07
2.187719600000000000e+07
2.187719600000000000e+07
2.187719600000000000e+07
2.187719600000000000e+07
2.187719600000000000e+07
2.187719600000000000e+07
2.187719600000000000e+07
2.187719600000000000e+07
2.187719600000000000e+07
2.187719600000000000e+07
2.187719600000000000e+07
2.187719600000000000e+07
2.187719600000000000e+07
2.187719600000000000e+07
2.187719600000000000e+07
2.187719600000000000e+07
2.187719600000000000e+07
2.187719600000000000e+07
2.187841600000000000e+07
2.187844000000000000e+07
2.187857200000000000e+07
2.187867200000000000e+07
2.187878800000000000e+07
2.187890000000000000e+07
2.187910400000000000e+07
2.187924000000000000e+07
2.187949200000000000e+07
2.187956800000000000e+07
2.187967600000000000e+07
2.188057200000000000e+07
2.188077600000000000e+07
2.188093200000000000e+07
2.188100000000000000e+07
2.188123600000000000e+07
2.188136000000000000e+07
2.188293200000000000e+07
2.188297200000000000e+07
2.188315600000000000e+07
2.188327600000000000e+07
2.188334000000000000e+07
2.188334000000000000e+07
2.188334000000000000e+07
2.188334000000000000e+07
2.188334000000000000e+07
2.188334000000000000e+07
2.188334000000000000e+07
2.188334000000000000e+07
2.188334000000000000e+07
2.188334000000000000e+07
2.188334000000000000e+07
2.188334000000000000e+07
2.188334000000000000e+07
2.188334000000000000e+07
2.188334000000000000e+07
2.188334000000000000e+07
2.188334000000000000e+07
2.188334000000000000e+07
2.188334000000000000e+07
2.188334000000000000e+07
2.188334000000000000e+07
2.188334000000000000e+07
2.188334000000000000e+07
2.188334000000000000e+07
2.188334000000000000e+07
2.188334000000000000e+07
2.188334000000000000e+07
2.188334000000000000e+07
2.188334000000000000e+07
2.188334000000000000e+07
2.188334000000000000e+07
