2.211923642158508396e-01
4.651702666282653970e-02
4.574729681015014815e-02
4.520759081840514809e-02
4.524069404602050481e-02
4.510172915458679488e-02
4.537228035926818559e-02
4.562991809844970520e-02
4.539582514762878496e-02
4.546370792388915866e-02
4.488203668594360068e-02
4.525890159606933694e-02
4.541342234611511069e-02
4.604594731330871604e-02
4.531521630287170532e-02
4.526354050636291482e-02
4.520225930213928045e-02
4.529828119277953813e-02
4.563834238052368042e-02
4.543007278442382640e-02
4.544615435600280612e-02
4.549483394622802490e-02
4.548038935661315868e-02
4.535413765907287537e-02
4.500082373619079812e-02
4.563590192794799577e-02
4.561526322364806846e-02
4.599182963371276772e-02
4.582193779945373246e-02
4.586836934089660867e-02
4.614103174209594621e-02
4.575372838973999073e-02
4.625439977645873918e-02
4.557263755798340171e-02
4.633421182632446039e-02
4.604975223541259849e-02
4.597031903266906444e-02
4.647084736824035750e-02
4.592163038253783969e-02
4.579826331138611012e-02
4.638709998130798040e-02
4.564552617073058816e-02
4.616508197784423978e-02
4.658383798599242953e-02
4.643289113044738597e-02
4.590685439109802590e-02
4.618730235099792469e-02
4.641448402404785289e-02
4.531848335266113609e-02
4.563563680648803633e-02
4.644399785995483726e-02
4.670148110389709534e-02
4.609005665779113831e-02
4.594945788383483776e-02
4.638269281387329135e-02
4.616718316078186057e-02
4.647778558731079090e-02
4.624466896057129184e-02
4.625479960441589156e-02
4.596031403541565169e-02
4.641384601593017550e-02
4.609334492683410389e-02
4.586923265457153176e-02
4.598079562187194769e-02
4.637414360046386574e-02
4.630567336082458407e-02
4.599078679084777493e-02
4.661557197570800892e-02
4.663777685165405168e-02
4.576868462562561080e-02
4.614309883117675981e-02
4.638203215599059903e-02
4.624043703079223910e-02
4.625467658042907437e-02
4.634464263916015375e-02
4.573925447463988991e-02
4.603085923194884937e-02
4.591983127593993880e-02
4.575723624229430936e-02
4.636494660377502713e-02
4.623084354400634755e-02
4.688617038726806963e-02
4.655087614059448542e-02
4.662099385261535972e-02
4.650491070747375666e-02
4.639555859565734630e-02
4.667113494873047219e-02
4.669114518165588118e-02
4.687305498123169045e-02
4.647326850891113359e-02
4.631374812126159979e-02
4.677884006500244302e-02
4.634763479232788252e-02
4.668225932121276844e-02
4.664281415939330877e-02
4.684863400459289562e-02
4.627492237091064553e-02
4.658984446525573503e-02
4.616117930412292486e-02
4.677724099159241006e-02
4.669620633125304981e-02
4.651504135131835638e-02
4.636077451705932634e-02
4.679952907562255626e-02
4.688660001754760970e-02
4.489984035491943054e-02
4.660007286071777416e-02
4.673715686798095986e-02
4.645712327957153553e-02
4.664051127433777033e-02
4.666007590293884399e-02
4.641071486473083429e-02
4.668387675285339683e-02
4.712472128868103183e-02
4.711079072952270574e-02
4.726987695693969649e-02
4.708816576004028198e-02
4.714655470848083674e-02
4.683101201057433827e-02
4.668588900566100763e-02
4.679008078575134372e-02
4.660360670089721408e-02
4.762305450439453108e-02
4.675996375083923268e-02
4.635245490074157981e-02
4.697742819786071555e-02
4.698737359046935985e-02
4.699755501747131248e-02
4.651872920989990473e-02
4.668174648284911799e-02
4.675392818450927607e-02
4.596836853027343878e-02
4.681670904159546120e-02
4.722011065483093517e-02
4.695701885223388383e-02
4.704580974578857766e-02
4.730744457244873136e-02
4.601509642601013528e-02
4.715644717216491838e-02
4.642281961441040161e-02
4.697113561630249234e-02
4.688055324554443043e-02
4.739153337478637512e-02
4.751688814163208124e-02
4.711499643325805370e-02
4.709289765357971280e-02
4.707834744453430476e-02
4.686432600021362554e-02
4.720963382720947538e-02
4.732119011878967163e-02
4.694571280479430814e-02
4.679232144355773698e-02
4.735994529724121133e-02
4.672666764259338079e-02
4.676444077491759971e-02
4.659786891937255787e-02
4.693764853477477850e-02
4.705299687385559176e-02
4.745859122276305936e-02
4.657503437995910711e-02
4.736705756187439137e-02
4.769952702522278071e-02
4.659691905975341802e-02
4.721962928771972906e-02
4.667109727859496821e-02
4.753394103050231911e-02
4.673808503150939792e-02
4.616350150108337186e-02
4.740696024894714561e-02
4.733289623260498319e-02
4.708641362190246760e-02
4.677333283424377208e-02
4.711506533622741855e-02
4.692902588844299200e-02
4.653275561332702315e-02
4.742348313331604115e-02
4.702130270004272611e-02
4.753733777999877980e-02
4.761336874961853011e-02
4.632203102111816240e-02
4.780021405220031411e-02
4.773609662055969260e-02
4.756158185005188166e-02
4.768310070037842102e-02
4.712232303619384721e-02
4.658957147598266624e-02
4.562617588043212796e-02
4.488122296333312694e-02
4.732646107673645075e-02
4.540739583969116006e-02
4.707681846618652632e-02
4.722575426101684876e-02
4.771993589401245239e-02
4.756373190879821522e-02
4.729612350463867354e-02
4.706932854652404880e-02
4.758543014526367410e-02
4.724579787254333529e-02
4.747055292129516435e-02
4.733179283142090188e-02
4.781508851051330389e-02
4.643135690689086797e-02
4.743558263778686196e-02
4.742481875419616438e-02
4.758465385437011391e-02
4.770287156105041532e-02
4.713884663581847934e-02
4.751753735542297435e-02
4.735882401466369462e-02
4.748509478569030995e-02
4.720646858215332003e-02
4.724858021736145358e-02
4.747230792045593201e-02
4.693326234817504772e-02
4.661886119842529458e-02
4.775548577308654646e-02
4.747340488433837713e-02
4.664822721481323015e-02
4.629613375663757524e-02
4.717510175704955899e-02
4.793423962593078291e-02
4.719732952117920016e-02
4.711150217056274403e-02
4.724871206283569325e-02
4.723505973815918246e-02
4.663134312629699935e-02
4.681255459785461231e-02
4.777509474754333685e-02
4.742408895492553761e-02
4.739936661720275946e-02
4.767312192916869917e-02
4.750516176223754800e-02
4.710180330276489413e-02
4.691184639930725403e-02
4.646826529502868369e-02
4.735704112052917247e-02
4.771845149993896723e-02
4.744064617156982383e-02
4.624874663352966653e-02
4.587349772453307856e-02
4.737949442863464283e-02
4.778708958625793590e-02
4.799740815162658464e-02
4.791560339927673079e-02
4.785468482971191179e-02
4.713333892822265531e-02
4.780572986602783098e-02
4.746811509132384949e-02
4.770922327041626082e-02
4.751002192497253557e-02
4.779643559455871299e-02
4.786127114295959245e-02
4.768861746788025102e-02
4.777528738975524852e-02
4.773944592475891369e-02
4.797426915168762074e-02
4.754706025123596469e-02
4.774482035636901794e-02
4.761850214004516302e-02
4.729567289352416826e-02
4.765733528137207353e-02
4.788364529609680231e-02
4.758409953117370694e-02
4.754477953910827420e-02
4.774807834625244274e-02
4.805894994735717546e-02
4.786791062355041232e-02
4.718706512451172064e-02
4.788527631759643272e-02
4.786985206604003895e-02
4.735223889350891058e-02
4.776158165931701505e-02
4.745019125938415572e-02
4.765526103973388716e-02
4.734756541252136547e-02
4.752073049545288419e-02
4.769272541999816650e-02
4.651071333885192782e-02
4.775857448577881109e-02
4.750880932807922258e-02
4.782209753990173534e-02
4.656564354896545327e-02
4.712327694892883001e-02
4.748441886901855202e-02
4.703242802619934243e-02
4.767909741401672036e-02
4.732112836837768649e-02
4.725689959526062356e-02
4.696856856346130066e-02
4.755041289329528520e-02
4.740867137908935658e-02
4.751009750366210621e-02
4.773792982101440763e-02
4.729138970375060952e-02
4.640234351158142173e-02
4.786411762237548911e-02
4.653610253334045099e-02
4.759572935104370434e-02
4.717616176605224365e-02
4.804180884361267112e-02
4.797589874267577797e-02
4.743078541755676308e-02
4.786788868904114091e-02
4.807976818084716553e-02
4.755691647529602245e-02
4.758752226829528892e-02
4.792570614814758295e-02
4.755728244781494418e-02
4.801441311836242981e-02
4.705382180213928123e-02
4.808058476448059254e-02
4.794287824630737160e-02
4.777541828155517506e-02
4.755585503578185769e-02
4.818706655502319469e-02
4.500532817840575961e-02
4.745025658607483071e-02
4.818242502212524703e-02
4.753524541854858149e-02
4.712337422370910939e-02
4.802127242088317927e-02
4.804394173622131281e-02
4.838195967674255304e-02
4.783332729339599687e-02
4.782015991210937511e-02
4.795864439010619901e-02
4.806158137321472207e-02
4.784169459342956648e-02
4.671437835693359464e-02
4.802016901969909796e-02
4.822829174995422324e-02
4.819903945922851540e-02
4.835328006744384760e-02
4.855562877655029280e-02
4.783887052536010820e-02
4.781398868560791243e-02
4.787927627563476340e-02
4.664731645584106745e-02
4.798561573028564675e-02
4.774097132682800226e-02
4.782576870918273798e-02
4.779226183891296248e-02
4.814901947975158691e-02
4.825214099884032881e-02
4.597487735748290866e-02
4.672238683700561529e-02
4.812745594978332792e-02
4.804772424697875688e-02
4.834098672866821156e-02
4.824310564994811756e-02
4.799574947357177629e-02
4.822392129898071117e-02
4.762853264808655090e-02
4.787054133415222235e-02
4.773995041847228782e-02
4.772050499916076494e-02
4.785135102272033980e-02
4.524198150634765880e-02
4.735222625732422169e-02
4.760853314399719066e-02
4.770004892349243020e-02
4.726571941375732472e-02
4.775228738784789706e-02
4.742320799827575567e-02
4.777653980255126831e-02
4.752493286132812578e-02
4.780446004867553583e-02
4.791348671913146784e-02
4.787320280075073320e-02
4.741086316108703708e-02
4.764023542404174916e-02
4.737206602096557390e-02
4.722282719612121843e-02
4.753404283523559454e-02
4.707210803031921381e-02
4.775116586685180381e-02
4.797479963302612310e-02
4.779551291465759105e-02
4.799590373039245433e-02
4.672403573989868109e-02
4.632439041137695335e-02
4.628913784027099271e-02
4.754346323013305953e-02
4.780345535278320013e-02
4.784853696823120062e-02
4.701231551170349104e-02
4.790919232368469338e-02
4.811143207550049039e-02
4.809411358833313305e-02
4.753145265579223483e-02
4.746275091171264782e-02
4.725363945960998208e-02
4.777754068374633761e-02
4.803778982162475869e-02
4.775415873527526917e-02
4.774991083145141424e-02
4.756692624092102167e-02
4.793384218215942377e-02
4.798251557350158986e-02
4.787732863426208407e-02
4.809858584403991361e-02
4.625679445266723394e-02
4.794702267646789445e-02
4.780083632469177279e-02
4.837612509727477750e-02
4.829365015029907227e-02
4.823624873161316134e-02
4.660609841346740473e-02
4.805312371253967624e-02
4.772291898727416826e-02
4.789818286895752147e-02
4.768494510650634483e-02
4.812001848220825301e-02
4.791576623916626171e-02
4.778334069252013899e-02
4.786915087699890325e-02
4.781277227401733304e-02
4.788721537590026611e-02
4.621370410919189292e-02
4.753967738151550215e-02
4.814857101440429832e-02
4.716985201835632163e-02
4.760229825973510964e-02
4.789747929573059254e-02
4.832315874099731706e-02
4.812734198570251670e-02
4.797593688964843506e-02
4.838858246803283414e-02
4.560768365859985130e-02
4.689112424850463978e-02
4.785145998001098799e-02
4.796800613403320174e-02
4.749130344390869313e-02
4.810776591300964383e-02
4.751075530052185220e-02
4.807956719398498446e-02
4.804242420196533359e-02
4.779433512687682878e-02
4.804294347763061329e-02
4.795428466796874956e-02
4.837679028511047280e-02
4.806960010528564531e-02
4.790535712242126321e-02
4.776241397857666077e-02
4.847505879402160683e-02
4.765912485122680842e-02
4.711551809310913358e-02
4.662664484977722262e-02
4.738343286514282160e-02
4.809067296981811568e-02
4.840136313438415244e-02
4.828261446952819558e-02
4.803569889068603355e-02
4.796911263465881287e-02
4.818333888053893954e-02
4.823250317573547080e-02
4.838229656219482366e-02
4.829289078712463434e-02
4.792375826835632013e-02
4.773070240020751975e-02
4.794741821289062733e-02
4.803658890724182146e-02
4.767812037467956260e-02
4.800924777984619252e-02
4.719787740707397788e-02
4.637551617622375638e-02
4.824069762229919733e-02
4.776811194419861017e-02
4.838712573051452692e-02
4.811530423164367409e-02
4.854443764686584145e-02
4.821040797233581282e-02
4.872762417793274209e-02
4.821998929977416859e-02
4.803508543968200428e-02
4.780952763557434065e-02
4.784122514724731268e-02
4.708440136909484985e-02
4.819740247726440191e-02
4.824895691871643189e-02
4.830549931526183921e-02
4.852752470970153609e-02
4.838000392913818087e-02
4.845745229721069164e-02
4.850534868240356789e-02
4.802053427696228310e-02
4.789839839935302462e-02
4.768912553787231501e-02
4.842992329597473056e-02
4.803471255302429327e-02
4.806633830070495411e-02
4.837856984138488858e-02
4.799191451072692960e-02
4.728693008422851785e-02
4.867778372764587635e-02
4.819258975982666088e-02
4.838774824142456216e-02
4.820620083808899170e-02
4.728595709800720304e-02
4.805385494232177618e-02
4.709130859374999895e-02
4.844927000999450784e-02
4.837859559059143333e-02
4.861463761329650607e-02
4.779736828804016097e-02
4.815053510665893294e-02
4.829570627212524669e-02
4.810463547706603921e-02
4.791941761970520269e-02
4.844104886054992343e-02
4.844650602340698498e-02
4.845753192901611217e-02
4.823871183395385398e-02
4.804143619537353666e-02
4.839139008522033714e-02
4.795393681526183977e-02
4.833853220939636486e-02
4.802236795425415122e-02
4.828439640998840460e-02
4.837670993804931568e-02
4.845158624649047868e-02
4.803248023986816245e-02
4.870193862915039168e-02
4.824876356124877669e-02
4.814570474624634000e-02
4.819153690338134899e-02
4.850203728675842041e-02
4.838903975486755216e-02
4.814047145843505793e-02
4.851256918907165261e-02
4.891110301017761314e-02
4.770095133781433044e-02
4.829551267623901495e-02
4.832582926750183389e-02
4.817871737480163702e-02
4.830670094490051303e-02
4.825584173202514954e-02
4.789875602722167697e-02
4.766695094108581304e-02
4.617439579963684287e-02
4.750600552558898598e-02
4.771952366828918768e-02
4.869041919708252258e-02
4.806467127799987638e-02
4.830765700340271251e-02
4.805392718315124739e-02
4.715757465362548778e-02
4.810518503189086664e-02
4.862541198730468972e-02
4.826166415214538236e-02
4.845814323425293169e-02
4.852792739868164174e-02
4.860463786125183289e-02
4.846500945091247736e-02
4.859956312179565530e-02
4.826297402381896778e-02
4.784967231750487937e-02
4.801780652999877719e-02
4.714759850502014266e-02
4.734267020225525063e-02
4.724436974525451916e-02
4.647363996505737144e-02
4.674485063552856479e-02
4.686046743392944386e-02
4.750432968139648576e-02
4.667569589614867925e-02
4.540208196640014432e-02
4.734338259696960205e-02
4.756593346595763827e-02
4.591871714591980180e-02
4.676709556579589783e-02
4.676416087150573470e-02
4.671420478820800803e-02
4.629089903831482000e-02
4.738082695007324319e-02
4.648457527160644587e-02
4.671605563163757496e-02
4.714413380622863720e-02
4.715311288833617942e-02
4.666331005096435725e-02
4.694942235946655135e-02
4.616213274002075456e-02
4.564427590370178506e-02
4.503177189826965132e-02
4.540160846710204756e-02
4.587726855278015381e-02
4.674616146087646334e-02
4.663734984397888139e-02
4.652526712417602572e-02
4.560026025772094538e-02
4.639568877220153625e-02
4.584844183921814309e-02
4.583440184593200878e-02
4.579972720146179010e-02
4.624494266510009721e-02
4.508392620086670161e-02
4.576571798324585022e-02
4.602406787872314470e-02
4.575897955894470126e-02
4.630682420730590498e-02
4.614301490783691284e-02
4.589322280883788990e-02
4.692769694328308150e-02
4.593320107460022172e-02
4.583819222450256220e-02
4.636891365051269698e-02
4.624174213409423806e-02
4.570686435699462813e-02
4.611838841438293396e-02
4.591152763366699446e-02
4.605406045913696539e-02
4.562903594970703358e-02
4.605427861213683832e-02
4.631581783294677623e-02
4.647300314903259066e-02
4.537920689582825018e-02
4.531780409812927179e-02
4.482589221000671253e-02
4.652933764457702764e-02
4.560447669029235596e-02
4.553714394569396973e-02
4.625821113586425781e-02
4.645128917694092002e-02
4.592387461662292281e-02
4.531994056701660334e-02
4.642667460441589344e-02
4.700726771354675482e-02
4.705107736587524347e-02
4.706855940818786832e-02
4.714213967323303139e-02
4.598887395858764632e-02
4.721074485778808255e-02
4.734696817398071494e-02
4.709501552581787237e-02
4.679532051086425504e-02
4.795759367942810381e-02
4.655073499679565630e-02
4.668639397621154874e-02
4.705740594863891402e-02
4.711631178855896218e-02
4.746455502510070479e-02
4.598105812072753734e-02
4.681204748153686840e-02
4.717591905593872259e-02
4.760705471038818165e-02
4.693046998977661033e-02
4.736177396774292336e-02
4.606134033203124895e-02
4.546241378784179887e-02
4.742316579818725564e-02
4.670165085792541554e-02
4.676559376716613731e-02
4.633709216117858770e-02
4.717103815078735329e-02
4.825619077682494901e-02
4.754109692573547236e-02
4.689987325668334983e-02
4.704594230651855391e-02
4.707577848434447987e-02
4.735351324081420871e-02
4.751599001884460743e-02
4.739848828315734730e-02
4.731083536148071589e-02
4.747532081604004250e-02
4.714022040367126659e-02
4.729258728027344039e-02
4.677446460723876792e-02
4.732122445106506231e-02
4.718607687950134022e-02
4.726401066780090005e-02
4.742297339439392051e-02
4.725604867935180586e-02
4.747212672233581260e-02
4.777288269996642772e-02
4.647013068199157965e-02
4.757898044586181957e-02
4.762898492813110590e-02
4.777930045127868480e-02
4.676105642318725830e-02
4.761050939559936801e-02
4.717434310913085765e-02
4.742615389823913452e-02
4.648384022712707259e-02
4.739192438125610501e-02
4.682444024085998663e-02
4.656402063369750877e-02
4.682193922996520652e-02
4.705686306953429932e-02
4.569924855232238708e-02
4.732775211334228765e-02
4.617186164855956870e-02
4.664808297157287814e-02
4.723251724243163890e-02
4.879470086097717485e-02
4.872963404655456660e-02
4.877754116058349854e-02
4.910895490646362271e-02
4.864469003677367870e-02
4.885317659378051597e-02
4.833153080940246621e-02
4.919104361534118453e-02
4.891351318359375006e-02
4.953729963302612449e-02
4.901065850257873419e-02
4.869356083869934293e-02
4.865556907653808411e-02
4.870970010757446483e-02
4.815061259269714372e-02
4.907242226600647128e-02
4.881306767463684110e-02
4.833808422088622936e-02
4.843289279937744440e-02
4.884989261627196988e-02
4.876592111587524370e-02
4.886232829093933167e-02
4.876504564285278481e-02
4.886933970451354942e-02
4.828850889205932306e-02
4.881507730484008906e-02
4.919586396217346530e-02
4.909938549995422619e-02
4.887911224365234369e-02
4.915270900726318587e-02
4.825538992881774764e-02
4.876954650878906339e-02
4.901823616027831815e-02
4.839888906478882064e-02
4.705692625045776456e-02
4.802324986457824629e-02
4.835753393173217868e-02
4.871449995040893349e-02
4.836075067520141657e-02
4.889315700531005754e-02
4.857409930229186767e-02
4.939892554283142195e-02
4.930705237388610662e-02
4.862879419326782138e-02
4.848523306846618669e-02
4.838972783088683893e-02
4.889110732078551930e-02
4.901211762428283464e-02
4.882317137718200639e-02
4.881259536743164096e-02
4.872124552726745522e-02
4.904113650321960394e-02
4.866898441314697343e-02
4.882010388374328352e-02
4.896577525138855191e-02
4.906700539588928350e-02
4.795396041870117476e-02
4.807714271545410201e-02
4.914664959907531772e-02
4.914215898513794173e-02
4.889336085319519187e-02
4.912150073051452931e-02
4.906994390487670610e-02
4.919588255882263034e-02
4.894964265823364274e-02
4.921117687225341764e-02
4.820922088623046803e-02
4.892697501182555891e-02
4.960757684707641640e-02
4.925891041755676297e-02
4.937717676162720060e-02
4.904833078384399081e-02
4.834033608436584528e-02
4.919997525215148715e-02
4.896322011947631947e-02
4.912421107292175293e-02
4.929229760169982766e-02
4.888405346870422497e-02
4.888672208786010859e-02
4.887922954559326127e-02
4.882615613937377891e-02
4.953560328483581215e-02
4.896862745285034124e-02
4.850436496734619046e-02
4.891500186920166166e-02
4.905979633331299106e-02
4.859536767005920299e-02
4.933848977088928223e-02
4.953036499023437400e-02
4.789908242225646845e-02
4.963014674186706776e-02
4.953193879127502225e-02
4.929877376556396351e-02
4.920791268348694014e-02
4.911224508285522150e-02
4.887588310241699346e-02
4.946777772903442061e-02
4.902412748336792275e-02
4.903160476684570446e-02
4.794866156578064115e-02
4.908781909942627059e-02
4.835132741928100525e-02
4.913575005531310713e-02
4.903183507919311318e-02
4.874237751960754095e-02
4.871923875808716053e-02
4.902557969093322698e-02
4.878060722351074130e-02
4.869691085815429366e-02
4.857676625251770158e-02
4.901496171951293807e-02
4.887398624420166010e-02
4.859410762786865040e-02
4.920385575294494718e-02
4.916627025604248385e-02
4.928924655914306702e-02
4.905043768882751121e-02
4.886725735664367715e-02
4.905488657951354720e-02
4.888920521736145330e-02
4.898049163818359031e-02
4.916471672058105730e-02
4.826502895355224559e-02
4.893198776245117482e-02
4.947561597824096796e-02
4.888695359230041393e-02
4.881995177268982217e-02
4.864815020561218117e-02
4.915823984146118486e-02
4.816628742218017484e-02
4.888874673843383867e-02
4.880868482589721669e-02
4.893806695938110463e-02
4.851795077323913657e-02
4.854817008972168307e-02
4.880142211914062500e-02
4.844513154029846114e-02
4.856581163406371859e-02
4.857229208946228088e-02
4.831730294227599976e-02
4.832290267944335665e-02
4.766477799415588107e-02
4.701064157485961709e-02
4.729375696182250982e-02
4.893419337272644082e-02
4.849541020393371288e-02
4.865929269790649631e-02
4.821104812622069996e-02
4.855390930175781244e-02
4.815102910995483487e-02
4.884503626823425565e-02
4.863033223152160578e-02
4.847635984420776284e-02
4.820969676971435802e-02
4.866998529434204274e-02
4.931269788742065341e-02
4.861713695526122953e-02
4.876832604408264105e-02
4.907930541038513228e-02
4.876624989509582841e-02
4.847719430923461831e-02
4.820368385314941634e-02
4.805798649787902665e-02
4.855372905731201311e-02
4.914729475975036788e-02
4.874185705184936462e-02
4.800798344612121349e-02
4.791077470779418757e-02
4.892498421669006642e-02
4.896510648727416676e-02
4.899437427520751676e-02
4.875208687782287692e-02
4.877329134941101041e-02
4.888492083549499795e-02
4.847821974754333574e-02
4.846508073806762851e-02
4.863911819458007629e-02
4.855987453460693104e-02
4.952520275115966653e-02
4.934566664695740068e-02
4.872902178764343395e-02
4.915054965019226285e-02
4.904065704345703103e-02
4.885079813003539995e-02
4.883622503280639349e-02
4.922798204421997142e-02
4.934150481224060247e-02
4.869991707801819142e-02
4.885037279129028631e-02
4.910433793067932318e-02
4.897780466079711820e-02
4.885542678833007524e-02
4.859342813491820956e-02
4.857727336883545244e-02
4.860996818542480391e-02
4.866947722434997875e-02
4.852869606018066218e-02
4.862090373039245489e-02
4.872113442420959728e-02
4.861378574371338218e-02
4.850965595245361472e-02
4.871159243583679521e-02
4.875366997718810769e-02
4.896345162391662481e-02
4.914637923240661871e-02
4.931933784484863331e-02
4.861309838294983199e-02
4.888638043403625150e-02
4.830205297470092918e-02
4.862740135192870905e-02
4.874719190597533863e-02
4.929166388511657670e-02
4.880432724952697698e-02
4.871347141265869318e-02
4.896114730834960627e-02
4.896892166137695179e-02
4.894852924346923539e-02
4.876449155807495439e-02
4.893887281417846902e-02
4.885682201385498080e-02
4.887070012092590426e-02
4.850235342979430930e-02
4.896827888488769487e-02
4.896478438377380171e-02
4.933224654197693182e-02
4.860959911346435236e-02
4.937813115119934343e-02
4.888049459457397689e-02
4.869487071037292142e-02
4.928301596641540550e-02
4.869715380668639820e-02
4.947343373298645347e-02
4.923829936981201361e-02
4.882384109497070468e-02
4.889992308616638444e-02
4.908352303504943948e-02
4.930570340156555098e-02
4.874976444244384644e-02
4.892892074584961198e-02
4.867946624755859625e-02
4.917258214950561562e-02
4.880063533782959262e-02
4.875732660293578824e-02
4.901888799667358104e-02
4.896806836128234780e-02
4.903652334213257080e-02
4.937959742546081665e-02
4.941350746154785090e-02
4.914163303375244235e-02
4.908406639099121421e-02
4.946541118621826383e-02
4.917672562599181840e-02
4.874928545951843356e-02
4.926719498634338223e-02
4.917206263542175243e-02
4.901563787460327254e-02
4.889590525627136169e-02
4.884645438194274575e-02
4.882095670700073442e-02
4.914041852951049616e-02
4.936303353309631076e-02
4.888010931015014660e-02
4.897746324539184459e-02
4.936566257476806413e-02
4.902673792839050415e-02
4.903323149681091536e-02
4.876516437530517556e-02
4.869924521446228338e-02
4.854900574684142822e-02
4.906148886680603005e-02
4.884567022323608315e-02
4.870287728309631581e-02
4.850692844390869229e-02
4.920916628837585655e-02
4.903510046005248729e-02
4.973054814338684348e-02
4.925886034965515359e-02
4.916395926475524564e-02
4.915957880020141446e-02
4.910702419281005870e-02
4.939491057395935247e-02
4.910970139503478826e-02
4.911174130439758395e-02
4.904649114608764654e-02
4.902838826179504311e-02
4.922129583358764854e-02
4.944276618957519492e-02
4.915202331542968539e-02
4.941582965850829789e-02
4.779056692123413025e-02
4.701621413230896301e-02
4.914741206169128546e-02
4.873500156402588157e-02
4.915451240539550626e-02
4.898140144348144681e-02
4.881954669952392328e-02
4.913933444023132341e-02
4.872663760185241832e-02
4.875536727905273315e-02
4.893721079826354736e-02
4.901735162734985329e-02
4.923349976539612149e-02
4.876232075691223217e-02
4.861345005035400124e-02
4.848220872879028392e-02
4.885194516181946139e-02
