1.439726155435039345e+02
1.450126086841734150e+02
1.578515703766893807e+02
1.590466741243022852e+02
1.586142536758028427e+02
1.457544495711543675e+02
1.406828691355777892e+02
1.341062795122341242e+02
1.259595726541492695e+02
1.292812710825167812e+02
1.207039240184375473e+02
1.265231812279963606e+02
1.261150707372450057e+02
1.133827010480565036e+02
1.056179930839265637e+02
8.099906210261096362e+01
5.687478851696338467e+01
8.110886012181948956e+01
6.712618027228948847e+01
9.340500722634436670e+01
7.411157915644125183e+01
4.441478084793605063e+01
6.509419170248747832e+01
6.406797087188550677e+01
5.299852104112547835e+01
4.750379289719734288e+01
4.926158364917246502e+01
4.216395908995410480e+01
4.590190116896191341e+01
2.567515237948622087e+01
7.169644961763104618e+01
3.664690458646727933e+01
7.763686610711511094e+01
1.928645079045097432e+01
3.987068660118833918e+01
1.275051929449995036e+01
1.999863210090613919e+01
1.223649609230668212e+01
2.148031608524977187e+01
1.708041723093079156e+01
7.411598154248418169e+00
2.597697128081120610e+01
2.516791032635529746e+01
1.452082568869092860e+01
2.269963913995915661e+01
1.064646175953975238e+01
1.194671486013968931e+01
2.692781192297173121e+01
1.745482677730473497e+01
1.263604257568787226e+01
1.120363636322847967e+01
1.076318058013852230e+01
2.473240497833398166e+01
1.074595178163178311e+01
1.030162673449987132e+01
1.277433323815680488e+01
1.357746261414527034e+01
8.897087868602245209e+00
1.178425387645646794e+01
8.354631781954488190e+00
1.334068721758880116e+01
1.222166633053383755e+01
8.891368250356311620e+00
1.226631927684253043e+01
1.611114861469480175e+01
1.011526453767695877e+01
1.235876812951322101e+01
8.848396607688348681e+00
1.181347668932378170e+01
8.460675764016766465e+00
1.323822981369134766e+01
9.074988002555189226e+00
1.283928296940452007e+01
7.962449607271762098e+00
1.259330489229930272e+01
8.424677840750085522e+00
9.169646232363707128e+00
1.250440338523624462e+01
1.058190056880445162e+01
1.056246821014517145e+01
8.830932471158442709e+00
1.131601505635974725e+01
1.043350511306822170e+01
1.119089295946652562e+01
1.062422681710265238e+01
8.467058777361026856e+00
1.689204663146913177e+01
7.798665883463568704e+00
9.611126791078570264e+00
9.633442634188037701e+00
1.178329419731992367e+01
1.180500083135549083e+01
7.544607479438782960e+00
1.383042384127700153e+01
1.199012466403315713e+01
1.063690268586659649e+01
1.104204046893587865e+01
1.693487887859655316e+01
1.107790810366809531e+01
8.551671670061526953e+00
7.382767415528575405e+00
1.382219630429607271e+01
1.233312775273559758e+01
1.142762065981008668e+01
6.315411448152771889e+00
9.147758542892646005e+00
8.973792068189185400e+00
6.778551748971761270e+00
1.326704088926385161e+01
9.555231225691521502e+00
9.275632393455374824e+00
1.693149519932459768e+01
1.256683792314473358e+01
1.683942237956624055e+01
7.869060031038388914e+00
7.230065073758827232e+00
1.364609364872092812e+01
6.378715099090454643e+00
1.034959016704684664e+01
1.077544136637974503e+01
7.490734374932568329e+00
9.333025149630866935e+00
6.272109453991490113e+00
1.024810372212721887e+01
1.134746295045356668e+01
9.173318550845635855e+00
8.199201466542348271e+00
1.971819871757434584e+01
7.393892644895188937e+00
7.412691918408112812e+00
1.033620467828784228e+01
1.335992996696347390e+01
8.851975405473806902e+00
7.493926272476509887e+00
1.125701816790788534e+01
8.020257390633503292e+00
1.008723970336854059e+01
1.259087485844704446e+01
1.168094961006092447e+01
9.983967542002787354e+00
9.373539498910627543e+00
1.247834214129524710e+01
9.372135201703596152e+00
6.694737235413942500e+00
9.385827246099358590e+00
7.169178751799464067e+00
1.069053453810114540e+01
9.388295390462442214e+00
1.067770438060635918e+01
5.904020401530355677e+00
9.821833110889199858e+00
1.262069339620073372e+01
9.352510062667619195e+00
8.142425709118002786e+00
7.980712748682521784e+00
9.337924531110004978e+00
5.820228810461444802e+00
1.118364872837303636e+01
8.002993419698208655e+00
5.522188000436250022e+00
6.324605793675674548e+00
1.034899650193283094e+01
1.196914892758800164e+01
1.108510864249347883e+01
6.124684283334960178e+00
7.449057719642483200e+00
1.036521092631831387e+01
5.689422270213940536e+00
6.134034159962789445e+00
8.188819096232442973e+00
5.882568902290522317e+00
1.180569801311785838e+01
7.140054169829806341e+00
9.016469744566879996e+00
6.867450277274501858e+00
1.281320154108535370e+01
5.684625887718252280e+00
5.699102826549911960e+00
1.133385659419742986e+01
9.681581295213751659e+00
8.736844432891352596e+00
4.728361915118255432e+00
9.448606348250471854e+00
7.029145867160830008e+00
5.632163176397900983e+00
8.083835263459384635e+00
7.972099278011402390e+00
7.207306783364775704e+00
6.130909205226454439e+00
5.772781122094550632e+00
5.369910937784390548e+00
6.430104578439620688e+00
6.703837819210461291e+00
1.040917601771922207e+01
7.880835543109471431e+00
4.480424932789744297e+00
3.789712783802498652e+00
5.340509970653915417e+00
5.333025266241965490e+00
1.246845202514474771e+01
4.993721749613286853e+00
4.934352435004127457e+00
5.211246639310628481e+00
5.104782582596980589e+00
9.965609393229795998e+00
6.435735682847722572e+00
8.347175894985038980e+00
9.112273763180537500e+00
1.073998227069147404e+01
6.328544049224209544e+00
1.005234256055244835e+01
1.009960910996860228e+01
1.194914941880775316e+01
5.674729471840110229e+00
4.962154449821201574e+00
7.226557742952546270e+00
6.693366010120546328e+00
6.805748151799953405e+00
5.390242740235170693e+00
6.310459426612035294e+00
4.732636760916566487e+00
5.360756188328059224e+00
6.870094198670990693e+00
5.238931523649787536e+00
8.006333442705676262e+00
5.639519006449920546e+00
3.881900752934396515e+00
8.207518774081794533e+00
5.516394291367202385e+00
6.045418384730312233e+00
8.354260861945030925e+00
6.973537846183894828e+00
4.910124112434133714e+00
3.763796534664071824e+00
6.075716447263673103e+00
6.238503391226681849e+00
7.832732063045188653e+00
7.392162369289078327e+00
3.818973995513570419e+00
5.450745757873987962e+00
9.264288694985634010e+00
4.557199286439306718e+00
4.716675243726304423e+00
5.243119543099282964e+00
3.951626015109402701e+00
7.186172752859502744e+00
6.599292008887427841e+00
6.057770369875647987e+00
8.512973561062230132e+00
4.857736373643360750e+00
4.040552793106718887e+00
6.924192029103678259e+00
8.286489235853276014e+00
4.349349844589161407e+00
5.047879335553994373e+00
7.310960423798522179e+00
5.869494107472521982e+00
4.096603354613770342e+00
6.363645561732053757e+00
4.793052096785185512e+00
4.948655722844428340e+00
3.984214546931923451e+00
5.021171774709591418e+00
2.578253727109906190e+00
9.236896141571193652e+00
4.200227666899230883e+00
4.362631964077154478e+00
5.375274916725576446e+00
7.304767010919713144e+00
7.299743698739775688e+00
4.954907758886213820e+00
5.495157301472140432e+00
5.694507594401753359e+00
3.947719604138184124e+00
5.813025479490648628e+00
4.139433649732457532e+00
4.309064282766702725e+00
9.333951528952107779e+00
5.199109086431660032e+00
5.217661228801250495e+00
3.930463978241336420e+00
6.016991705924340295e+00
4.758575749674346156e+00
5.505818102984027185e+00
4.003298887222840996e+00
6.723781695898047417e+00
3.007624965783400661e+00
6.276948260944146263e+00
3.033809127561999830e+00
5.037477342460924490e+00
4.510919151581822106e+00
5.034539535747477146e+00
4.064146718611581832e+00
8.310590398258961287e+00
4.176800532839317626e+00
5.000852768845398977e+00
4.089756930709235405e+00
5.266270589426304660e+00
8.539773605939611656e+00
5.861488813005497178e+00
4.556912355107159307e+00
7.840906440483981221e+00
3.622360456225454772e+00
4.796923428838764991e+00
5.232575077668421670e+00
6.701259402715510127e+00
6.025280842723911512e+00
5.012246741996680299e+00
3.973542505039662665e+00
4.515993176777684859e+00
5.555714952800680173e+00
4.641940004339999426e+00
6.114601839714118192e+00
5.219785209321210928e+00
5.796188092895707022e+00
8.148897363085294998e+00
5.748912301296434713e+00
3.326789283620052995e+00
3.476799559935365824e+00
4.311322244158475314e+00
8.332802290102680587e+00
7.644448926806230560e+00
7.534860978610868898e+00
5.736192544632489287e+00
2.923764396802701171e+00
4.611583696568332336e+00
4.084003448800601177e+00
5.996637110042604135e+00
4.109860681772143920e+00
3.606459151090008586e+00
4.602562116788361024e+00
6.327409871588037582e+00
6.084531736889658760e+00
5.325934764161053714e+00
3.412154958596806509e+00
6.812851874443161648e+00
3.852719308309467294e+00
5.604184545078331858e+00
4.247536644660217853e+00
4.818381771039515371e+00
6.450816466540949534e+00
4.679642255216205804e+00
6.862806321669761900e+00
3.977669362936038677e+00
5.452502716993284260e+00
5.897851059689789288e+00
6.838890968123744862e+00
2.631216389850862925e+00
5.656205729562477913e+00
5.115108218028730391e+00
5.615384592209005099e+00
6.942732451069563382e+00
4.581120771021335969e+00
5.828674057480178305e+00
6.306400581290709795e+00
8.768214763732267159e+00
5.707920981782411474e+00
5.541532369489761578e+00
1.558629942903998078e+01
4.955309673141369942e+00
4.748635204699269252e+00
5.200459347841803748e+00
7.261649455279670207e+00
5.335789813394223202e+00
9.630655586875629837e+00
7.321474792298412915e+00
5.116096243176111891e+00
5.789353503799009815e+00
4.739528440408985688e+00
3.741617081787708354e+00
5.019544969691296821e+00
3.444911952308755687e+00
6.435457817153165117e+00
8.555030762296071956e+00
1.361811151990029956e+01
3.642630639781217372e+00
4.683810962667308786e+00
6.178375489095795814e+00
6.329579998691975184e+00
7.136207063580471299e+00
4.068978175501107408e+00
6.567680969460717222e+00
3.953828415389112116e+00
2.794628351339278005e+00
4.416846903364157306e+00
8.332234030537870595e+00
6.513056110137348753e+00
3.086840753420202255e+00
4.056227240951481683e+00
4.500577912823806592e+00
3.591920246087337176e+00
3.376194106589621047e+00
4.743039894492106612e+00
3.834051201223729777e+00
7.374747505083913524e+00
3.195715200178480764e+00
5.544097655422489446e+00
9.687325465935769486e+00
5.062386289451300314e+00
4.573612891943247938e+00
3.069269637868137224e+00
3.001143457643174361e+00
5.449081203432680098e+00
4.786477974609754327e+00
5.418976652701745778e+00
3.774270445789173589e+00
4.813516239222118465e+00
5.349134493226801013e+00
1.365858186050700773e+01
4.548606052195927063e+00
3.299443040993501608e+00
4.118611242182553589e+00
3.927932160981331133e+00
1.083587648306019346e+01
3.793378996242660062e+00
5.803888223632986509e+00
4.455370135266742082e+00
5.142333822458393655e+00
3.210858450896954874e+00
4.091690242258689381e+00
4.191613121623534610e+00
4.727900921453701777e+00
6.090632506045350780e+00
2.518601744616250748e+00
3.282629894733089415e+00
4.358159177703242904e+00
4.639903740439590862e+00
9.802299023674699185e+00
7.045829158493855715e+00
5.651473893492354961e+00
6.469675529849370221e+00
3.688912558564797273e+00
4.251355053343887747e+00
3.274400596741141811e+00
5.304715964595379418e+00
5.678706991405278792e+00
6.483944399794097535e+00
4.135038354450290221e+00
6.226479462518991426e+00
5.190942317748985069e+00
3.371199932799268772e+00
4.011220691443416975e+00
2.915511526095118988e+00
5.784276469343604177e+00
6.328150894282252636e+00
2.886616054255113362e+00
4.078873607215590447e+00
2.660313838362059258e+00
6.605096302694644095e+00
4.550419454706323030e+00
1.444442753636303323e+01
7.753820215918063141e+00
8.068928482950681769e+00
5.393332206848069355e+00
5.419723016402067550e+00
4.030647154457866144e+00
4.889560935673330277e+00
5.166176755161269618e+00
7.685943120533113238e+00
8.544778303658974394e+00
5.570772906407863267e+00
8.439684378498247597e+00
5.356862839273523136e+00
4.804573087615431781e+00
5.224452304461078889e+00
6.330533879373666295e+00
5.332211769509989985e+00
4.046699100816859129e+00
5.066129089864426227e+00
5.929923551991250541e+00
4.511772204575814627e+00
2.981318133484541555e+00
8.180418987372092943e+00
8.060978486309185342e+00
4.501177560478399897e+00
4.814526554943348913e+00
5.215754524709271145e+00
8.355761162635985784e+00
4.460674446467131737e+00
6.021144229384040258e+00
7.829170371342017098e+00
1.038319115787147595e+01
