2.059390800000000000e+07
2.065256000000000000e+07
2.065256000000000000e+07
2.066255200000000000e+07
2.068713200000000000e+07
2.068713200000000000e+07
2.068713200000000000e+07
2.068713200000000000e+07
2.069408800000000000e+07
2.069482400000000000e+07
2.069482400000000000e+07
2.069492000000000000e+07
2.069492000000000000e+07
2.069492000000000000e+07
2.069876000000000000e+07
2.069876000000000000e+07
2.069957600000000000e+07
2.069957600000000000e+07
2.070080800000000000e+07
2.070182400000000000e+07
2.070182400000000000e+07
2.070586000000000000e+07
2.070620400000000000e+07
2.070620400000000000e+07
2.070620400000000000e+07
2.070620400000000000e+07
2.070620400000000000e+07
2.070620400000000000e+07
2.070620400000000000e+07
2.070620400000000000e+07
2.070620400000000000e+07
2.070620400000000000e+07
2.070620400000000000e+07
2.070620400000000000e+07
2.070620400000000000e+07
2.070620400000000000e+07
2.070620400000000000e+07
2.070620400000000000e+07
2.070620400000000000e+07
2.070620400000000000e+07
2.070620400000000000e+07
2.070620400000000000e+07
2.070620400000000000e+07
2.070620400000000000e+07
2.070620400000000000e+07
2.070620400000000000e+07
2.070620400000000000e+07
2.070620400000000000e+07
2.070620400000000000e+07
2.070620400000000000e+07
2.070620400000000000e+07
2.070620400000000000e+07
2.070620400000000000e+07
2.070620400000000000e+07
2.070620400000000000e+07
2.070620400000000000e+07
2.070620400000000000e+07
2.070620400000000000e+07
2.070620400000000000e+07
2.070620400000000000e+07
2.070620400000000000e+07
2.070620400000000000e+07
2.070620400000000000e+07
2.070620400000000000e+07
2.070620400000000000e+07
2.070620400000000000e+07
2.070620400000000000e+07
2.070620400000000000e+07
2.070620400000000000e+07
2.070620400000000000e+07
2.070620400000000000e+07
2.070620400000000000e+07
2.070620400000000000e+07
2.070620400000000000e+07
2.070620400000000000e+07
2.070620400000000000e+07
2.070620400000000000e+07
2.070620400000000000e+07
2.070620400000000000e+07
2.070620400000000000e+07
2.070620400000000000e+07
2.070620400000000000e+07
2.070620400000000000e+07
2.070620400000000000e+07
2.070620400000000000e+07
2.070620400000000000e+07
2.070620400000000000e+07
2.070620400000000000e+07
2.070620400000000000e+07
2.070620400000000000e+07
2.070620400000000000e+07
2.070620400000000000e+07
2.070620400000000000e+07
2.070620400000000000e+07
2.070620400000000000e+07
2.070620400000000000e+07
2.070620400000000000e+07
2.070620400000000000e+07
2.070620400000000000e+07
2.070620400000000000e+07
2.070620400000000000e+07
2.070620400000000000e+07
2.070620400000000000e+07
2.070620400000000000e+07
2.070620400000000000e+07
2.070620400000000000e+07
2.070620400000000000e+07
2.070620400000000000e+07
2.070620400000000000e+07
2.070620400000000000e+07
2.070620400000000000e+07
2.070620400000000000e+07
2.070620400000000000e+07
2.070620400000000000e+07
2.070620400000000000e+07
2.070620400000000000e+07
2.070620400000000000e+07
2.070620400000000000e+07
2.070620400000000000e+07
2.070620400000000000e+07
2.070620400000000000e+07
2.070620400000000000e+07
2.070620400000000000e+07
2.070620400000000000e+07
2.070620400000000000e+07
2.070620400000000000e+07
2.070620400000000000e+07
2.070620400000000000e+07
2.070620400000000000e+07
2.070620400000000000e+07
2.070620400000000000e+07
2.070620400000000000e+07
2.070620400000000000e+07
2.070620400000000000e+07
2.070620400000000000e+07
2.070620400000000000e+07
2.070620400000000000e+07
2.070620400000000000e+07
2.070620400000000000e+07
2.070620400000000000e+07
2.070620400000000000e+07
2.070620400000000000e+07
2.070620400000000000e+07
2.070620400000000000e+07
2.070620400000000000e+07
2.070620400000000000e+07
2.070620400000000000e+07
2.070620400000000000e+07
2.070620400000000000e+07
2.070620400000000000e+07
2.070620400000000000e+07
2.070620400000000000e+07
2.070620400000000000e+07
2.070620400000000000e+07
2.070620400000000000e+07
2.070620400000000000e+07
2.070620400000000000e+07
2.070620400000000000e+07
2.070620400000000000e+07
2.070620400000000000e+07
2.070620400000000000e+07
2.070620400000000000e+07
2.070620400000000000e+07
2.070620400000000000e+07
2.070620400000000000e+07
2.070620400000000000e+07
2.070620400000000000e+07
2.070620400000000000e+07
2.070620400000000000e+07
2.070620400000000000e+07
2.070620400000000000e+07
2.070620400000000000e+07
2.070620400000000000e+07
2.070620400000000000e+07
2.070620400000000000e+07
2.070620400000000000e+07
2.070620400000000000e+07
2.070620400000000000e+07
2.070620400000000000e+07
2.070620400000000000e+07
2.070620400000000000e+07
2.070620400000000000e+07
2.070620400000000000e+07
2.070620400000000000e+07
2.070620400000000000e+07
2.070620400000000000e+07
2.070620400000000000e+07
2.070620400000000000e+07
2.070620400000000000e+07
2.070620400000000000e+07
2.070620400000000000e+07
2.070620400000000000e+07
2.070620400000000000e+07
2.070620400000000000e+07
2.070620400000000000e+07
2.070620400000000000e+07
2.070620400000000000e+07
2.070620400000000000e+07
2.070620400000000000e+07
2.070620400000000000e+07
2.070620400000000000e+07
2.070620400000000000e+07
2.070620400000000000e+07
2.070620400000000000e+07
2.070620400000000000e+07
2.070620400000000000e+07
2.070620400000000000e+07
2.070620400000000000e+07
2.070620400000000000e+07
2.070620400000000000e+07
2.070620400000000000e+07
2.070620400000000000e+07
2.070620400000000000e+07
2.070620400000000000e+07
2.070620400000000000e+07
2.070620400000000000e+07
2.070620400000000000e+07
2.070620400000000000e+07
2.070620400000000000e+07
2.070620400000000000e+07
2.070620400000000000e+07
2.070620400000000000e+07
2.070620400000000000e+07
2.070620400000000000e+07
2.070620400000000000e+07
2.070620400000000000e+07
2.070620400000000000e+07
2.070620400000000000e+07
2.070620400000000000e+07
2.070620400000000000e+07
2.070620400000000000e+07
2.070620400000000000e+07
2.070620400000000000e+07
2.070620400000000000e+07
2.070620400000000000e+07
2.070620400000000000e+07
2.070620400000000000e+07
2.070620400000000000e+07
2.070620400000000000e+07
2.070620400000000000e+07
2.070620400000000000e+07
2.070620400000000000e+07
2.070620400000000000e+07
2.070620400000000000e+07
2.070620400000000000e+07
2.070620400000000000e+07
2.070620400000000000e+07
2.070620400000000000e+07
2.070620400000000000e+07
2.070620400000000000e+07
2.070620400000000000e+07
2.070620400000000000e+07
2.070620400000000000e+07
2.070620400000000000e+07
2.070620400000000000e+07
2.070620400000000000e+07
2.070620400000000000e+07
2.070620400000000000e+07
2.070620400000000000e+07
2.070620400000000000e+07
2.070620400000000000e+07
2.070620400000000000e+07
2.070620400000000000e+07
2.070620400000000000e+07
2.070620400000000000e+07
2.070620400000000000e+07
2.070620400000000000e+07
2.070620400000000000e+07
2.070620400000000000e+07
2.070620400000000000e+07
2.070620400000000000e+07
2.070620400000000000e+07
2.070620400000000000e+07
2.070620400000000000e+07
2.070620400000000000e+07
2.070620400000000000e+07
2.070620400000000000e+07
2.070620400000000000e+07
2.070620400000000000e+07
2.070620400000000000e+07
2.070620400000000000e+07
2.070620400000000000e+07
2.070620400000000000e+07
2.070620400000000000e+07
2.070620400000000000e+07
2.070620400000000000e+07
2.070620400000000000e+07
2.070620400000000000e+07
2.070620400000000000e+07
2.070620400000000000e+07
2.070620400000000000e+07
2.070620400000000000e+07
2.070620400000000000e+07
2.070620400000000000e+07
2.070620400000000000e+07
2.070620400000000000e+07
2.070620400000000000e+07
2.070620400000000000e+07
2.070620400000000000e+07
2.070620400000000000e+07
2.070620400000000000e+07
2.070620400000000000e+07
2.070620400000000000e+07
2.070620400000000000e+07
2.070620400000000000e+07
2.070620400000000000e+07
2.070620400000000000e+07
2.070620400000000000e+07
2.070620400000000000e+07
2.070620400000000000e+07
2.070620400000000000e+07
2.070620400000000000e+07
2.070620400000000000e+07
2.070620400000000000e+07
2.070620400000000000e+07
2.070620400000000000e+07
2.070620400000000000e+07
2.070620400000000000e+07
2.070620400000000000e+07
2.070620400000000000e+07
2.070620400000000000e+07
2.070620400000000000e+07
2.070620400000000000e+07
2.070620400000000000e+07
2.070620400000000000e+07
2.070620400000000000e+07
2.070620400000000000e+07
2.070620400000000000e+07
2.070620400000000000e+07
2.070620400000000000e+07
2.070620400000000000e+07
2.070620400000000000e+07
2.070620400000000000e+07
2.070620400000000000e+07
2.070620400000000000e+07
2.070620400000000000e+07
2.070620400000000000e+07
2.070620400000000000e+07
2.070620400000000000e+07
2.070620400000000000e+07
2.070620400000000000e+07
2.070620400000000000e+07
2.070620400000000000e+07
2.070620400000000000e+07
2.070620400000000000e+07
2.070620400000000000e+07
2.070620400000000000e+07
2.070620400000000000e+07
2.070620400000000000e+07
2.070620400000000000e+07
2.070620400000000000e+07
2.070620400000000000e+07
2.070620400000000000e+07
2.070620400000000000e+07
2.070620400000000000e+07
2.070620400000000000e+07
2.070620400000000000e+07
2.070620400000000000e+07
2.070620400000000000e+07
2.070620400000000000e+07
2.070620400000000000e+07
2.070620400000000000e+07
2.070620400000000000e+07
2.070620400000000000e+07
2.070620400000000000e+07
2.070620400000000000e+07
2.070620400000000000e+07
2.070620400000000000e+07
2.070620400000000000e+07
2.070620400000000000e+07
2.070620400000000000e+07
2.070620400000000000e+07
2.070620400000000000e+07
2.070620400000000000e+07
2.070620400000000000e+07
2.070620400000000000e+07
2.070620400000000000e+07
2.070620400000000000e+07
2.070620400000000000e+07
2.070620400000000000e+07
2.070620400000000000e+07
2.070620400000000000e+07
2.070620400000000000e+07
2.070620400000000000e+07
2.070620400000000000e+07
2.070620400000000000e+07
2.070620400000000000e+07
2.070620400000000000e+07
2.070620400000000000e+07
2.070620400000000000e+07
2.070620400000000000e+07
2.070620400000000000e+07
2.070620400000000000e+07
2.070620400000000000e+07
2.070620400000000000e+07
2.070620400000000000e+07
2.070620400000000000e+07
2.070620400000000000e+07
2.070620400000000000e+07
2.070620400000000000e+07
2.070620400000000000e+07
2.070620400000000000e+07
2.070620400000000000e+07
2.070620400000000000e+07
2.070620400000000000e+07
2.070620400000000000e+07
2.070620400000000000e+07
2.070620400000000000e+07
2.070620400000000000e+07
2.070620400000000000e+07
2.070620400000000000e+07
2.070620400000000000e+07
2.070620400000000000e+07
2.070620400000000000e+07
2.070620400000000000e+07
2.070620400000000000e+07
2.070620400000000000e+07
2.070620400000000000e+07
2.070620400000000000e+07
2.070620400000000000e+07
2.070620400000000000e+07
2.070620400000000000e+07
2.070620400000000000e+07
2.070620400000000000e+07
2.070620400000000000e+07
2.070620400000000000e+07
2.070620400000000000e+07
2.070620400000000000e+07
2.070620400000000000e+07
2.070620400000000000e+07
2.070620400000000000e+07
2.070620400000000000e+07
2.070620400000000000e+07
2.070620400000000000e+07
2.070620400000000000e+07
2.070620400000000000e+07
2.070620400000000000e+07
2.070620400000000000e+07
2.070620400000000000e+07
2.070620400000000000e+07
2.070620400000000000e+07
2.070620400000000000e+07
2.070620400000000000e+07
2.070620400000000000e+07
2.070620400000000000e+07
2.070620400000000000e+07
2.070620400000000000e+07
2.070620400000000000e+07
2.070620400000000000e+07
2.070620400000000000e+07
2.070620400000000000e+07
2.070620400000000000e+07
2.070620400000000000e+07
2.070620400000000000e+07
2.070620400000000000e+07
2.070620400000000000e+07
2.070620400000000000e+07
2.070620400000000000e+07
2.070620400000000000e+07
2.070620400000000000e+07
2.070620400000000000e+07
2.070620400000000000e+07
2.070620400000000000e+07
2.070620400000000000e+07
2.070620400000000000e+07
2.070620400000000000e+07
2.070620400000000000e+07
2.070620400000000000e+07
2.070620400000000000e+07
2.070620400000000000e+07
2.070620400000000000e+07
2.070620400000000000e+07
2.070620400000000000e+07
2.070620400000000000e+07
2.070620400000000000e+07
2.070620400000000000e+07
2.070620400000000000e+07
2.070620400000000000e+07
2.070620400000000000e+07
2.070620400000000000e+07
2.070620400000000000e+07
2.070620400000000000e+07
