2.172365600000000000e+07
2.172758800000000000e+07
2.173116000000000000e+07
2.173177200000000000e+07
2.173258000000000000e+07
2.173282400000000000e+07
2.174071200000000000e+07
2.174203600000000000e+07
2.174250000000000000e+07
2.174475200000000000e+07
2.174491200000000000e+07
2.174553600000000000e+07
2.174573600000000000e+07
2.174584400000000000e+07
2.174585200000000000e+07
2.174598000000000000e+07
2.174621200000000000e+07
2.174621200000000000e+07
2.174642800000000000e+07
2.174644000000000000e+07
2.174680000000000000e+07
2.174710800000000000e+07
2.174710800000000000e+07
2.174710800000000000e+07
2.174738800000000000e+07
2.174750000000000000e+07
2.174750000000000000e+07
2.174750000000000000e+07
2.174750000000000000e+07
2.174750000000000000e+07
2.174750000000000000e+07
2.174750000000000000e+07
2.174750000000000000e+07
2.174750000000000000e+07
2.174750000000000000e+07
2.174750000000000000e+07
2.174750000000000000e+07
2.174750000000000000e+07
2.174750000000000000e+07
2.174750000000000000e+07
2.174750000000000000e+07
2.174750000000000000e+07
2.174750000000000000e+07
2.174750000000000000e+07
2.174750000000000000e+07
2.174750000000000000e+07
2.174750000000000000e+07
2.174750000000000000e+07
2.174750000000000000e+07
2.174750000000000000e+07
2.174750000000000000e+07
2.174750000000000000e+07
2.174750000000000000e+07
2.174750000000000000e+07
2.174750000000000000e+07
2.174750000000000000e+07
2.174750000000000000e+07
2.174750000000000000e+07
2.174750000000000000e+07
2.174750000000000000e+07
2.174750000000000000e+07
2.174750000000000000e+07
2.174750000000000000e+07
2.174750000000000000e+07
2.174750000000000000e+07
2.174750000000000000e+07
2.174750000000000000e+07
2.174750000000000000e+07
2.174750000000000000e+07
2.174750000000000000e+07
2.174750000000000000e+07
2.174750000000000000e+07
2.174750000000000000e+07
2.174750000000000000e+07
2.174750000000000000e+07
2.174750000000000000e+07
2.174750000000000000e+07
2.174750000000000000e+07
2.174750000000000000e+07
2.174750000000000000e+07
2.174750000000000000e+07
2.174750000000000000e+07
2.174750000000000000e+07
2.174750000000000000e+07
2.174750000000000000e+07
2.174750000000000000e+07
2.174750000000000000e+07
2.174750000000000000e+07
2.174750000000000000e+07
2.174750000000000000e+07
2.174750000000000000e+07
2.174750000000000000e+07
2.174750000000000000e+07
2.174750000000000000e+07
2.174750000000000000e+07
2.174750000000000000e+07
2.174750000000000000e+07
2.174750000000000000e+07
2.174750000000000000e+07
2.174750000000000000e+07
2.174750000000000000e+07
2.174750000000000000e+07
2.174750000000000000e+07
2.174750000000000000e+07
2.174750000000000000e+07
2.174750000000000000e+07
2.174750000000000000e+07
2.174750000000000000e+07
2.174750000000000000e+07
2.174750000000000000e+07
2.174750000000000000e+07
2.174750000000000000e+07
2.174750000000000000e+07
2.174750000000000000e+07
2.174750000000000000e+07
2.174750000000000000e+07
2.174750000000000000e+07
2.174750000000000000e+07
2.174750000000000000e+07
2.174750000000000000e+07
2.174750000000000000e+07
2.174750000000000000e+07
2.174750000000000000e+07
2.174750000000000000e+07
2.174750000000000000e+07
2.174750000000000000e+07
2.174750000000000000e+07
2.174750000000000000e+07
2.174750000000000000e+07
2.174750000000000000e+07
2.174750000000000000e+07
2.174750000000000000e+07
2.174750000000000000e+07
2.174750000000000000e+07
2.174750000000000000e+07
2.174750000000000000e+07
2.174750000000000000e+07
2.174750000000000000e+07
2.174750000000000000e+07
2.174750000000000000e+07
2.174750000000000000e+07
2.174750000000000000e+07
2.174750000000000000e+07
2.174750000000000000e+07
2.174750000000000000e+07
2.174750000000000000e+07
2.174750000000000000e+07
2.174750000000000000e+07
2.174750000000000000e+07
2.174750000000000000e+07
2.174750000000000000e+07
2.174750000000000000e+07
2.174750000000000000e+07
2.174750000000000000e+07
2.174750000000000000e+07
2.174750000000000000e+07
2.174750000000000000e+07
2.174750000000000000e+07
2.174750000000000000e+07
2.174750000000000000e+07
2.174750000000000000e+07
2.174750000000000000e+07
2.174750000000000000e+07
2.174750000000000000e+07
2.174750000000000000e+07
2.174750000000000000e+07
2.174750000000000000e+07
2.174750000000000000e+07
2.174750000000000000e+07
2.174750000000000000e+07
2.174750000000000000e+07
2.174750000000000000e+07
2.174750000000000000e+07
2.174750000000000000e+07
2.174750000000000000e+07
2.174750000000000000e+07
2.174750000000000000e+07
2.174750000000000000e+07
2.174750000000000000e+07
2.174750000000000000e+07
2.174750000000000000e+07
2.174750000000000000e+07
2.174750000000000000e+07
2.174750000000000000e+07
2.174750000000000000e+07
2.174750000000000000e+07
2.174750000000000000e+07
2.174750000000000000e+07
2.174750000000000000e+07
2.174750000000000000e+07
2.174750000000000000e+07
2.174750000000000000e+07
2.174750000000000000e+07
2.174750000000000000e+07
2.174750000000000000e+07
2.174750000000000000e+07
2.174750000000000000e+07
2.174750000000000000e+07
2.174750000000000000e+07
2.174750000000000000e+07
2.174750000000000000e+07
2.174750000000000000e+07
2.174750000000000000e+07
2.174750000000000000e+07
2.174750000000000000e+07
2.174750000000000000e+07
2.174750000000000000e+07
2.174750000000000000e+07
2.174750000000000000e+07
2.174750000000000000e+07
2.174750000000000000e+07
2.174750000000000000e+07
2.174750000000000000e+07
2.174750000000000000e+07
2.174750000000000000e+07
2.174750000000000000e+07
2.174750000000000000e+07
2.174750000000000000e+07
2.174750000000000000e+07
2.174750000000000000e+07
2.174750000000000000e+07
2.174750000000000000e+07
2.174750000000000000e+07
2.174750000000000000e+07
2.174750000000000000e+07
2.174750000000000000e+07
2.174750000000000000e+07
2.174750000000000000e+07
2.174750000000000000e+07
2.174750000000000000e+07
2.174750000000000000e+07
2.174750000000000000e+07
2.174750000000000000e+07
2.174750000000000000e+07
2.174750000000000000e+07
2.174750000000000000e+07
2.174750000000000000e+07
2.174750000000000000e+07
2.174750000000000000e+07
2.174750000000000000e+07
2.174750000000000000e+07
2.174750000000000000e+07
2.174750000000000000e+07
2.174750000000000000e+07
2.174750000000000000e+07
2.174750000000000000e+07
2.174750000000000000e+07
2.174750000000000000e+07
2.174750000000000000e+07
2.174750000000000000e+07
2.174750000000000000e+07
2.174750000000000000e+07
2.174750000000000000e+07
2.174750000000000000e+07
2.174750000000000000e+07
2.174750000000000000e+07
2.174750000000000000e+07
2.174750000000000000e+07
2.174750000000000000e+07
2.174750000000000000e+07
2.174750000000000000e+07
2.174750000000000000e+07
2.174750000000000000e+07
2.174750000000000000e+07
2.174750000000000000e+07
2.174750000000000000e+07
2.174750000000000000e+07
2.174750000000000000e+07
2.174750000000000000e+07
2.174750000000000000e+07
2.174750000000000000e+07
2.174750000000000000e+07
2.174750000000000000e+07
2.174750000000000000e+07
2.174750000000000000e+07
2.174750000000000000e+07
2.174750000000000000e+07
2.174750000000000000e+07
2.174750000000000000e+07
2.174750000000000000e+07
2.174750000000000000e+07
2.174750000000000000e+07
2.174750000000000000e+07
2.174750000000000000e+07
2.174750000000000000e+07
2.174750000000000000e+07
2.174750000000000000e+07
2.174750000000000000e+07
2.174750000000000000e+07
2.174750000000000000e+07
2.174750000000000000e+07
2.174750000000000000e+07
2.174750000000000000e+07
2.174750000000000000e+07
2.174750000000000000e+07
2.174750000000000000e+07
2.174750000000000000e+07
2.174750000000000000e+07
2.174750000000000000e+07
2.174750000000000000e+07
2.174750000000000000e+07
2.174750000000000000e+07
2.174750000000000000e+07
2.174750000000000000e+07
2.174750000000000000e+07
2.174750000000000000e+07
2.174750000000000000e+07
2.174750000000000000e+07
2.174750000000000000e+07
2.174750000000000000e+07
2.174750000000000000e+07
2.174750000000000000e+07
2.174750000000000000e+07
2.174750000000000000e+07
2.174750000000000000e+07
2.174750000000000000e+07
2.174750000000000000e+07
2.174750000000000000e+07
2.174750000000000000e+07
2.174750000000000000e+07
2.174750000000000000e+07
2.174750000000000000e+07
2.174750000000000000e+07
2.174750000000000000e+07
2.174750000000000000e+07
2.174750000000000000e+07
2.174750000000000000e+07
2.174750000000000000e+07
2.174750000000000000e+07
2.174750000000000000e+07
2.174750000000000000e+07
2.174750000000000000e+07
2.174750000000000000e+07
2.174750000000000000e+07
2.174750000000000000e+07
2.174750000000000000e+07
2.174750000000000000e+07
2.174750000000000000e+07
2.174750000000000000e+07
2.174750000000000000e+07
2.174750000000000000e+07
2.174750000000000000e+07
2.174750000000000000e+07
2.174750000000000000e+07
2.174750000000000000e+07
2.174750000000000000e+07
2.174750000000000000e+07
2.174750000000000000e+07
2.174750000000000000e+07
2.174750000000000000e+07
2.174750000000000000e+07
2.174750000000000000e+07
2.174750000000000000e+07
2.174750000000000000e+07
2.174750000000000000e+07
2.174750000000000000e+07
2.174750000000000000e+07
2.174750000000000000e+07
2.174750000000000000e+07
2.174750000000000000e+07
2.174750000000000000e+07
2.174750000000000000e+07
2.174750000000000000e+07
2.174750000000000000e+07
2.174750000000000000e+07
2.174750000000000000e+07
2.174750000000000000e+07
2.174750000000000000e+07
2.174750000000000000e+07
2.174750000000000000e+07
2.174750000000000000e+07
2.174750000000000000e+07
2.174750000000000000e+07
2.174750000000000000e+07
2.174750000000000000e+07
2.174750000000000000e+07
2.174750000000000000e+07
2.174750000000000000e+07
2.174750000000000000e+07
2.174750000000000000e+07
2.174750000000000000e+07
2.174750000000000000e+07
2.174750000000000000e+07
2.174750000000000000e+07
2.174750000000000000e+07
2.174750000000000000e+07
2.174750000000000000e+07
2.174750000000000000e+07
2.174750000000000000e+07
2.174750000000000000e+07
2.174750000000000000e+07
2.174750000000000000e+07
2.174750000000000000e+07
2.174750000000000000e+07
2.174750000000000000e+07
2.174750000000000000e+07
2.174750000000000000e+07
2.174750000000000000e+07
2.174750000000000000e+07
2.174750000000000000e+07
2.174750000000000000e+07
2.174750000000000000e+07
2.174750000000000000e+07
2.174750000000000000e+07
2.174750000000000000e+07
2.174750000000000000e+07
2.174750000000000000e+07
2.174750000000000000e+07
2.174750000000000000e+07
2.174750000000000000e+07
2.174750000000000000e+07
2.174750000000000000e+07
2.174750000000000000e+07
2.174750000000000000e+07
2.174750000000000000e+07
2.174750000000000000e+07
2.174750000000000000e+07
2.174750000000000000e+07
2.174750000000000000e+07
2.174750000000000000e+07
2.174750000000000000e+07
2.174750000000000000e+07
2.174750000000000000e+07
2.174750000000000000e+07
2.174750000000000000e+07
2.174750000000000000e+07
2.174750000000000000e+07
2.174750000000000000e+07
2.174750000000000000e+07
2.174750000000000000e+07
2.174750000000000000e+07
2.174750000000000000e+07
2.174750000000000000e+07
2.174750000000000000e+07
2.174750000000000000e+07
2.174750000000000000e+07
2.174750000000000000e+07
2.174750000000000000e+07
2.174750000000000000e+07
2.174750000000000000e+07
2.174750000000000000e+07
2.174750000000000000e+07
2.174750000000000000e+07
2.174750000000000000e+07
2.174750000000000000e+07
2.174750000000000000e+07
2.174750000000000000e+07
2.174750000000000000e+07
2.174750000000000000e+07
2.174750000000000000e+07
2.174750000000000000e+07
2.174750000000000000e+07
2.174750000000000000e+07
2.174750000000000000e+07
2.174750000000000000e+07
2.174750000000000000e+07
2.174750000000000000e+07
2.174750000000000000e+07
2.174750000000000000e+07
2.174750000000000000e+07
2.174750000000000000e+07
2.174750000000000000e+07
2.174750000000000000e+07
2.174750000000000000e+07
2.174750000000000000e+07
2.174750000000000000e+07
2.174750000000000000e+07
2.174750000000000000e+07
2.174750000000000000e+07
2.174750000000000000e+07
2.174750000000000000e+07
2.174750000000000000e+07
2.174750000000000000e+07
2.174750000000000000e+07
2.174750000000000000e+07
2.174750000000000000e+07
2.174750000000000000e+07
2.174750000000000000e+07
2.174750000000000000e+07
2.174750000000000000e+07
2.174750000000000000e+07
2.174750000000000000e+07
2.174750000000000000e+07
2.174750000000000000e+07
2.174750000000000000e+07
2.174750000000000000e+07
2.174750000000000000e+07
2.174750000000000000e+07
2.174750000000000000e+07
2.174750000000000000e+07
2.174750000000000000e+07
2.174750000000000000e+07
2.174750000000000000e+07
2.174750000000000000e+07
2.174750000000000000e+07
2.174750000000000000e+07
2.174750000000000000e+07
2.174750000000000000e+07
2.174750000000000000e+07
2.174750000000000000e+07
2.174750000000000000e+07
2.174750000000000000e+07
2.174750000000000000e+07
2.174750000000000000e+07
2.174750000000000000e+07
2.174750000000000000e+07
2.174750000000000000e+07
2.174750000000000000e+07
2.174750000000000000e+07
2.174750000000000000e+07
2.174750000000000000e+07
2.174750000000000000e+07
2.174750000000000000e+07
2.174750000000000000e+07
2.174750000000000000e+07
2.174750000000000000e+07
2.174750000000000000e+07
2.174750000000000000e+07
2.174750000000000000e+07
2.174750000000000000e+07
2.174750000000000000e+07
2.174750000000000000e+07
2.174750000000000000e+07
2.174750000000000000e+07
2.174750000000000000e+07
2.174750000000000000e+07
2.174750000000000000e+07
2.174750000000000000e+07
2.174750000000000000e+07
2.174750000000000000e+07
2.174750000000000000e+07
2.174750000000000000e+07
2.174750000000000000e+07
2.174750000000000000e+07
2.174750000000000000e+07
2.174750000000000000e+07
2.174750000000000000e+07
2.174750000000000000e+07
2.174750000000000000e+07
2.174750000000000000e+07
2.174750000000000000e+07
2.174750000000000000e+07
2.174750000000000000e+07
2.174750000000000000e+07
2.174750000000000000e+07
2.174750000000000000e+07
2.174750000000000000e+07
2.174750000000000000e+07
2.174750000000000000e+07
2.174750000000000000e+07
2.174750000000000000e+07
2.174750000000000000e+07
2.174750000000000000e+07
2.174750000000000000e+07
2.174750000000000000e+07
2.174750000000000000e+07
2.174750000000000000e+07
2.174750000000000000e+07
2.174750000000000000e+07
2.174750000000000000e+07
2.174750000000000000e+07
2.174750000000000000e+07
2.174750000000000000e+07
2.174750000000000000e+07
2.174750000000000000e+07
2.174750000000000000e+07
2.174750000000000000e+07
2.174750000000000000e+07
2.174750000000000000e+07
2.174750000000000000e+07
2.174750000000000000e+07
2.174750000000000000e+07
2.174750000000000000e+07
2.174750000000000000e+07
2.174750000000000000e+07
2.174750000000000000e+07
2.174750000000000000e+07
2.174750000000000000e+07
2.174750000000000000e+07
2.174750000000000000e+07
2.174750000000000000e+07
2.174750000000000000e+07
2.174750000000000000e+07
2.174750000000000000e+07
2.174750000000000000e+07
2.174750000000000000e+07
2.174750000000000000e+07
2.174750000000000000e+07
2.174750000000000000e+07
2.174750000000000000e+07
2.174750000000000000e+07
2.174750000000000000e+07
2.174750000000000000e+07
2.174750000000000000e+07
2.174750000000000000e+07
2.174750000000000000e+07
2.174750000000000000e+07
2.174750000000000000e+07
2.174750000000000000e+07
2.174750000000000000e+07
2.174750000000000000e+07
2.174750000000000000e+07
2.174750000000000000e+07
2.174750000000000000e+07
2.174750000000000000e+07
2.174750000000000000e+07
2.174750000000000000e+07
2.174750000000000000e+07
2.174750000000000000e+07
2.174750000000000000e+07
2.174750000000000000e+07
2.174750000000000000e+07
2.174750000000000000e+07
2.174750000000000000e+07
2.174750000000000000e+07
2.174750000000000000e+07
2.174750000000000000e+07
2.174750000000000000e+07
2.174750000000000000e+07
2.174750000000000000e+07
2.174750000000000000e+07
2.174750000000000000e+07
2.174750000000000000e+07
2.174750000000000000e+07
2.174750000000000000e+07
2.174750000000000000e+07
2.174750000000000000e+07
2.174750000000000000e+07
2.174750000000000000e+07
2.174750000000000000e+07
2.174750000000000000e+07
2.174750000000000000e+07
2.174750000000000000e+07
2.174750000000000000e+07
2.174750000000000000e+07
2.174750000000000000e+07
2.174750000000000000e+07
2.174750000000000000e+07
2.174750000000000000e+07
2.174750000000000000e+07
2.174750000000000000e+07
2.174750000000000000e+07
2.174750000000000000e+07
2.174750000000000000e+07
2.174750000000000000e+07
2.174750000000000000e+07
2.174750000000000000e+07
2.174750000000000000e+07
2.174750000000000000e+07
2.174750000000000000e+07
2.174750000000000000e+07
2.174750000000000000e+07
2.174750000000000000e+07
2.174750000000000000e+07
2.174750000000000000e+07
2.174750000000000000e+07
2.174750000000000000e+07
2.174750000000000000e+07
2.174750000000000000e+07
2.174750000000000000e+07
2.174750000000000000e+07
2.174750000000000000e+07
2.174750000000000000e+07
2.174750000000000000e+07
2.174750000000000000e+07
2.174750000000000000e+07
2.174750000000000000e+07
2.174750000000000000e+07
2.174750000000000000e+07
2.174750000000000000e+07
2.174750000000000000e+07
2.174750000000000000e+07
2.174750000000000000e+07
2.174750000000000000e+07
2.174750000000000000e+07
2.174750000000000000e+07
2.174750000000000000e+07
2.174750000000000000e+07
2.174750000000000000e+07
2.174750000000000000e+07
2.174750000000000000e+07
2.174750000000000000e+07
2.174750000000000000e+07
2.174750000000000000e+07
2.174750000000000000e+07
2.174750000000000000e+07
2.174750000000000000e+07
2.174750000000000000e+07
2.174750000000000000e+07
2.174750000000000000e+07
2.174750000000000000e+07
2.174750000000000000e+07
2.174750000000000000e+07
2.174750000000000000e+07
2.174750000000000000e+07
2.174750000000000000e+07
2.174750000000000000e+07
2.174750000000000000e+07
2.174750000000000000e+07
2.174750000000000000e+07
2.174750000000000000e+07
2.174750000000000000e+07
2.174750000000000000e+07
2.174750000000000000e+07
2.174750000000000000e+07
2.174750000000000000e+07
2.174750000000000000e+07
2.174750000000000000e+07
2.174750000000000000e+07
2.174750000000000000e+07
2.174750000000000000e+07
2.174750000000000000e+07
2.174750000000000000e+07
2.174750000000000000e+07
2.174750000000000000e+07
2.174750000000000000e+07
2.174750000000000000e+07
2.174750000000000000e+07
2.174750000000000000e+07
2.174750000000000000e+07
2.174750000000000000e+07
2.174750000000000000e+07
2.174750000000000000e+07
2.174750000000000000e+07
2.174750000000000000e+07
2.174750000000000000e+07
2.174750000000000000e+07
2.174750000000000000e+07
2.174750000000000000e+07
2.174750000000000000e+07
2.174750000000000000e+07
2.174750000000000000e+07
2.174750000000000000e+07
2.174750000000000000e+07
2.174750000000000000e+07
2.174750000000000000e+07
2.174750000000000000e+07
2.174750000000000000e+07
2.174750000000000000e+07
2.174750000000000000e+07
2.174750000000000000e+07
2.174750000000000000e+07
2.174750000000000000e+07
2.174750000000000000e+07
2.174750000000000000e+07
2.174750000000000000e+07
2.174750000000000000e+07
2.174750000000000000e+07
2.174750000000000000e+07
2.174750000000000000e+07
2.174750000000000000e+07
2.174750000000000000e+07
2.174750000000000000e+07
2.174750000000000000e+07
2.174750000000000000e+07
2.174750000000000000e+07
2.174750000000000000e+07
2.174750000000000000e+07
2.174750000000000000e+07
2.174750000000000000e+07
2.174750000000000000e+07
2.174750000000000000e+07
2.174750000000000000e+07
2.174750000000000000e+07
2.174750000000000000e+07
2.174750000000000000e+07
2.174750000000000000e+07
2.174750000000000000e+07
2.174750000000000000e+07
2.174750000000000000e+07
2.174750000000000000e+07
2.174750000000000000e+07
2.174750000000000000e+07
2.174750000000000000e+07
2.174750000000000000e+07
2.174750000000000000e+07
2.174750000000000000e+07
2.174750000000000000e+07
2.174750000000000000e+07
2.174750000000000000e+07
2.174750000000000000e+07
2.174750000000000000e+07
2.174750000000000000e+07
2.174750000000000000e+07
2.174750000000000000e+07
2.174750000000000000e+07
2.174750000000000000e+07
2.174750000000000000e+07
2.174750000000000000e+07
2.174750000000000000e+07
2.174750000000000000e+07
2.174750000000000000e+07
2.174750000000000000e+07
2.174750000000000000e+07
2.174750000000000000e+07
2.174750000000000000e+07
2.174750000000000000e+07
2.174750000000000000e+07
2.174750000000000000e+07
2.174750000000000000e+07
2.174750000000000000e+07
2.174750000000000000e+07
2.174750000000000000e+07
2.174750000000000000e+07
2.174750000000000000e+07
2.174750000000000000e+07
2.174750000000000000e+07
2.174750000000000000e+07
2.174750000000000000e+07
2.174750000000000000e+07
2.174750000000000000e+07
2.174750000000000000e+07
2.174750000000000000e+07
2.174750000000000000e+07
2.174750000000000000e+07
2.174750000000000000e+07
2.174750000000000000e+07
2.174750000000000000e+07
2.174750000000000000e+07
2.174750000000000000e+07
2.174750000000000000e+07
2.174750000000000000e+07
2.174750000000000000e+07
2.174750000000000000e+07
2.174750000000000000e+07
2.174750000000000000e+07
2.174750000000000000e+07
2.174750000000000000e+07
2.174750000000000000e+07
2.174750000000000000e+07
2.174750000000000000e+07
2.174750000000000000e+07
2.174750000000000000e+07
2.174750000000000000e+07
2.174750000000000000e+07
2.174750000000000000e+07
2.174750000000000000e+07
2.174750000000000000e+07
2.174750000000000000e+07
2.174750000000000000e+07
2.174750000000000000e+07
2.174750000000000000e+07
2.174750000000000000e+07
2.174750000000000000e+07
2.174750000000000000e+07
2.174750000000000000e+07
2.174750000000000000e+07
2.174750000000000000e+07
2.174750000000000000e+07
2.174750000000000000e+07
2.174750000000000000e+07
2.174750000000000000e+07
2.174750000000000000e+07
2.174750000000000000e+07
2.174750000000000000e+07
2.174750000000000000e+07
2.174750000000000000e+07
2.174750000000000000e+07
2.174750000000000000e+07
2.174750000000000000e+07
2.174750000000000000e+07
2.174750000000000000e+07
2.174750000000000000e+07
2.174750000000000000e+07
2.174750000000000000e+07
2.174750000000000000e+07
2.174750000000000000e+07
2.174750000000000000e+07
2.174750000000000000e+07
2.174750000000000000e+07
2.174750000000000000e+07
2.174750000000000000e+07
2.174750000000000000e+07
2.174750000000000000e+07
2.174750000000000000e+07
2.174750000000000000e+07
2.174750000000000000e+07
2.174750000000000000e+07
2.174750000000000000e+07
2.174750000000000000e+07
2.174750000000000000e+07
2.174750000000000000e+07
2.174750000000000000e+07
2.174750000000000000e+07
2.174750000000000000e+07
2.174750000000000000e+07
2.174750000000000000e+07
2.174750000000000000e+07
2.174750000000000000e+07
2.174750000000000000e+07
2.174750000000000000e+07
2.174750000000000000e+07
2.174750000000000000e+07
2.174750000000000000e+07
2.174750000000000000e+07
2.174750000000000000e+07
2.174750000000000000e+07
2.174750000000000000e+07
2.174750000000000000e+07
2.174750000000000000e+07
2.174750000000000000e+07
2.174750000000000000e+07
2.174750000000000000e+07
2.174750000000000000e+07
2.174750000000000000e+07
2.174750000000000000e+07
2.174750000000000000e+07
2.174750000000000000e+07
2.174750000000000000e+07
2.174750000000000000e+07
2.174750000000000000e+07
2.174750000000000000e+07
2.174750000000000000e+07
2.174750000000000000e+07
2.174750000000000000e+07
2.174750000000000000e+07
2.174750000000000000e+07
2.174750000000000000e+07
2.174750000000000000e+07
2.174750000000000000e+07
2.174750000000000000e+07
2.174750000000000000e+07
2.174750000000000000e+07
2.174750000000000000e+07
2.174750000000000000e+07
2.174750000000000000e+07
2.174750000000000000e+07
2.174750000000000000e+07
2.174750000000000000e+07
2.174750000000000000e+07
2.174750000000000000e+07
2.174750000000000000e+07
2.174750000000000000e+07
2.174750000000000000e+07
2.174750000000000000e+07
2.174750000000000000e+07
2.174750000000000000e+07
2.174750000000000000e+07
2.174750000000000000e+07
2.174750000000000000e+07
2.174750000000000000e+07
2.174750000000000000e+07
2.174750000000000000e+07
2.174750000000000000e+07
2.174750000000000000e+07
2.174750000000000000e+07
2.174750000000000000e+07
2.174750000000000000e+07
2.174750000000000000e+07
2.174750000000000000e+07
2.174750000000000000e+07
2.174750000000000000e+07
2.174750000000000000e+07
2.174750000000000000e+07
2.174750000000000000e+07
2.174750000000000000e+07
2.174750000000000000e+07
2.174750000000000000e+07
2.174750000000000000e+07
2.174750000000000000e+07
2.174750000000000000e+07
2.174750000000000000e+07
2.174750000000000000e+07
2.174750000000000000e+07
2.174750000000000000e+07
2.174750000000000000e+07
2.174750000000000000e+07
2.174750000000000000e+07
2.174750000000000000e+07
2.174750000000000000e+07
2.174750000000000000e+07
2.174750000000000000e+07
2.174750000000000000e+07
2.174750000000000000e+07
2.174750000000000000e+07
2.174750000000000000e+07
2.174750000000000000e+07
2.174750000000000000e+07
2.174750000000000000e+07
2.174750000000000000e+07
2.174750000000000000e+07
2.174750000000000000e+07
2.174750000000000000e+07
2.174750000000000000e+07
2.174750000000000000e+07
2.174750000000000000e+07
2.174750000000000000e+07
2.174750000000000000e+07
2.174750000000000000e+07
2.174750000000000000e+07
2.174750000000000000e+07
2.174750000000000000e+07
2.174750000000000000e+07
2.174750000000000000e+07
2.174750000000000000e+07
2.174750000000000000e+07
2.174750000000000000e+07
2.174750000000000000e+07
2.174750000000000000e+07
