1.686060872222105900e+02
1.583563793554557719e+02
1.378256344875794355e+02
1.210244803602403607e+02
1.553664985281524764e+02
1.136690104521083811e+02
7.426463315383385577e+01
8.283816330198258981e+01
8.576353149910076468e+01
7.971783623532873264e+01
1.162349722305491042e+02
7.984720381561882618e+01
1.524296261383769036e+02
1.006889759410297245e+02
8.573841708320765065e+01
1.000470826165482521e+02
8.474401199222418768e+01
1.318963916860760719e+02
1.358123808624084745e+02
5.995080385508158116e+01
7.999363160707510190e+01
1.206712968255943679e+02
1.519299459649975290e+02
8.834694388791895392e+01
8.995402253376659019e+01
6.389042859369379812e+01
1.123914211199762718e+02
7.793554601745506716e+01
8.321064624478391636e+01
6.364734011449763074e+01
5.692405117749677146e+01
9.580586231871778580e+01
6.423384625682778903e+01
8.924703266010989466e+01
1.013298302176430070e+02
7.447318474647583741e+01
7.876403448317581990e+01
5.159507501241805016e+01
1.338008305251015031e+02
7.969242304370615670e+01
7.551855385508743268e+01
1.060124743219905525e+02
1.045354189154169973e+02
6.843930882557833684e+01
9.060825401176253990e+01
8.366096818662610701e+01
9.458224015731316570e+01
1.252259923060190090e+02
9.123027354058241656e+01
8.677321983804228012e+01
9.701206095612434410e+01
8.504223425041698192e+01
1.330210826597617029e+02
1.034414580555169039e+02
1.398212723310720094e+02
1.094362749479590491e+02
1.439473719920867723e+02
9.180722421540600919e+01
1.442077685726236780e+02
1.083715130714319628e+02
1.341431535249255091e+02
8.996219637274356273e+01
1.181171730130415369e+02
1.022661767187509838e+02
7.217163347547561614e+01
1.661853129569741441e+02
1.628192650964421659e+02
8.521638239788684643e+01
1.414459090595472048e+02
1.312303590113606617e+02
9.146285191968509309e+01
1.070115461109738817e+02
1.195067816990921870e+02
1.075466521791114474e+02
9.256949849769026173e+01
6.790091566867999973e+01
1.259573737215526137e+02
8.661985050403598052e+01
1.605603059295900437e+02
1.245141207010053535e+02
1.306974936386153558e+02
1.312352088637375402e+02
1.119785927472348419e+02
1.469550299251805257e+02
8.961737557219748851e+01
1.621631355645253620e+02
1.051570438947645698e+02
9.120152326138381227e+01
1.413912896607579341e+02
1.062363675234826275e+02
8.797853221549414116e+01
1.523385534924089768e+02
9.380046783197511218e+01
7.777618948759626960e+01
9.645681734943029539e+01
1.793312070998152024e+02
9.145050373530528987e+01
1.646003260395567906e+02
8.882040004257540033e+01
8.684752857257943504e+01
8.952788966272132143e+01
8.937533795865574859e+01
8.754772940090462896e+01
9.530476814627900239e+01
8.278661772129345309e+01
9.980597837886763557e+01
1.049147772437914341e+02
9.394524980907634415e+01
1.652132031703921484e+02
7.512327883813766505e+01
1.477153437975130430e+02
1.175724920905201003e+02
1.075789303589196919e+02
1.207134697902127414e+02
1.102539047650093949e+02
1.011568490964231728e+02
8.731269071716540964e+01
8.476309819430144898e+01
1.046116150459148173e+02
9.753357376304430204e+01
1.012096673368630064e+02
1.324411349783687797e+02
8.115963975877424730e+01
9.552216476039049553e+01
1.019096940417179411e+02
1.031437570087052080e+02
1.003446217760547086e+02
8.632196356719381924e+01
1.150439249110474975e+02
1.626741326019423468e+02
1.828166737810079781e+02
8.902531700050704444e+01
7.947298537881873415e+01
9.025118284173893812e+01
1.451984943142960276e+02
1.104499430799468058e+02
1.344711063683123200e+02
9.556936660269676054e+01
1.096880278242186932e+02
1.707382968938676413e+02
1.165151506019777798e+02
1.397177432427482415e+02
1.075566425677511688e+02
1.159146635377072272e+02
1.268750506226293595e+02
2.392294555599023056e+02
1.243380789184839443e+02
1.635890611314497676e+02
1.757944848252440124e+02
1.286592613134654073e+02
0.000000000000000000e+00
0.000000000000000000e+00
0.000000000000000000e+00
0.000000000000000000e+00
0.000000000000000000e+00
0.000000000000000000e+00
0.000000000000000000e+00
0.000000000000000000e+00
0.000000000000000000e+00
0.000000000000000000e+00
0.000000000000000000e+00
0.000000000000000000e+00
0.000000000000000000e+00
0.000000000000000000e+00
0.000000000000000000e+00
0.000000000000000000e+00
0.000000000000000000e+00
0.000000000000000000e+00
0.000000000000000000e+00
0.000000000000000000e+00
0.000000000000000000e+00
0.000000000000000000e+00
0.000000000000000000e+00
0.000000000000000000e+00
0.000000000000000000e+00
0.000000000000000000e+00
0.000000000000000000e+00
0.000000000000000000e+00
0.000000000000000000e+00
0.000000000000000000e+00
0.000000000000000000e+00
0.000000000000000000e+00
0.000000000000000000e+00
0.000000000000000000e+00
0.000000000000000000e+00
0.000000000000000000e+00
0.000000000000000000e+00
0.000000000000000000e+00
0.000000000000000000e+00
0.000000000000000000e+00
0.000000000000000000e+00
0.000000000000000000e+00
0.000000000000000000e+00
0.000000000000000000e+00
0.000000000000000000e+00
0.000000000000000000e+00
0.000000000000000000e+00
0.000000000000000000e+00
0.000000000000000000e+00
0.000000000000000000e+00
0.000000000000000000e+00
0.000000000000000000e+00
0.000000000000000000e+00
0.000000000000000000e+00
0.000000000000000000e+00
0.000000000000000000e+00
0.000000000000000000e+00
0.000000000000000000e+00
0.000000000000000000e+00
0.000000000000000000e+00
0.000000000000000000e+00
0.000000000000000000e+00
0.000000000000000000e+00
0.000000000000000000e+00
0.000000000000000000e+00
0.000000000000000000e+00
0.000000000000000000e+00
0.000000000000000000e+00
0.000000000000000000e+00
