2.859921309947967560e-01
3.945954442024231235e-02
3.920801162719726729e-02
3.906138467788695945e-02
3.900331950187683333e-02
3.878302168846130271e-02
3.883598041534423728e-02
3.845740914344787653e-02
3.871930932998657315e-02
3.869404029846191390e-02
3.860042381286621360e-02
3.881769537925720132e-02
3.906055283546448070e-02
3.873148393630981151e-02
3.872508478164672641e-02
3.884798121452331249e-02
3.886446738243103105e-02
3.892038846015929976e-02
3.873711872100830261e-02
3.876060247421264648e-02
3.877536273002624850e-02
3.884470462799072266e-02
3.890508413314819336e-02
3.905736303329467723e-02
3.884455275535583785e-02
3.886819791793823253e-02
3.887686967849731529e-02
3.886329436302184831e-02
3.888448047637939331e-02
3.893298125267028592e-02
3.908535170555114957e-02
3.900512337684631375e-02
3.895167565345764027e-02
3.887056183815002647e-02
3.886001372337341553e-02
3.887938284873962425e-02
3.893032526969909812e-02
3.888264417648315541e-02
3.886677670478820568e-02
3.892626881599426519e-02
3.902232408523559348e-02
3.902174234390258512e-02
3.882605004310608204e-02
3.887125873565673573e-02
3.884686517715454229e-02
3.888823390007019321e-02
3.909468340873718112e-02
3.904674315452575512e-02
3.903161954879760809e-02
3.894664001464843983e-02
3.894777750968932833e-02
3.900916409492492798e-02
3.889126968383788824e-02
3.889269971847534452e-02
3.895244359970093107e-02
3.901632142066955439e-02
3.901666069030761824e-02
3.898889756202697510e-02
3.889350914955139182e-02
3.884396982192993286e-02
3.891913652420044001e-02
3.885894560813903803e-02
3.878724932670593595e-02
3.878779506683349698e-02
3.877375817298889249e-02
3.870089125633240090e-02
3.877339529991150058e-02
3.878545141220092474e-02
3.867116141319274641e-02
3.870274329185485751e-02
3.858484077453613187e-02
3.864268755912780851e-02
3.860229253768920898e-02
3.849892377853393610e-02
3.850699877738952837e-02
3.842243099212646479e-02
3.842642068862914956e-02
3.842055034637451016e-02
3.849030995368957209e-02
3.859180879592895297e-02
3.912091207504272278e-02
3.903701901435852051e-02
3.897359824180603172e-02
3.903337597846984891e-02
3.894546937942505033e-02
3.895604467391967918e-02
3.915906906127929882e-02
3.928992581367492937e-02
3.915139746665954879e-02
3.915472531318664462e-02
3.910935497283935663e-02
3.909959030151367171e-02
3.909108018875122326e-02
3.915656185150146601e-02
3.917923784255981229e-02
3.914230847358703830e-02
3.909250116348266663e-02
3.910268926620483199e-02
3.919568061828613420e-02
3.910322690010070712e-02
3.919722962379455777e-02
3.906996083259582642e-02
3.920562005043029541e-02
3.912203526496887268e-02
3.911625480651855641e-02
3.914526009559631675e-02
3.919863128662109258e-02
3.922376894950866527e-02
3.921729469299316262e-02
3.925782942771911810e-02
3.917628908157348711e-02
3.922555899620056019e-02
3.922953486442565946e-02
3.922344851493835688e-02
3.934506130218505537e-02
3.935682439804077254e-02
3.934109950065612510e-02
3.929133963584899997e-02
3.936492252349853282e-02
3.927825641632080172e-02
3.930437159538269221e-02
3.931908512115478427e-02
3.924992799758911244e-02
3.922173309326171947e-02
3.922482514381408353e-02
3.927222776412964134e-02
3.919088435173034846e-02
3.918177676200866599e-02
3.918279027938843112e-02
3.921029305458068742e-02
3.921542811393737699e-02
3.908823609352111983e-02
3.914180254936218406e-02
3.924635648727416853e-02
3.919573068618774359e-02
3.924846220016479231e-02
3.928315854072570584e-02
3.929755496978759588e-02
3.917857766151428001e-02
3.925469923019409002e-02
3.924268245697021262e-02
3.928000903129577615e-02
3.925803232192993236e-02
3.936179757118225125e-02
3.932866144180297702e-02
3.932480788230895835e-02
3.931005406379699946e-02
3.941765403747558849e-02
3.942418718338012995e-02
3.930202126502990723e-02
3.929569721221923967e-02
3.934601163864135526e-02
3.936774730682372769e-02
3.936238455772399919e-02
3.938205504417419123e-02
3.958086752891540328e-02
3.931663417816162048e-02
3.928369307518005116e-02
3.942904543876647738e-02
3.936473727226257047e-02
3.938232827186584351e-02
3.934504604339599670e-02
3.933041024208068503e-02
3.928606438636779441e-02
3.943152928352355868e-02
3.939553618431091558e-02
3.943760061264037914e-02
3.938674759864806835e-02
3.937397718429565263e-02
3.939823007583618392e-02
3.942458105087280618e-02
3.944039726257324296e-02
3.944602942466735734e-02
3.951625537872314325e-02
3.953847980499267806e-02
3.945134925842284923e-02
3.949039673805236628e-02
3.942599225044250699e-02
3.949854612350463950e-02
3.928162240982055464e-02
3.938718795776367104e-02
3.949562931060791177e-02
3.978388857841491655e-02
3.973726534843444874e-02
3.960676884651184032e-02
3.965606808662414801e-02
3.959752964973449474e-02
3.961153125762939542e-02
3.958188962936401434e-02
3.961986041069030795e-02
3.966901588439941673e-02
3.974816513061523587e-02
3.964477729797363098e-02
3.977216863632201949e-02
3.969345068931579706e-02
3.968802452087402677e-02
3.975485992431640470e-02
3.977402257919311623e-02
3.986075234413147261e-02
3.983041000366210893e-02
3.971393871307372925e-02
3.980018854141235268e-02
3.971231698989868136e-02
3.979674220085144265e-02
3.984016346931457814e-02
3.993419647216796958e-02
3.983840107917785422e-02
3.980721545219421259e-02
3.978193449974060103e-02
3.976102876663208108e-02
3.972936487197876315e-02
3.975326538085937472e-02
3.976518893241882263e-02
3.974066352844238259e-02
3.972949767112731595e-02
3.986258459091186757e-02
3.990500307083130055e-02
3.987412214279174860e-02
3.977417850494385093e-02
