2.201019940376281736e-01
4.199972367286682051e-02
4.100241160392761181e-02
4.065426707267761480e-02
4.077778100967407310e-02
4.091912031173706304e-02
4.084451127052306924e-02
4.085611224174499206e-02
4.097204065322875705e-02
4.072282886505126931e-02
4.102130103111267106e-02
4.082485222816466947e-02
4.070560026168823509e-02
4.087180399894714544e-02
4.088029646873474199e-02
4.119530653953552141e-02
4.127787137031554976e-02
4.103818392753601219e-02
4.086348819732665838e-02
4.096104121208191118e-02
4.057119011878967257e-02
4.091707658767700095e-02
4.114795947074890298e-02
4.103650546073913524e-02
4.097141909599304188e-02
4.090381288528442683e-02
4.113100767135620395e-02
4.094847512245178289e-02
4.121486473083495888e-02
4.117867636680602739e-02
4.119804382324218639e-02
4.127954125404358077e-02
4.108241176605224865e-02
4.134746098518371493e-02
4.176826500892639321e-02
4.123121833801269426e-02
4.108891725540161216e-02
4.086838507652282987e-02
4.119298672676086764e-02
4.129954409599304044e-02
4.127867746353149070e-02
4.125684666633606251e-02
4.150956559181213229e-02
4.181563448905945002e-02
4.171966409683227489e-02
4.144803977012634366e-02
4.111627697944641308e-02
4.133180165290832597e-02
4.157501912117004400e-02
4.142428135871887435e-02
4.181396532058715559e-02
4.176186299324035484e-02
4.145195722579955722e-02
4.172995138168335283e-02
4.156636047363281017e-02
4.176473784446716603e-02
4.218591976165771140e-02
4.172548198699951166e-02
4.191813373565674017e-02
4.168139076232910134e-02
4.078080368041991921e-02
4.183724498748779552e-02
4.145528841018676636e-02
4.153154826164245916e-02
4.169128131866454978e-02
4.181681036949157909e-02
4.171811294555664157e-02
4.166303205490112099e-02
4.172161364555358742e-02
4.176253223419189309e-02
4.108476448059081992e-02
4.178865814208984619e-02
4.219225120544433522e-02
4.158214354515075983e-02
4.209391951560974288e-02
4.192469096183776972e-02
4.188533377647399997e-02
4.190867614746093817e-02
4.164307022094726474e-02
4.182607889175415233e-02
4.177380967140197771e-02
4.102038145065307895e-02
4.143411993980408020e-02
4.194820880889892772e-02
4.190967011451721125e-02
4.147653269767761358e-02
4.168501973152160395e-02
4.159270930290222268e-02
4.208546233177185014e-02
4.163404560089111611e-02
4.225981068611144725e-02
4.233622264862060836e-02
4.191860604286194031e-02
4.203701043128967030e-02
4.216346597671508795e-02
4.203916764259338357e-02
4.218850207328796176e-02
4.162923359870910472e-02
4.139665555953979392e-02
4.140957927703857455e-02
4.115303015708923068e-02
4.203918385505676231e-02
4.179725742340088118e-02
4.226609182357787819e-02
4.223179888725280690e-02
4.207846546173095448e-02
4.194689059257507291e-02
4.225510787963867448e-02
4.235733032226562250e-02
4.158007740974425936e-02
4.153777933120727378e-02
4.196694231033325229e-02
4.173820137977599792e-02
4.197889304161071811e-02
4.212849688529968217e-02
4.223634839057922169e-02
4.218062901496887063e-02
4.152715563774109220e-02
4.125329351425170710e-02
4.219722557067871055e-02
4.192649054527282371e-02
4.243270945549010992e-02
4.195419359207153143e-02
4.184771776199340543e-02
4.156172084808349571e-02
4.227406477928161849e-02
4.208921122550964011e-02
4.165349245071411216e-02
4.226776957511901855e-02
4.257641959190368308e-02
4.235693955421447610e-02
4.264299583435058466e-02
4.195518684387206793e-02
4.275070190429687556e-02
4.231237959861755549e-02
4.235004067420959639e-02
4.177174925804138378e-02
4.284413313865661349e-02
4.241143465042114535e-02
4.237727880477905329e-02
4.237709403038025097e-02
4.127244591712951605e-02
4.134472465515137002e-02
4.266505503654480225e-02
4.235030198097228943e-02
4.244343328475952415e-02
4.244833445549011514e-02
4.203539490699768205e-02
4.197417068481445329e-02
4.223467016220092823e-02
4.239546322822571045e-02
4.250175666809082042e-02
4.270641946792602672e-02
4.229909157752990978e-02
4.193409276008606273e-02
4.237576436996459694e-02
4.251558279991150130e-02
4.240001916885376143e-02
4.224026060104370262e-02
4.294079327583313205e-02
4.256072258949279707e-02
4.238767385482788280e-02
4.231970381736755576e-02
4.249557614326476829e-02
4.144732236862182922e-02
4.292128586769104054e-02
4.285000514984130954e-02
4.258338403701782127e-02
4.097440505027771102e-02
4.251388025283813626e-02
4.270335459709167364e-02
4.224394035339355813e-02
4.250739312171936124e-02
4.279826426506042752e-02
4.242924952507019093e-02
4.252968478202819730e-02
4.166081547737121582e-02
4.247835826873778975e-02
4.261675524711609070e-02
4.242973089218139704e-02
4.255938148498535079e-02
4.247914576530456565e-02
4.230336260795593273e-02
4.280185794830321938e-02
4.168944525718688843e-02
4.270094442367553672e-02
4.157669925689697066e-02
4.224299669265747098e-02
4.215229463577270519e-02
4.251458716392517156e-02
4.193994951248168623e-02
4.279174065589904513e-02
4.270339941978454346e-02
4.304015827178955117e-02
4.257152509689331177e-02
4.263901209831237604e-02
4.265036225318908497e-02
4.263713264465331804e-02
4.256160473823547563e-02
4.143762755393982228e-02
4.143708586692809726e-02
4.242443370819092008e-02
4.244159245491027632e-02
4.207823324203491255e-02
4.194009089469909884e-02
4.211293601989746227e-02
4.220268487930298185e-02
4.200130105018615861e-02
4.180532264709472395e-02
4.151764893531799394e-02
4.148923611640930459e-02
4.140337777137756414e-02
4.136105704307556363e-02
4.174772095680236855e-02
4.151398563385010065e-02
4.171743774414062716e-02
4.136500954627990445e-02
4.164997196197509771e-02
4.139312386512756375e-02
4.138061070442199813e-02
4.151980781555175692e-02
4.261488437652587863e-02
4.260218048095703453e-02
4.238562583923340121e-02
4.229428505897522145e-02
4.241354060173034568e-02
4.240879821777343572e-02
4.260087680816650180e-02
4.256378054618835394e-02
4.289211893081665283e-02
4.316725420951843251e-02
4.258168601989745922e-02
4.290769815444946123e-02
4.283640789985656422e-02
4.289250802993774259e-02
4.287497973442077476e-02
4.267302083969116283e-02
4.297913193702698059e-02
4.292802953720092907e-02
4.274134159088134599e-02
4.271031546592712197e-02
4.273839902877807351e-02
4.233294391632080184e-02
4.246884036064148271e-02
4.262940955162048545e-02
4.149122595787048395e-02
4.179298806190490795e-02
4.217947244644165011e-02
4.234399437904357716e-02
4.251555442810058677e-02
4.281822252273559393e-02
4.257214117050171082e-02
4.262931036949157981e-02
4.265616154670715671e-02
4.291172838211059631e-02
4.273115324974059714e-02
4.322462391853332253e-02
4.270077490806579307e-02
4.275154685974121016e-02
4.299133706092834323e-02
4.252570319175720537e-02
4.286442041397094810e-02
4.251183247566223122e-02
4.199237084388732916e-02
4.205168652534484880e-02
4.188147616386413835e-02
4.251518797874450500e-02
4.230429816246032704e-02
4.202911281585693104e-02
4.122376656532287381e-02
4.134876394271850414e-02
4.157376337051391785e-02
4.210842895507812406e-02
4.201939368247985945e-02
4.193217015266418463e-02
4.185063457489014010e-02
4.292862343788146628e-02
4.256220889091491544e-02
4.252066183090209839e-02
4.270321178436279480e-02
4.297394967079162797e-02
4.270661997795104775e-02
4.259116911888122248e-02
4.254208087921142883e-02
4.271933269500732128e-02
4.308440279960632641e-02
4.269558310508728138e-02
4.278465390205383329e-02
4.245489501953125105e-02
4.252118825912475780e-02
4.244744420051574374e-02
4.265260910987853787e-02
4.263765048980713152e-02
4.254774069786072116e-02
4.200883054733276639e-02
4.242488980293274148e-02
4.099576520919799572e-02
4.250762224197388028e-02
4.285009026527404619e-02
4.293405055999755665e-02
4.311985588073730807e-02
4.270180606842041010e-02
4.241144752502441079e-02
4.223446273803711098e-02
4.273381018638610501e-02
4.263726615905761436e-02
4.235041975975036704e-02
4.271549773216247459e-02
4.259442329406738087e-02
4.254917621612548662e-02
4.203402423858642462e-02
4.244423913955688160e-02
4.233850836753845492e-02
4.222257328033447027e-02
4.265954399108886491e-02
4.277301907539367981e-02
4.324034833908080994e-02
4.289846777915954507e-02
4.374198317527770719e-02
4.326998257637024170e-02
4.343045449256897200e-02
4.328579616546630870e-02
4.336342525482177884e-02
4.329140329360962186e-02
4.362780594825744346e-02
4.314235925674438782e-02
4.291021370887756342e-02
4.327793335914612016e-02
4.326818299293518078e-02
4.329878425598144426e-02
4.334504079818725375e-02
4.368990612030029114e-02
4.259514784812927501e-02
4.290487957000732600e-02
4.310932946205139199e-02
4.328813457489013444e-02
4.314569735527038624e-02
4.285927677154541260e-02
4.310909199714660356e-02
4.345692825317382796e-02
4.349179029464721874e-02
4.319408249855041793e-02
4.343803834915160866e-02
4.361641144752502475e-02
4.324345636367797618e-02
4.316751694679260565e-02
4.355624389648437428e-02
4.325730609893798512e-02
4.339773893356323187e-02
4.321145176887512124e-02
4.336681103706360035e-02
4.346960282325744440e-02
4.326857995986938682e-02
4.345964431762695118e-02
4.358091878890991283e-02
4.343537616729736123e-02
4.320205497741699124e-02
4.342000794410705300e-02
4.324142765998840315e-02
4.320066165924072582e-02
4.308827114105224371e-02
4.304842066764831554e-02
4.346777391433715582e-02
4.284843564033508079e-02
4.343088459968567211e-02
4.325243282318115556e-02
4.309408497810363753e-02
4.310607147216796720e-02
4.319630599021911932e-02
4.349723505973816101e-02
4.206053948402405096e-02
4.300887346267700390e-02
4.291250586509704618e-02
4.350905561447143688e-02
4.314163112640381076e-02
4.377087068557738991e-02
4.323107886314392356e-02
4.317430424690246737e-02
4.343753314018249795e-02
4.306675767898559409e-02
4.378236150741577487e-02
4.325253987312317056e-02
4.346387839317322060e-02
4.353961038589477389e-02
4.359402322769165283e-02
4.377025675773620755e-02
4.351622033119201954e-02
4.369812703132629206e-02
4.358707761764526317e-02
4.362606000900268871e-02
4.328620266914367382e-02
4.317513561248779302e-02
4.311933398246765164e-02
4.399339795112609808e-02
4.363717436790466586e-02
4.331533980369568076e-02
4.319381952285766824e-02
4.327810621261597018e-02
4.339767146110534712e-02
4.353814911842346369e-02
4.313890695571899470e-02
4.288640356063842807e-02
4.224897313117981223e-02
4.263006186485290838e-02
4.295426344871521029e-02
4.326963067054748202e-02
4.326797366142273032e-02
4.332499408721923739e-02
4.337580752372741794e-02
4.323359656333923551e-02
4.357869958877563787e-02
4.310908150672912442e-02
4.323687458038329851e-02
4.343301272392272733e-02
4.338236951828002702e-02
4.379453492164611661e-02
4.313677573204040272e-02
4.337739157676696877e-02
4.350753188133239802e-02
4.332785940170288258e-02
4.343203473091125644e-02
4.338500452041625655e-02
4.334205031394958163e-02
4.371589922904968450e-02
4.342945933341980230e-02
4.188593459129333341e-02
4.301373505592346463e-02
4.374185657501220709e-02
4.319465804100036666e-02
4.340259456634521645e-02
4.364042186737060458e-02
4.366508865356445029e-02
4.387719416618347107e-02
4.200859236717224138e-02
4.347893476486205944e-02
4.362080836296081815e-02
4.386126494407653620e-02
4.397930502891540805e-02
4.405173063278198381e-02
4.401949501037597662e-02
4.409537100791931230e-02
4.408085155487060508e-02
4.397405886650085360e-02
4.391440820693969654e-02
4.418063402175903542e-02
4.374091649055480979e-02
4.323730564117431868e-02
4.372189712524414407e-02
4.361209034919738547e-02
4.380357742309570063e-02
4.326264357566833585e-02
4.376940846443175964e-02
4.332859468460083241e-02
4.380792045593261824e-02
4.383212375640869324e-02
4.368973922729492421e-02
4.369367170333861988e-02
4.353005838394165272e-02
4.328530764579772983e-02
4.390621900558471652e-02
4.355170083045959567e-02
4.258882856369018699e-02
4.372084736824035506e-02
4.326226115226745883e-02
4.366191911697387545e-02
4.311897802352905595e-02
4.339660358428955311e-02
4.366214752197265792e-02
4.402719974517822071e-02
4.312645769119262396e-02
4.175385308265686102e-02
4.274012231826782027e-02
4.256027293205261186e-02
4.399178004264831660e-02
4.375505161285400679e-02
4.325986456871032393e-02
4.301819920539855929e-02
4.316117000579833968e-02
4.328294563293456909e-02
4.370498323440551863e-02
4.380818963050842063e-02
4.365110158920287864e-02
4.354685378074645702e-02
4.363182902336120578e-02
4.397563266754150185e-02
4.375041508674621521e-02
4.348848176002502453e-02
4.363101816177367837e-02
4.388032913208007868e-02
4.370251846313476241e-02
4.402651500701904030e-02
4.364436006546020680e-02
4.376610612869262507e-02
4.368413329124450767e-02
4.392589139938354176e-02
4.356932830810546914e-02
4.219110703468322704e-02
4.308469629287720037e-02
4.360318517684936418e-02
4.335560083389282393e-02
4.322298836708068914e-02
4.389796757698059132e-02
4.370352721214294106e-02
4.329437899589538841e-02
4.386029696464538441e-02
4.321123909950256442e-02
4.382659292221069425e-02
4.343308186531066872e-02
4.374836373329162725e-02
4.336708354949950911e-02
4.322197151184081765e-02
4.374228525161743403e-02
4.409644103050231606e-02
4.356891393661498774e-02
4.354234910011291204e-02
4.352959561347961165e-02
4.343993926048278498e-02
4.355379366874694708e-02
4.382066226005554288e-02
4.354988884925842241e-02
4.362934565544128451e-02
4.322235059738159524e-02
4.381378698348999123e-02
4.353933191299438205e-02
4.328894019126892229e-02
4.424219250679015808e-02
4.378893423080444658e-02
4.435975599288940335e-02
4.372317743301391835e-02
4.351929020881652871e-02
4.363734745979309243e-02
4.362047314643859725e-02
4.384718179702758872e-02
4.369125723838806347e-02
4.411709475517273243e-02
4.374367880821228294e-02
4.362031435966491622e-02
4.409972023963928262e-02
4.348704457283020242e-02
4.388166570663452198e-02
4.379353356361389421e-02
4.367479586601257652e-02
4.370592689514159884e-02
4.364870858192444053e-02
4.409845781326293679e-02
4.404755711555480985e-02
4.378994488716125150e-02
4.381625795364380016e-02
4.376053428649902266e-02
4.267059516906738376e-02
4.202218914031982666e-02
4.410142445564269736e-02
4.399456071853637823e-02
4.354137516021728410e-02
4.372193574905395425e-02
4.388453507423401012e-02
4.376290249824523609e-02
4.352952146530151417e-02
4.399623560905456532e-02
4.369094944000244396e-02
4.361235380172729520e-02
4.378345513343811363e-02
4.389788484573364097e-02
4.384128928184509444e-02
4.345635652542114563e-02
4.267779636383056685e-02
4.314024114608764476e-02
4.375016784667968422e-02
4.401244044303893876e-02
4.384788846969604748e-02
4.392059206962585505e-02
4.230109953880310109e-02
4.218976163864135431e-02
4.400039625167846691e-02
4.374659705162048384e-02
4.379020619392395147e-02
4.361832547187804998e-02
4.395316815376281577e-02
4.385031151771545677e-02
4.388505339622497670e-02
4.378208732604980252e-02
4.421130943298339638e-02
4.415795302391051919e-02
4.381361770629883107e-02
4.408630347251892012e-02
4.357699966430664262e-02
4.365795373916626226e-02
4.361795616149902188e-02
4.397125196456909413e-02
4.396065759658813327e-02
4.370889139175414967e-02
4.388609862327575578e-02
4.312057137489318931e-02
4.264133381843566994e-02
4.325764727592468217e-02
4.360219550132751754e-02
4.360369992256164784e-02
4.368309974670410434e-02
4.407756781578064248e-02
4.399992585182189997e-02
4.398350262641907010e-02
4.397081971168517733e-02
4.369892168045044073e-02
4.417230200767516962e-02
4.381367373466491660e-02
4.403270912170410140e-02
4.396238613128661959e-02
4.354163837432861034e-02
4.304154801368713368e-02
4.400803613662719604e-02
4.383914160728454718e-02
4.381120109558105796e-02
4.380263447761535700e-02
4.277839255332947094e-02
4.436663103103637845e-02
4.386275339126587125e-02
4.403616118431091103e-02
4.437126564979552990e-02
4.407100701332092307e-02
4.393962240219115994e-02
4.378793382644653037e-02
4.395692920684814153e-02
4.394416904449462841e-02
4.404049158096313282e-02
4.398764967918396274e-02
4.418861365318298151e-02
4.361734485626220931e-02
4.369775891304016058e-02
4.412030625343323076e-02
4.415378522872924483e-02
4.386338829994201882e-02
4.409637236595153470e-02
4.378894662857055892e-02
4.403394436836242931e-02
4.381047344207763400e-02
4.394383955001830711e-02
4.391126012802124001e-02
4.387493610382080245e-02
4.408793640136719066e-02
4.320744991302490068e-02
4.411538100242614474e-02
4.421813893318176508e-02
4.435286903381347595e-02
4.375111508369446123e-02
4.389235258102416881e-02
4.401731824874877824e-02
4.421562623977660922e-02
4.425541853904724210e-02
4.402918314933777083e-02
4.410317468643188549e-02
4.421030735969543740e-02
4.367152571678161593e-02
4.380911302566528609e-02
4.422449779510498336e-02
4.399000597000122387e-02
4.383442592620849509e-02
4.390052390098572038e-02
4.410930395126342468e-02
4.337262797355651706e-02
4.437085771560669162e-02
4.416672134399413779e-02
4.405123329162597551e-02
4.409267210960388095e-02
4.301277947425842518e-02
4.425558018684386946e-02
4.388710927963256764e-02
4.377168703079223344e-02
4.402100157737731667e-02
4.408040666580199940e-02
4.395745849609374728e-02
4.411334252357482916e-02
4.425274229049682567e-02
4.416547226905822437e-02
4.394744658470153831e-02
4.434015393257140919e-02
4.452297520637512468e-02
4.425072550773620494e-02
4.325872588157653881e-02
4.331201577186584439e-02
4.443366622924804776e-02
4.407941436767578297e-02
4.448118567466735618e-02
4.422000789642333701e-02
4.439702177047729487e-02
4.414351606369018577e-02
4.432873892784118530e-02
4.419130730628967330e-02
4.419048690795898682e-02
4.419238209724426353e-02
4.451308178901672297e-02
4.427494716644286843e-02
4.437095546722412409e-02
4.410860323905944902e-02
4.435117650032043696e-02
4.431019902229309249e-02
4.440941858291626299e-02
4.435839033126830894e-02
4.339926290512084728e-02
4.249850726127624850e-02
4.389433407783508573e-02
4.335186362266540278e-02
4.428742218017578391e-02
4.420787405967712552e-02
4.409816265106201311e-02
4.400495004653930814e-02
4.417101526260375916e-02
4.395390224456786898e-02
4.410109901428222595e-02
4.404387235641479825e-02
4.426584696769714222e-02
4.427354860305786344e-02
4.409815239906311052e-02
4.408162760734558178e-02
4.431975173950195024e-02
4.415208625793456965e-02
4.422881221771240295e-02
4.406525945663452432e-02
4.415859913825988942e-02
4.435988903045653964e-02
4.426661849021911593e-02
4.443867468833923029e-02
4.407327628135681435e-02
4.405654692649841470e-02
4.397878909111022777e-02
4.352221012115478627e-02
4.424741578102112105e-02
4.427706503868102800e-02
4.431305170059204185e-02
4.438750600814819064e-02
4.421362805366516047e-02
4.415339088439941551e-02
4.466697430610656883e-02
4.437281036376953397e-02
4.458026599884033075e-02
4.437406873703002991e-02
4.460498738288879578e-02
4.432077717781066767e-02
4.474697685241699197e-02
4.468833613395691018e-02
4.391599917411804360e-02
4.455256009101867670e-02
4.482559442520141907e-02
4.473683214187622326e-02
4.453824329376220720e-02
4.466425037384032931e-02
4.453575658798217957e-02
4.456215667724609114e-02
4.445073390007019121e-02
4.454582762718200389e-02
4.462577056884765858e-02
4.469871449470520092e-02
4.466213035583495999e-02
4.472039175033569458e-02
4.425560164451598777e-02
4.460989356040954285e-02
4.446509146690368758e-02
4.442411494255065624e-02
4.436764025688171714e-02
4.453046059608459228e-02
4.478102445602417242e-02
4.389632844924926808e-02
4.330724406242370678e-02
4.465565633773803389e-02
4.425415372848510998e-02
4.489274597167968589e-02
4.482346653938293346e-02
4.473635244369506686e-02
4.430940008163452432e-02
4.440100455284118341e-02
4.428317308425903237e-02
4.459684634208679194e-02
4.464378213882446572e-02
4.459350776672363348e-02
4.440047097206115817e-02
4.476684784889221197e-02
4.472264719009399342e-02
4.445135140419006342e-02
4.477073168754577837e-02
4.446621441841125399e-02
4.455747151374817028e-02
4.464099597930908103e-02
4.462686872482300032e-02
4.442391657829284496e-02
4.453396940231323098e-02
4.463855147361755343e-02
4.465138840675354076e-02
4.464181208610534801e-02
4.449305939674377125e-02
4.504524421691894626e-02
4.430482554435730136e-02
4.487159371376037847e-02
4.457833790779113653e-02
4.486737060546874822e-02
4.481210589408874539e-02
4.448429512977600253e-02
4.395779252052307157e-02
4.463253211975097556e-02
4.473001956939696988e-02
4.441495776176452442e-02
4.485842895507812650e-02
4.291297221183777016e-02
4.413940811157226335e-02
4.490212202072143416e-02
4.429730772972106934e-02
4.474291896820068587e-02
4.496869444847106934e-02
4.456673836708068687e-02
4.476275444030761858e-02
4.486090326309204179e-02
4.453648281097412343e-02
4.485107660293578824e-02
4.475584053993224981e-02
4.483724021911621171e-02
4.500154328346252230e-02
4.477567148208617953e-02
4.443494915962219183e-02
4.500515747070312628e-02
4.500366139411926536e-02
4.482088327407836997e-02
4.483334660530090277e-02
4.483150386810302868e-02
4.536174869537353688e-02
4.511853313446045205e-02
4.476968812942504899e-02
4.484344983100890802e-02
4.449812293052673312e-02
4.472488451004028032e-02
4.500132012367248635e-02
4.486182832717895697e-02
4.510790586471557367e-02
4.464591288566589072e-02
4.464498376846313260e-02
4.472090744972229137e-02
4.498418140411376831e-02
4.485538196563720881e-02
4.486782503128051991e-02
4.453716278076171736e-02
4.452651381492614413e-02
4.466807031631469388e-02
4.496110105514526667e-02
4.488385295867920038e-02
4.433233118057251093e-02
4.517487287521362166e-02
4.498584318161010648e-02
4.503614759445190296e-02
4.480291032791137995e-02
4.408477044105529874e-02
4.491037917137145896e-02
4.496855139732360701e-02
4.470563650131225558e-02
4.410963821411132552e-02
4.500511789321899603e-02
4.520343422889709639e-02
4.496130657196045072e-02
4.480038523674011175e-02
4.533816099166870089e-02
4.503735208511352311e-02
4.491758918762207148e-02
4.512657117843627691e-02
4.518446278572082336e-02
4.497866201400756853e-02
4.480817437171936285e-02
4.483528709411620933e-02
4.488320803642272677e-02
4.509148073196411061e-02
4.470846605300902998e-02
4.459813737869262884e-02
4.498161292076111040e-02
4.473962903022766363e-02
4.481089520454406561e-02
4.488148832321166987e-02
4.487422108650207520e-02
4.450434970855712824e-02
4.497704935073852661e-02
4.466609787940978987e-02
4.360795688629150180e-02
4.502672600746154830e-02
4.494134974479675054e-02
4.472696161270141302e-02
4.534913897514343539e-02
4.521494674682616927e-02
4.490962457656860057e-02
4.482845139503478793e-02
4.456186842918395674e-02
4.479901790618896762e-02
4.515500211715698514e-02
4.487953591346740406e-02
4.512669515609741416e-02
4.518328428268432451e-02
4.495301222801208196e-02
4.483021211624145519e-02
4.486786293983459351e-02
4.490768909454345703e-02
4.527555108070373258e-02
4.505034995079040816e-02
4.507767128944396851e-02
4.466236424446105857e-02
4.516870284080505560e-02
4.502730369567871371e-02
4.500158381462097262e-02
4.523291373252868314e-02
4.555544424057007130e-02
4.530097532272338995e-02
4.532470560073852822e-02
4.497769331932068015e-02
4.510841560363769431e-02
4.505485773086547602e-02
4.518592834472656000e-02
4.485189199447631864e-02
4.499386167526245317e-02
4.453180265426635864e-02
4.493645358085632258e-02
4.524218869209289257e-02
4.515860104560852351e-02
4.439608597755432401e-02
4.448209691047668585e-02
4.509483242034911799e-02
4.489787554740905934e-02
4.555927658081054821e-02
4.510540699958801025e-02
4.518799901008605652e-02
4.539148259162902738e-02
4.541032814979552995e-02
4.498068284988403220e-02
4.526966810226440430e-02
4.516761565208435303e-02
4.542745184898376587e-02
4.518061614036560092e-02
4.512046861648559559e-02
4.550471258163452104e-02
4.531507301330566645e-02
4.470508170127868858e-02
4.429957342147827076e-02
4.527463603019714344e-02
4.502211046218872192e-02
4.541264176368713101e-02
4.390912842750549494e-02
4.520030307769775518e-02
4.509321475028991999e-02
4.557599306106567549e-02
4.520337080955505460e-02
4.497643589973449735e-02
4.508990669250488581e-02
4.559567403793334667e-02
4.532899022102356013e-02
4.540242362022400141e-02
4.519404602050781233e-02
4.489665079116821056e-02
4.453911113739013328e-02
4.546619105339050337e-02
4.524309420585632263e-02
4.518004107475280529e-02
4.521992135047912809e-02
4.517687201499939048e-02
4.548831319808960272e-02
4.511484718322753690e-02
4.520114707946777666e-02
4.533547925949096835e-02
4.523663854598999196e-02
4.424200129508971957e-02
4.358579254150390936e-02
4.521608781814575456e-02
4.468781995773315335e-02
4.547619223594665666e-02
4.569344258308410955e-02
4.534473037719726624e-02
4.514627003669739042e-02
4.500566935539245667e-02
4.524140763282775979e-02
4.527142333984374850e-02
4.565255546569824130e-02
4.575142097473144237e-02
4.520534563064575184e-02
4.556598329544067627e-02
4.487931132316589494e-02
4.540352845191955589e-02
4.532262015342712613e-02
4.503851270675659352e-02
4.561368346214294406e-02
4.523719787597656194e-02
4.536755919456481739e-02
4.583673620223999157e-02
4.507447218894958252e-02
4.528141212463378945e-02
4.526839113235473638e-02
4.553119754791259965e-02
4.561755657196044783e-02
4.540264844894409402e-02
4.542182779312133739e-02
4.522333240509033431e-02
4.583971738815307423e-02
4.528654408454894920e-02
4.532999348640441573e-02
4.516596317291259738e-02
4.508865189552307279e-02
4.545655488967895175e-02
4.531326365470886297e-02
4.548766493797302274e-02
4.527467393875122398e-02
