2.084386050701141357e-01
3.005910730361938468e-02
2.954843068122863653e-02
2.896013307571411108e-02
2.899263930320739729e-02
2.891061925888061684e-02
2.899273538589477658e-02
2.887383317947387826e-02
2.904188179969787592e-02
2.896693015098571883e-02
2.903991675376892123e-02
2.899587750434875350e-02
2.895314025878906183e-02
2.912408471107482896e-02
2.912669801712036016e-02
2.880494761466979858e-02
2.885996627807617051e-02
2.881455183029174930e-02
2.898762845993042153e-02
2.881281280517578036e-02
2.909262561798095850e-02
2.904376554489135689e-02
2.917720842361450073e-02
2.927851462364196647e-02
2.896249890327453475e-02
2.908031153678894073e-02
2.916795134544372670e-02
2.936791181564330985e-02
2.938917398452758900e-02
2.945345473289489799e-02
2.930019259452819672e-02
2.937116098403930523e-02
2.924840688705444489e-02
2.954555845260620206e-02
2.923806214332580478e-02
2.916667509078979537e-02
2.916832900047302418e-02
2.914968490600585924e-02
2.930244421958923262e-02
2.939492750167846738e-02
2.896901059150695790e-02
2.925151705741882435e-02
2.894501113891601723e-02
2.904153466224670271e-02
2.905311274528503407e-02
2.885952234268188490e-02
2.928103017807006866e-02
2.894464373588561887e-02
2.879876279830932695e-02
2.873111462593078494e-02
2.894362902641296406e-02
2.887701606750488204e-02
2.906199884414672682e-02
2.889908123016357577e-02
2.961157846450805653e-02
2.971586298942565860e-02
3.006251811981201089e-02
2.971416950225829953e-02
2.981209206581115698e-02
2.993786907196045038e-02
2.994557380676269448e-02
2.945542168617248588e-02
2.975556421279907174e-02
2.945382189750671287e-02
2.974435663223266510e-02
2.931398606300354009e-02
2.988734745979309063e-02
2.956495952606201169e-02
2.964401125907897838e-02
2.997170114517212075e-02
2.948080039024352991e-02
2.984455585479736314e-02
3.010469627380371258e-02
3.005592393875122087e-02
2.996558332443237382e-02
2.980638194084167525e-02
3.031316518783569447e-02
3.001560306549072230e-02
2.979966807365417442e-02
3.000352954864501931e-02
3.015553665161132754e-02
2.961384248733520477e-02
2.989987373352050865e-02
2.994953775405883797e-02
3.001134204864501845e-02
3.021113038063049164e-02
3.010714340209960996e-02
2.994076895713806280e-02
2.986719655990600561e-02
3.001231002807617024e-02
3.026950049400329440e-02
2.997909212112426919e-02
3.017316508293151761e-02
2.994797039031982591e-02
3.011903119087219402e-02
3.031384563446044844e-02
2.996838951110839672e-02
3.016570281982421803e-02
3.022302556037902849e-02
3.003212237358093145e-02
3.011965656280517559e-02
3.014804124832153390e-02
2.999919557571411113e-02
3.043277573585510126e-02
3.036527395248413141e-02
3.046163439750671290e-02
3.053264331817626825e-02
3.020631098747253440e-02
3.008527159690856795e-02
3.023902630805969105e-02
3.013998413085937356e-02
3.043067407608032390e-02
3.021549725532531733e-02
2.998705363273620680e-02
3.039330196380615398e-02
3.072776031494140608e-02
3.027853131294250613e-02
3.048876404762268164e-02
3.026702070236205952e-02
3.005028462409973025e-02
3.015743589401245067e-02
3.025998449325561362e-02
3.043195223808288497e-02
3.040663552284240609e-02
2.992678713798523071e-02
3.043921089172363370e-02
2.986408376693725636e-02
3.035474276542663580e-02
2.946649408340453954e-02
3.107208800315856834e-02
3.023496007919311557e-02
3.093937063217163178e-02
3.129896974563598638e-02
3.047448778152465898e-02
3.043885207176208474e-02
3.077922248840331970e-02
3.118347024917602489e-02
3.060815596580505199e-02
3.080133891105651944e-02
3.043418002128600933e-02
3.042116355895995924e-02
3.076493263244628809e-02
2.995387005805969297e-02
3.047870874404907254e-02
3.059998750686645369e-02
3.013987398147582875e-02
3.048278498649597060e-02
3.025749921798705916e-02
3.060362577438354575e-02
3.047545647621154735e-02
3.018630123138427851e-02
3.043984913825988764e-02
3.019594883918762240e-02
3.047672939300537231e-02
3.041414141654968234e-02
3.015799498558044411e-02
3.039844918251037587e-02
3.026161813735962075e-02
3.038282799720764052e-02
3.084116506576537950e-02
2.955492329597473114e-02
3.016440439224243181e-02
2.979746437072753815e-02
3.045102524757385340e-02
3.058658361434936357e-02
3.073694753646850561e-02
3.053330612182617032e-02
3.051324415206909182e-02
3.044595551490783536e-02
3.027320218086242826e-02
3.026033067703247023e-02
3.052489352226257432e-02
3.047873234748840407e-02
3.062234234809875499e-02
3.036013746261596521e-02
3.018380784988403467e-02
3.062719702720641951e-02
3.015513086318969554e-02
3.066937541961669775e-02
3.052542209625244002e-02
3.059496545791625874e-02
3.078625178337097285e-02
3.073113512992858842e-02
2.962486529350280909e-02
3.055795979499817058e-02
3.054284191131591969e-02
3.043303680419921775e-02
3.068738889694213809e-02
3.067008900642394925e-02
3.061990118026733376e-02
3.086999201774597024e-02
3.087708234786987194e-02
3.046287441253662034e-02
3.058800292015075722e-02
3.197226214408874223e-02
3.073929738998413055e-02
3.063612532615661577e-02
3.069181180000305278e-02
3.064302778244018532e-02
3.080832242965698270e-02
3.075790166854858523e-02
3.052546095848083368e-02
3.058664345741271898e-02
3.070316147804260168e-02
3.074805402755737341e-02
3.065130662918090845e-02
3.043787837028503335e-02
3.066953635215759200e-02
3.068093943595886358e-02
3.094006800651550454e-02
3.055093908309936684e-02
3.050395989418029641e-02
3.068711662292480588e-02
3.054362416267394909e-02
3.061677384376525896e-02
3.057442212104797413e-02
3.083061981201171836e-02
3.023606944084167650e-02
3.054055285453796328e-02
3.085997200012207189e-02
2.985510492324829068e-02
2.999968004226684706e-02
3.045377302169799752e-02
3.019867205619811840e-02
3.023594689369201588e-02
3.086603713035583618e-02
3.062521767616271928e-02
3.073999595642089994e-02
3.094691324234008847e-02
3.089046740531921353e-02
3.054409098625182964e-02
3.093505764007568187e-02
3.099217963218689129e-02
3.064306545257568237e-02
3.052913975715637260e-02
3.040345454216003551e-02
3.067427587509155215e-02
3.070094466209411649e-02
3.061125493049621574e-02
3.099416995048523069e-02
3.093595933914184554e-02
3.034159779548644895e-02
3.093891215324401714e-02
3.088107538223266654e-02
3.080837011337280232e-02
3.024210238456725985e-02
2.999471569061279430e-02
3.022076177597046026e-02
3.082641363143921037e-02
3.086158442497253379e-02
3.098538708686828652e-02
3.082936096191406239e-02
3.089059257507324047e-02
3.105260467529296839e-02
3.076849365234374939e-02
3.088415837287902810e-02
3.099037599563598741e-02
3.115393829345703205e-02
3.074532246589660803e-02
3.050806379318237241e-02
3.071113014221191553e-02
3.053448152542114283e-02
3.092032909393310422e-02
3.101209259033203131e-02
3.099015164375305137e-02
3.038691592216491780e-02
3.045212697982788153e-02
2.988892841339111164e-02
3.111479163169860937e-02
3.085820508003234847e-02
3.088207626342773585e-02
3.084492850303649850e-02
3.080052971839904868e-02
3.084220981597900549e-02
3.094336295127868633e-02
3.076628494262695357e-02
3.101202034950256356e-02
3.090034246444701982e-02
3.093810915946960602e-02
3.076257252693176403e-02
3.134401035308837652e-02
2.996011710166931324e-02
3.109488654136657870e-02
3.133844447135925027e-02
2.996771121025085596e-02
3.040213489532470753e-02
3.100167703628540009e-02
3.069253706932068004e-02
3.114470934867858906e-02
3.119065570831298928e-02
3.143687558174133173e-02
3.083292436599731345e-02
3.127864575386047480e-02
3.089326143264770411e-02
3.088388323783874609e-02
3.080890870094299405e-02
3.055756783485412756e-02
3.044982314109802302e-02
3.113768577575683552e-02
3.103550434112548745e-02
3.106067752838134743e-02
3.090315294265746915e-02
3.113063335418701089e-02
3.099931192398071300e-02
3.088218903541565044e-02
3.107770967483520358e-02
3.089424920082092449e-02
3.126320409774780568e-02
3.125288581848144343e-02
3.094522833824157881e-02
3.104474973678588920e-02
3.097701787948608371e-02
3.109542989730834997e-02
3.106731104850769115e-02
3.076461863517761242e-02
3.013634443283081180e-02
2.987590646743774545e-02
3.121400117874145383e-02
3.100842046737670860e-02
3.103433275222778481e-02
3.098140096664428814e-02
3.113025522232055683e-02
3.131296491622925088e-02
3.067748475074768069e-02
3.119673514366149911e-02
3.082024693489074721e-02
3.054297590255737258e-02
2.966046524047851601e-02
3.063354492187499861e-02
3.100270605087280390e-02
3.131791830062866100e-02
3.117176461219787684e-02
3.090016913414001323e-02
3.061443281173705996e-02
3.087683582305908100e-02
3.124772310256957938e-02
3.150907039642333873e-02
3.122240710258484056e-02
3.121892404556274314e-02
3.096843290328979426e-02
3.150351238250732183e-02
3.086776018142700292e-02
3.077034974098205589e-02
3.092136526107788080e-02
3.110889005661010911e-02
3.122314476966858016e-02
3.094776082038879286e-02
3.122968721389770413e-02
3.082044601440429854e-02
3.084649109840393102e-02
3.072437000274658159e-02
3.127121257781982633e-02
3.124124622344970695e-02
3.124308943748474107e-02
3.097301554679870658e-02
3.097917461395263694e-02
3.086614775657653756e-02
3.199417209625244479e-02
3.099988174438476560e-02
3.079301571846008306e-02
3.105500864982604914e-02
3.097216939926147536e-02
3.148751378059386902e-02
3.120918893814086936e-02
3.096084094047546476e-02
3.121483135223388633e-02
3.114543104171752994e-02
3.093856334686279422e-02
3.145612430572509999e-02
3.148011875152587763e-02
3.111479973793029874e-02
3.111992073059081931e-02
3.145459580421447465e-02
3.139490246772766446e-02
3.123963928222656117e-02
3.122521400451660004e-02
3.130804443359375133e-02
3.138374900817871016e-02
3.107546043395996091e-02
3.112598896026611342e-02
3.088673400878906225e-02
3.109398818016052141e-02
3.124504137039184684e-02
3.115817189216613797e-02
3.143909597396850331e-02
3.137739014625549189e-02
3.083643460273742531e-02
3.125308537483215132e-02
3.126891613006591714e-02
3.137102770805359070e-02
3.101116418838500977e-02
3.091153597831726094e-02
2.959932065010070779e-02
2.969453978538513089e-02
3.126183891296386436e-02
3.146355557441711526e-02
3.082218217849731420e-02
3.127195954322815191e-02
3.128697586059570046e-02
3.119952583312988331e-02
3.151843714714050448e-02
3.129672694206237643e-02
3.096971726417541496e-02
3.045841765403747500e-02
3.114750361442565965e-02
3.103870487213134660e-02
3.118813061714172455e-02
3.125999259948730735e-02
3.134939002990722728e-02
3.097217965126037448e-02
3.142601442337036172e-02
3.149627709388733154e-02
3.133858752250671259e-02
3.133569216728210316e-02
3.142085361480712741e-02
3.106091403961181580e-02
3.127207279205321960e-02
3.098665332794189528e-02
3.163032293319702204e-02
3.087411379814147816e-02
3.123329377174377530e-02
3.156949043273925976e-02
3.062502217292785781e-02
3.064813351631164723e-02
3.132993292808532865e-02
3.039717459678649772e-02
3.141961908340454301e-02
3.151490592956542741e-02
3.173498916625976801e-02
3.115819549560546950e-02
3.140401601791381614e-02
3.139467644691467524e-02
3.165630364418029613e-02
3.133918833732605297e-02
3.152168536186217979e-02
3.154366922378540328e-02
3.146799564361572182e-02
3.128365874290466031e-02
3.141628479957580405e-02
3.152546954154968051e-02
3.184586668014526695e-02
3.132219886779784995e-02
3.138799500465393189e-02
3.148462009429931624e-02
3.144916510581970137e-02
3.115635681152343836e-02
3.145262813568115018e-02
3.192560505867004378e-02
3.147481536865234103e-02
3.161469912528992038e-02
3.155177640914916953e-02
3.169925808906555453e-02
3.135552334785461637e-02
3.129833650588989546e-02
3.125534176826477023e-02
3.153093719482422119e-02
3.140393614768981906e-02
3.155478167533874723e-02
3.058229804039001506e-02
3.133683681488037137e-02
3.118475151062011577e-02
3.041212701797485485e-02
3.134178018569946239e-02
3.154404997825622364e-02
3.074809098243713387e-02
3.132396554946899336e-02
3.129576539993286083e-02
3.144550991058349398e-02
3.161124348640442089e-02
3.131159114837646362e-02
3.124365663528442388e-02
3.143162178993225142e-02
3.150165605545043879e-02
3.132746362686156943e-02
3.138168048858642339e-02
3.134315848350524569e-02
3.186654210090637124e-02
3.138139247894287248e-02
3.160417795181274386e-02
3.144198083877563360e-02
3.143236994743347362e-02
3.162984871864318870e-02
3.159774446487426808e-02
3.160901522636413302e-02
3.161890459060669178e-02
3.147920107841491871e-02
3.150169253349303922e-02
3.144600391387939592e-02
3.142823696136474304e-02
3.160158348083495772e-02
3.139887309074401722e-02
3.059721159934997506e-02
3.165879297256470049e-02
3.215340232849121099e-02
3.146061754226684576e-02
3.173842358589172574e-02
3.159909176826476707e-02
3.168765807151794484e-02
3.158701610565185780e-02
3.061422038078307969e-02
3.196983671188354664e-02
3.150312638282776190e-02
3.133696246147155834e-02
3.174455976486206116e-02
3.149083805084228194e-02
3.174129867553710654e-02
3.176017856597900674e-02
3.171502590179443165e-02
3.155263471603393655e-02
3.160873723030090121e-02
3.147525119781494074e-02
3.163076329231262473e-02
3.205034017562866100e-02
3.180103707313537698e-02
3.140160036087036310e-02
3.198369169235229514e-02
3.171228480339050027e-02
3.160667085647583113e-02
3.149016594886779735e-02
3.161161851882934859e-02
3.154488229751586936e-02
3.135029840469360368e-02
3.153779006004333446e-02
3.175123238563537509e-02
3.140934419631957741e-02
3.165376973152160545e-02
3.178707742691039978e-02
3.127928400039672874e-02
3.140525412559509039e-02
3.163717317581176552e-02
3.151381516456604193e-02
3.166025805473327709e-02
3.189487791061401678e-02
3.169029188156127774e-02
3.157223916053771701e-02
3.165850210189819630e-02
3.189983296394348355e-02
3.153673577308654941e-02
3.159159660339355691e-02
3.183584976196288802e-02
3.137282705307006814e-02
3.087199306488037226e-02
3.152296328544616777e-02
3.178458309173583934e-02
3.191669178009032964e-02
3.177588415145873868e-02
3.098657298088073817e-02
3.171489334106445540e-02
3.162732195854187078e-02
3.182651662826538330e-02
3.180315279960631986e-02
3.177796316146850458e-02
3.159997057914733926e-02
3.177009820938110629e-02
3.179615807533264088e-02
3.178887104988098455e-02
3.173261594772339156e-02
3.158956813812256043e-02
3.160742330551147283e-02
3.172262120246887446e-02
3.184729242324828985e-02
3.181476259231567211e-02
3.147027945518493519e-02
3.200195550918578935e-02
3.201565361022949002e-02
3.201287341117858842e-02
3.148774361610412464e-02
3.148600840568542558e-02
3.195792126655578463e-02
3.113883233070373693e-02
3.137862706184386952e-02
3.192708539962768599e-02
3.177403259277343517e-02
3.185775923728943054e-02
3.204425621032715166e-02
3.188403272628784202e-02
3.184446477890014865e-02
3.171716547012329301e-02
3.053522014617919902e-02
3.110192704200744757e-02
3.170430421829223411e-02
3.170422053337097062e-02
3.194314336776733071e-02
3.181889343261718600e-02
3.185214257240295138e-02
3.179193806648254739e-02
3.211923599243163979e-02
3.182503700256347767e-02
3.188300728797912459e-02
3.206588077545165921e-02
3.131521677970885986e-02
3.183774423599243508e-02
3.178960132598877136e-02
3.203228020668030113e-02
3.163661718368530190e-02
3.186754345893860058e-02
3.173912405967712486e-02
3.191385436058044589e-02
3.197877573966979858e-02
3.209168624877929699e-02
3.171363139152526961e-02
3.114329171180725206e-02
3.156767344474792347e-02
3.201569366455078031e-02
3.190519356727600231e-02
3.203558135032653909e-02
3.161103415489197044e-02
3.129875063896179338e-02
3.216740441322326477e-02
3.182243061065673922e-02
3.183178067207336620e-02
3.175197196006775135e-02
3.221955919265746815e-02
3.172191643714904891e-02
3.099469542503357003e-02
3.206320953369140581e-02
3.143771100044250727e-02
3.157295799255371155e-02
3.130577683448791670e-02
3.204815864562988309e-02
3.190993118286132579e-02
3.222978353500366433e-02
3.194881319999694907e-02
3.134013819694519282e-02
3.205227494239806796e-02
3.210064601898193065e-02
3.196754527091980047e-02
3.197605824470520219e-02
3.182245612144470048e-02
3.175438642501830777e-02
3.181433558464050182e-02
3.159780883789062300e-02
3.173090577125549372e-02
3.170649552345276151e-02
3.190934944152831743e-02
3.167127466201782177e-02
3.000436997413635093e-02
3.075763225555419936e-02
3.233217239379882618e-02
3.194487953186034984e-02
3.196458721160888583e-02
3.208990716934204124e-02
3.191963481903076216e-02
3.023073053359985260e-02
3.215513229370117049e-02
3.197910094261169345e-02
3.108382153511047435e-02
3.200845217704773038e-02
3.213037753105163485e-02
3.208900499343871754e-02
3.193068647384643410e-02
3.115726137161254836e-02
3.212083101272582980e-02
3.153640151023864857e-02
3.238645005226135215e-02
3.140358948707580589e-02
3.114102935791015700e-02
3.177377009391784551e-02
3.184462475776672630e-02
3.164089751243591431e-02
3.154271316528320379e-02
3.204937696456908874e-02
3.208281898498534929e-02
3.216376113891601662e-02
3.222245955467224060e-02
3.197612571716308694e-02
3.223020792007446483e-02
3.213016152381897167e-02
3.202857422828674083e-02
3.186019396781921559e-02
3.200880408287048312e-02
3.205984139442443620e-02
3.189477992057800082e-02
3.210148191452026623e-02
3.218413019180298151e-02
3.215181589126586692e-02
3.210530591011047374e-02
3.175013017654419040e-02
3.125875043869018322e-02
3.143587350845336581e-02
3.142467164993285877e-02
3.133451628684997409e-02
3.142839813232421731e-02
3.126761698722839433e-02
3.100076174736023094e-02
3.121477985382080031e-02
3.165211892127990645e-02
3.159509730339050276e-02
3.154491710662842008e-02
3.140687441825866510e-02
3.180354475975036288e-02
3.144562149047851890e-02
3.165502333641052185e-02
3.167669916152954235e-02
3.204281783103942599e-02
3.202356243133545194e-02
3.218155813217163375e-02
3.283930325508117865e-02
3.238725543022155651e-02
3.194223308563232111e-02
3.161383628845215038e-02
3.212586951255798351e-02
3.243713116645813299e-02
3.205290961265563898e-02
3.203762531280517772e-02
3.184327316284179393e-02
3.293092584609985662e-02
3.197168803215026667e-02
3.143827629089355341e-02
3.107390928268432759e-02
3.192293119430542059e-02
3.234594798088073764e-02
3.210389780998230275e-02
3.220295429229736578e-02
3.236641740798950478e-02
3.213768815994262618e-02
3.213879585266113392e-02
3.203338646888732877e-02
3.211333107948303317e-02
3.193787074089050187e-02
3.187462234497070307e-02
3.223855328559875610e-02
3.185167598724365084e-02
3.214773368835448925e-02
3.179278230667114541e-02
3.078474760055541909e-02
3.190081644058227750e-02
3.219575572013855247e-02
3.190054869651794134e-02
3.158019685745239169e-02
3.210977792739868469e-02
3.242696809768676885e-02
3.214049339294433594e-02
3.174415826797485213e-02
3.179073047637939742e-02
3.209253120422363159e-02
3.188673233985900995e-02
3.220915222167968633e-02
3.201211762428284036e-02
3.185020828247070446e-02
3.129349374771118325e-02
3.166540479660034241e-02
3.224905395507812744e-02
3.200042796134948409e-02
3.173628377914428783e-02
3.169593811035156111e-02
3.201413536071777421e-02
3.195875501632690352e-02
3.165148305892944575e-02
3.178156948089599920e-02
3.190078663825988980e-02
3.203086376190185380e-02
3.177643132209777982e-02
3.190848326683044106e-02
3.168363666534423917e-02
3.177048397064208968e-02
3.218423390388489014e-02
3.224598765373230119e-02
3.239131283760070951e-02
3.188938355445861822e-02
3.213054704666137851e-02
3.200350189208984314e-02
3.210348343849182134e-02
3.166323280334472356e-02
3.150636434555053461e-02
3.202333450317382951e-02
3.211522459983826017e-02
3.154367041587829296e-02
3.203814387321472085e-02
3.169864606857299844e-02
3.151751446723938255e-02
3.181879734992981018e-02
3.329791140556335322e-02
3.152942299842834140e-02
3.092064261436462333e-02
3.175909900665283003e-02
3.110174846649169794e-02
3.169025063514709778e-02
3.163965582847595021e-02
3.155001330375671598e-02
3.163410687446593927e-02
3.164441323280334228e-02
3.078488922119140478e-02
3.139453077316284313e-02
3.115618824958801131e-02
3.105548667907714888e-02
3.135591769218444569e-02
3.108887124061584378e-02
3.153372645378112876e-02
3.131325507164001154e-02
3.098095941543579229e-02
3.095115900039673018e-02
3.110775375366211029e-02
3.110284996032714952e-02
3.125589704513549727e-02
3.120799016952514535e-02
3.071762728691100966e-02
3.057530021667480627e-02
3.098821806907653756e-02
3.125646138191223028e-02
3.076804590225219738e-02
3.111666011810302820e-02
3.121600317955017245e-02
3.128301596641540339e-02
3.119566273689269864e-02
3.053357076644897319e-02
3.104125738143920926e-02
3.133930182456970415e-02
3.111495494842529339e-02
3.121512842178344668e-02
3.132796955108642367e-02
3.137809181213378762e-02
3.126834201812744157e-02
3.117177772521972576e-02
3.143301630020141346e-02
3.121291947364807084e-02
3.120008850097656314e-02
3.081025743484496968e-02
2.997199749946594105e-02
3.112998294830322116e-02
3.111968040466308455e-02
3.118126440048217887e-02
3.049946045875549447e-02
3.130583405494689886e-02
3.114067792892456082e-02
3.118081402778625361e-02
3.137547302246093683e-02
3.148726081848144537e-02
3.130000901222228932e-02
3.144982171058655074e-02
3.119215369224548340e-02
3.129946279525756825e-02
3.176356482505798134e-02
3.149805498123169067e-02
3.084673881530761858e-02
3.152071809768676458e-02
3.121850228309631242e-02
3.128227233886718417e-02
3.094049191474914501e-02
3.126349020004272339e-02
3.150617575645446589e-02
3.124330425262451111e-02
3.143718171119690152e-02
3.114609384536743200e-02
3.077822852134704662e-02
3.127552771568298251e-02
3.105526137351989624e-02
3.109103536605834980e-02
3.068666052818298448e-02
3.089168262481689284e-02
3.086255574226379542e-02
3.079780793190002586e-02
3.083477354049682720e-02
3.089377236366272136e-02
3.087407708168029771e-02
3.091972374916076780e-02
3.186064934730530041e-02
3.181661844253540206e-02
3.193321824073791504e-02
3.188888454437256020e-02
3.205101203918456904e-02
3.170220494270324652e-02
3.190550684928893793e-02
3.172447085380554477e-02
3.159672904014587669e-02
3.169563174247741477e-02
3.164811611175537276e-02
3.173113203048705949e-02
3.179125499725341669e-02
3.180980134010315263e-02
3.171805858612060380e-02
3.121796035766601432e-02
3.158297872543334994e-02
3.154554986953735096e-02
3.176288127899169755e-02
3.169168090820312367e-02
3.169592761993408198e-02
3.189945721626281927e-02
3.166556358337402344e-02
3.166363549232482921e-02
3.169356918334961110e-02
3.180905222892761036e-02
3.187875247001648038e-02
3.180540943145752225e-02
3.169906878471374229e-02
3.222320461273193298e-02
3.232804250717163236e-02
3.211684179306030507e-02
3.171745514869690058e-02
3.204009413719176996e-02
3.232540440559387301e-02
3.202819824218750000e-02
3.207675051689148210e-02
3.194325876235962203e-02
3.180394554138183533e-02
3.190058779716491849e-02
3.186984348297119268e-02
3.226592898368835227e-02
3.235738754272460965e-02
3.219932031631470015e-02
3.215333986282348927e-02
3.207531094551086676e-02
3.167043495178222673e-02
3.199385380744933921e-02
3.204311180114745999e-02
3.232684493064880149e-02
3.220358991622924993e-02
3.210281777381897295e-02
3.207608199119568043e-02
3.242880272865295704e-02
3.217698335647582730e-02
3.212907981872558522e-02
3.224999165534973150e-02
3.210523033142089616e-02
3.214568281173706132e-02
3.204421257972717152e-02
3.232212638854980308e-02
3.216711115837097429e-02
3.271925163269043257e-02
3.228772974014282315e-02
3.243151617050171048e-02
3.254745888710022100e-02
3.250673556327819680e-02
3.123523330688476526e-02
3.244308161735534601e-02
3.210909962654114047e-02
3.224856543540954856e-02
3.255839443206787198e-02
3.228674435615539601e-02
3.240905642509460394e-02
3.216120004653930803e-02
3.205049920082092552e-02
3.167794346809386929e-02
3.226753854751587131e-02
3.238263010978698758e-02
3.211476778984069524e-02
3.239291596412658542e-02
3.221877813339233537e-02
3.214794182777405002e-02
3.226615333557129178e-02
3.255043292045593090e-02
3.205873703956604176e-02
3.225108218193054044e-02
3.234109687805175604e-02
3.272024416923523249e-02
3.245174455642699934e-02
3.244388556480407720e-02
3.278733921051025374e-02
3.230671811103820457e-02
3.261885070800780995e-02
3.225008344650268782e-02
3.248589324951171864e-02
3.275459575653075911e-02
3.246860241889953924e-02
3.244700574874877924e-02
3.242627167701721269e-02
3.240738701820373296e-02
3.265695214271545355e-02
3.228850603103637640e-02
3.262082242965698431e-02
3.234686708450317666e-02
3.262948393821716447e-02
3.241990637779235823e-02
3.217700123786926270e-02
3.256458091735840027e-02
3.253490757942199829e-02
3.235732245445251121e-02
3.247220134735107760e-02
3.239494609832763855e-02
3.252147746086120339e-02
3.246600818634032964e-02
3.258402061462402355e-02
3.229176259040832803e-02
3.229874873161316107e-02
3.236901402473449374e-02
3.161989688873290821e-02
3.219667291641235135e-02
3.272263264656066761e-02
3.245988440513610657e-02
3.258593773841857860e-02
3.260618162155151656e-02
3.244774961471557501e-02
3.257744884490966497e-02
3.271013712882995389e-02
3.226137137413025158e-02
3.235749006271362166e-02
3.219392895698547363e-02
3.269740533828735529e-02
3.282096028327941700e-02
3.230099821090698375e-02
3.255400180816650502e-02
3.258754205703735113e-02
3.251274800300597845e-02
3.232510328292846624e-02
3.247292590141296481e-02
3.249745154380798140e-02
3.239633131027221807e-02
3.264721441268920998e-02
3.261350274085998702e-02
