1.393334441354027433e+02
1.568037800715281094e+02
1.516558828895197450e+02
1.624055513843114227e+02
1.489859628843931603e+02
1.266099435073056725e+02
1.201096419979681542e+02
1.219661794987024592e+02
1.228017379993633540e+02
1.168568418488464289e+02
1.025707262727657820e+02
9.738071449831525683e+01
8.437850421096337072e+01
1.051192571756505174e+02
9.735037487581762150e+01
5.975281201051277691e+01
5.722551672830533676e+01
6.332043950432942836e+01
8.840669092988105149e+01
4.718092544395353372e+01
4.795284373444666670e+01
4.564526606265266651e+01
5.401282849780544382e+01
4.224868281535962922e+01
5.052547126591072413e+01
3.457334500159237223e+01
6.428983528273559500e+01
3.531429585865591037e+01
4.292831812788238466e+01
3.218840778012736337e+01
3.086390088895322847e+01
3.523775163464664217e+01
4.133963624559465444e+01
4.124700122032615468e+01
3.237778368516406857e+01
2.544587331571655042e+01
2.244243408517796823e+01
3.359869197724806611e+01
1.386868499407892408e+01
3.064987076638531605e+01
2.911188060231976849e+01
3.400097723867560262e+01
1.775395548545378688e+01
1.617347971052281608e+01
2.370966778647450468e+01
2.006836334635926633e+01
2.962753431592681608e+01
3.343519344563454609e+01
1.959303066552077865e+01
2.559970214596838645e+01
2.073201504836702114e+01
2.679482382159632081e+01
1.777376514517111872e+01
1.800136225335515050e+01
1.752373706131295350e+01
1.751771077637544494e+01
1.468114813381946071e+01
2.046292472847357757e+01
1.295964346020977054e+01
2.422969643975384102e+01
8.307649217857456136e+00
1.762514107336085445e+01
1.520912771434734267e+01
1.907831304518742854e+01
1.077950346022169903e+01
1.520877148237795851e+01
2.012351548742527285e+01
1.635186297722824733e+01
1.235740005296432464e+01
9.866126619767321415e+00
2.591670065203165052e+01
1.086941715730082514e+01
1.125023857678137773e+01
2.393241740907534165e+01
1.215392095490388868e+01
1.939787481146548487e+01
1.067593936030568180e+01
1.169314993295669503e+01
1.251445687692410580e+01
7.794145366574585232e+00
1.257751552898765723e+01
2.225363517718075101e+01
1.700138219807018203e+01
1.080162112759269277e+01
1.342701310801020576e+01
1.812487643275990834e+01
2.228976314437816697e+01
6.482319279078028629e+00
1.939737218583187683e+01
2.244843371477078975e+01
1.908267866528172263e+01
9.405248749607311609e+00
9.470479007021728179e+00
8.483182528658332444e+00
9.612816828267877867e+00
2.344938025764153622e+01
1.453952165049095235e+01
1.249680571681894925e+01
1.220289350471461809e+01
1.423408274225609560e+01
5.134847654911898651e+00
1.657229855612003533e+01
1.578081569802188966e+01
1.350525692776313491e+01
1.332306427054066056e+01
1.716675144434304201e+01
1.035911705326838828e+01
8.754511654137097310e+00
8.705227292670860706e+00
6.288554455395766851e+00
2.051671961516844789e+01
1.444486801157228228e+01
9.329267119009115206e+00
6.560078132957737118e+00
8.121776736270662767e+00
1.172538463834892397e+01
6.082345696464107832e+00
7.533718094657202435e+00
1.582159871153087671e+01
1.415372980030877770e+01
5.053269441312709276e+00
1.249740348299458326e+01
8.888745212345410707e+00
1.048166338348994842e+01
7.897879365074332192e+00
8.056176464753708188e+00
9.106956751031612285e+00
1.054110306407378772e+01
7.316120168989947103e+00
1.593471936299204650e+01
1.164149967493267113e+01
1.116624605380570401e+01
5.117586052907691752e+00
5.354331820478041237e+00
1.323766270126407285e+01
9.269591560445308076e+00
6.158865096964352581e+00
6.145945955230394553e+00
7.306184508921329090e+00
1.552126464997902922e+01
6.127528632123329544e+00
8.283111398220697197e+00
7.654545618398089779e+00
7.946980116060224475e+00
5.644002636890992797e+00
1.829827081257763055e+01
7.434824812049369847e+00
9.239408588178005033e+00
8.848449663939691234e+00
6.677161635337879986e+00
9.312144872156011388e+00
8.558177449490347755e+00
1.059774078783915385e+01
8.423421490230033726e+00
5.582646294787696029e+00
1.231271946953801155e+01
1.324374069990691538e+01
7.745208957230812707e+00
9.181834583914641357e+00
7.730837375167140202e+00
6.290759680359994555e+00
6.562046018077382747e+00
1.394414855633504402e+01
6.535644230237348751e+00
8.844539088116915693e+00
5.021101011767679090e+00
4.111366583059775870e+00
1.821605849916224074e+01
7.339035673264887372e+00
5.583778840022675105e+00
6.520221804990331549e+00
4.319035417080508310e+00
8.640884651298312846e+00
9.868481724885354467e+00
7.735849348586525842e+00
6.050280579698275041e+00
6.558631203147187172e+00
6.893180210243249562e+00
1.374432616739558810e+01
4.181475980989172392e+00
5.043512240854906459e+00
2.213698648325571128e+01
1.715328796130281575e+01
1.807387251349434720e+01
1.263740861587205977e+01
5.010581568732710878e+00
7.862812583695132140e+00
1.455209495175099299e+01
7.097161344478352341e+00
1.224344422025136758e+01
4.490463033891289868e+00
3.704240744698185761e+00
4.285492445496529967e+00
4.380774188448162576e+00
5.788201188911435757e+00
8.579480935990197565e+00
7.370210138000232725e+00
9.285050744381869947e+00
6.828186859950832854e+00
7.483008573515792961e+00
9.863528060719559676e+00
5.165171021958046893e+00
8.390781818351900512e+00
7.563337051362873709e+00
7.396821075854790983e+00
1.728702342098895528e+01
8.057745199067589681e+00
5.102809695754054964e+00
5.499453685305050854e+00
4.862068629534710418e+00
1.050495665845939541e+01
6.667315791100181244e+00
5.292869627669658961e+00
6.354029820548314333e+00
9.711766110051126333e+00
5.407809160210883093e+00
8.866038480166215763e+00
5.172944801872347398e+00
1.069655250591866213e+01
1.216238189341891385e+01
1.890837734387880786e+01
6.012014285578855421e+00
1.039283052577576960e+01
9.080331253853236362e+00
6.984938280247221520e+00
1.435137161648952286e+01
9.059042279296226852e+00
5.507481231555440893e+00
6.876180918083856675e+00
4.928546153366718308e+00
1.151096389198875514e+01
1.056166653564459779e+01
5.338566509890316780e+00
4.163968094214786753e+00
7.154997804630792935e+00
5.728253887697548841e+00
5.958190372095805820e+00
7.410707014619855038e+00
4.428636880171196388e+00
1.453727722682246437e+01
5.681613302236732110e+00
5.944767606405479299e+00
1.025511775993139629e+01
5.274993974402051755e+00
5.955371069819745955e+00
4.798097994547700473e+00
5.103876323003442295e+00
4.477702055848262752e+00
5.112554733554794950e+00
4.717691612776072851e+00
9.135135848024724226e+00
1.498760389172309537e+01
6.494824160745452879e+00
3.379126503146836491e+00
9.030963442667141905e+00
7.327726011216340929e+00
6.594548346788486448e+00
4.282500473655546536e+00
3.911654688933670965e+00
5.399397065112951033e+00
7.970721629869220948e+00
6.175634707503287579e+00
6.459445867679401765e+00
4.981789932839661539e+00
6.351367610348029658e+00
7.143475459805004313e+00
7.139112152338242367e+00
8.462309209073945127e+00
4.710569283267114216e+00
4.797540676815718719e+00
5.434367581165674643e+00
9.617429364190101637e+00
1.272517825416059978e+01
1.039960852672795966e+01
9.035794610157156015e+00
3.537193944913779475e+00
3.728372371423466447e+00
5.229609839362945323e+00
5.234052360148877092e+00
1.167954058240776227e+01
5.290520914064865465e+00
7.946353539149145995e+00
1.077141567593737292e+01
7.773206242158940960e+00
6.588265419109158749e+00
1.054001988066066886e+01
5.824840259310377633e+00
7.575792490906300358e+00
6.529249144455875786e+00
7.271953212513328602e+00
6.898159416505508901e+00
4.262068587750213133e+00
7.715535045703049377e+00
5.643180792374021593e+00
6.906249312890857972e+00
6.107854716366774461e+00
5.723016367288903616e+00
6.809107017295062292e+00
5.104294849998467498e+00
6.684501275013191801e+00
9.926281515722401139e+00
6.670999472665179120e+00
5.446591918070179617e+00
6.992095839046661432e+00
5.109454705754621351e+00
6.050274103750836296e+00
5.606959796070039914e+00
8.963615745475385310e+00
9.502048602885313500e+00
7.081292758406264376e+00
7.251283538054960509e+00
5.128715680328056692e+00
6.795936121801729790e+00
8.191695694454233845e+00
6.930727330271221120e+00
5.075396574099311664e+00
4.776468453162947547e+00
8.912529305014052383e+00
4.962766452531232275e+00
1.449655451877652723e+01
8.048070926638297706e+00
6.235752243468566824e+00
5.034306050632498142e+00
6.981060385064640883e+00
4.121366780075121916e+00
1.015364796996029817e+01
5.312279028087565358e+00
4.889654171503869939e+00
5.344785776945705003e+00
8.522004838588415510e+00
5.727090092938261989e+00
1.206359761687338761e+01
9.153603593453077281e+00
5.775421971052634440e+00
8.026441386840414083e+00
7.169776656435544737e+00
7.445732246065026594e+00
9.485630160266053323e+00
7.269226890203522196e+00
6.934412323625761765e+00
4.958389107914115357e+00
8.897528812640580043e+00
7.711172209139324885e+00
8.419651389471278335e+00
1.247733234366112676e+01
1.207458970522105979e+01
5.630497622187220053e+00
5.221021698669087385e+00
2.011114618025855805e+01
5.650843942254200059e+00
6.421902233149971551e+00
7.663608353920630556e+00
7.373413297425694068e+00
6.734118339535958064e+00
7.770150212436139903e+00
4.009337500163955070e+00
8.288320003194877827e+00
9.176481205772233807e+00
3.933323268903726966e+00
4.749799735451248672e+00
3.853473907353027528e+00
1.495567320355769070e+01
8.563734802860430761e+00
5.098749290485504737e+00
7.312608415945478946e+00
6.205107188854194433e+00
1.329141214454019959e+01
1.040971511451332177e+01
5.098305193601033736e+00
5.089373139001932778e+00
8.867822151684796594e+00
9.401107387780161417e+00
3.808253697247132141e+00
6.268235825351852419e+00
7.010965745564265106e+00
4.879370494957576021e+00
9.409070737259543904e+00
5.437181457988611299e+00
7.252256935964418005e+00
4.382337722551657322e+00
7.768634586747070969e+00
6.042680259682923882e+00
7.224082310145690577e+00
1.332353916105230596e+01
3.688873585223838347e+00
7.409229899904658190e+00
2.643349334333246503e+01
1.125606640474197739e+01
2.027150648572464320e+01
6.187483799127076800e+00
6.441164396234931644e+00
1.592794486246626740e+01
2.066707029360537362e+01
1.125548373912415023e+01
1.683260747510327349e+01
2.137417702970639155e+01
7.324838576953747626e+00
6.425480521530396061e+00
1.516879387811356850e+01
6.016555793752320191e+00
6.498690082318730354e+00
7.770428934997197779e+00
7.468565499943791153e+00
8.128991984000180082e+00
1.414919996395386725e+01
5.189112478499369630e+00
1.514511523606763888e+01
1.294375304676020910e+01
1.536632978131236271e+01
1.421451609956707074e+01
8.971926591535925866e+00
1.507423402892343667e+01
1.429403988762737399e+01
7.832680669694334519e+00
4.940729059613421903e+00
8.506068355779452972e+00
6.642462177709175464e+00
8.073615192869874946e+00
1.613545319988995175e+01
6.209706648909679494e+00
1.116541967272658908e+01
1.625735507564879256e+01
7.446737314553877773e+00
8.844762614225942343e+00
1.162876011126306786e+01
7.890516042309433153e+00
1.204783094914902897e+01
6.645349520889808126e+00
1.246828963557215175e+01
9.151924026379194999e+00
5.560804088632515629e+00
4.851201621097755101e+00
1.215042782315547676e+01
2.351909389410379703e+01
7.290395788708472935e+00
3.682288215635249440e+00
6.271510138189428041e+00
5.202044909386436267e+00
9.983877087211032730e+00
1.131982447294899785e+01
9.534247697940473998e+00
6.527557013804291763e+00
1.022545575106276949e+01
8.717687671321682430e+00
7.183264127962039503e+00
1.021205973645219700e+01
1.607325392197334324e+01
3.013252076863155438e+01
1.466881217489498113e+01
1.037354666966687233e+01
7.466592618278702354e+00
1.138657009241103424e+01
7.857002681257106325e+00
1.093592686785282986e+01
2.477106123747373800e+01
2.070564953698278998e+01
1.756307165124499647e+01
2.030340489009718397e+01
9.302332784848733382e+00
7.627231124488139002e+00
1.480518432919886074e+01
5.860476859309053488e+00
1.385821577456898268e+01
1.338202938344697124e+01
8.503760036929506327e+00
1.811411577461971589e+01
1.487809027410736817e+01
6.482412742343462320e+00
6.505940942042577113e+00
6.768103497991025286e+00
1.194272544699217775e+01
6.076887032719056059e+00
1.296983584695734315e+01
9.669738877968688584e+00
7.409787772098711756e+00
8.021216360965345515e+00
8.941554341866462252e+00
8.194468755078101907e+00
1.323294475107795698e+01
5.902305812570765475e+00
2.067374144486556631e+01
1.434226535625489163e+01
2.350771024732105019e+01
1.548714389164288008e+01
3.250272111439951761e+00
8.767090775717550244e+00
8.393156578720056160e+00
4.034126724431227551e+00
9.636366610195228333e+00
2.005041346092040300e+01
3.738822711274824240e+00
6.476273433690396431e+00
7.446794018054758268e+00
5.215012666188779455e+00
1.806219065372722810e+01
4.908551881193290001e+00
1.624388496732620624e+01
1.506791991871387104e+01
1.326816751003877037e+01
8.848920540532155599e+00
8.221958155538372282e+00
7.067798700864712735e+00
5.201016942336033289e+00
7.728185430796674638e+00
5.074683223476684546e+00
9.919198227334179663e+00
5.756965788027208930e+00
6.727047928317301917e+00
1.404205228372294023e+01
7.975256112955078081e+00
5.209858266943641070e+00
6.872027690936718614e+00
1.269902798001729849e+01
6.520794455511532028e+00
7.743049108549292292e+00
1.238616992380705817e+01
1.039336457658341217e+01
2.902106698041337651e+01
2.128663001582319581e+01
2.174250062833094077e+01
1.205818349309969761e+01
9.187712392883179646e+00
1.152756651218460782e+01
2.132361031337750390e+01
6.780372874730008270e+00
5.272868413236684759e+00
9.211805046938200903e+00
2.758854502827875876e+01
1.723248524979824481e+01
1.818844183841788364e+01
1.128170783548466538e+01
1.321477610427051097e+01
2.996187740252601373e+01
9.574480274106893063e+00
8.607656242322285323e+00
8.179793124631975942e+00
7.813577283639808080e+00
8.241429603681991622e+00
1.048069862390317653e+01
5.128162796613570329e+00
1.278227377329278625e+01
9.534954111128898901e+00
1.861166551938291036e+01
1.016268964337475111e+01
4.356549031145732442e+00
1.102870886345555590e+01
6.669839880362767204e+00
5.803917607887171926e+00
4.638834604904944925e+00
5.390206761133036650e+00
7.702046644961014543e+00
2.495655956655650698e+01
1.109772525714942049e+01
1.374008943674742333e+01
8.017822700922657475e+00
6.220690085928502810e+00
1.038522391990205485e+01
8.121761605175251475e+00
1.473944553621893050e+01
1.353524257479731219e+01
7.557645551316308108e+00
4.292221036149635793e+00
4.027701815456716794e+00
1.310285769107611209e+01
1.580166178246424202e+01
1.355452106662739631e+01
8.101686789758700158e+00
1.407606243609356866e+01
1.011545069708682298e+01
7.939324089997994882e+00
1.000488112233865579e+01
1.255659963059193807e+01
6.559695807350003349e+00
1.008140862198191279e+01
1.852959593560156648e+01
6.987184567013183134e+00
1.487006614991570608e+01
6.411268624771329527e+00
1.432262878782046123e+01
6.035726736598152620e+00
9.360965522069026434e+00
1.054942933918429837e+01
7.238754799954237207e+00
4.245084982089776027e+00
1.480960840632789477e+01
1.614310954773254636e+01
8.171109713515969375e+00
2.663719183594422546e+01
1.959009690175223994e+01
1.590392296378734649e+01
1.282690523515699788e+01
1.460037392202576711e+01
1.103894406269933270e+01
8.319840261606787024e+00
1.707581138948112454e+01
1.349880823129858243e+01
7.507880543859540623e+00
3.162195610479908936e+01
1.401303574589306145e+01
1.696065707391612420e+01
8.113899198638877763e+00
6.466218975900406285e+00
9.944281855263970016e+00
1.440872577743484051e+01
1.200616196743954589e+01
5.959109512080051907e+00
1.061710715772087354e+01
1.619385136108805767e+01
6.636868836795235538e+00
1.577978308143222996e+01
8.993500486798630789e+00
7.899511341661818342e+00
1.359898392444190662e+01
1.790242177607281349e+01
1.061426486111264289e+01
5.776774971936744052e+00
1.956895424230704350e+01
8.603854402460438422e+00
9.725578155467825781e+00
1.243978847353325357e+01
8.853998447152893192e+00
1.052550447002110978e+01
6.340063334847974907e+00
1.254770522039874159e+01
1.857663286302555150e+01
6.564436859299553007e+00
1.198126090353048490e+01
9.777903711453602043e+00
6.814408981180556601e+00
7.144847328140129683e+00
7.193006059754490700e+00
7.840074593905013600e+00
1.450070354411243301e+01
8.528631173603066884e+00
2.182375868637987537e+01
1.872287577169387163e+01
1.191378305311236829e+01
1.768928472488536130e+01
7.939568384651837007e+00
1.028813214350562788e+01
1.117894828404165253e+01
2.156957325445620199e+01
1.166282471958073685e+01
7.648748949683557008e+00
1.457209711451873879e+01
1.288154260495074510e+01
1.407461389139845842e+01
6.043754031714756003e+00
2.120884056589344979e+01
6.887750068548943005e+00
7.490065241304354693e+00
8.399735898922505939e+00
1.407658496430008377e+01
1.152695854566340827e+01
4.446783814995894701e+00
1.083493110278210736e+01
1.012969236890712388e+01
6.572156307430035760e+00
8.864948850798301194e+00
6.628497773083280364e+00
2.090713456182297847e+01
1.012662482019389287e+01
2.618916147787511761e+01
8.306927069868025981e+00
7.914232474613873691e+00
1.488101423363361597e+01
1.670608324188011551e+01
1.233236130943307884e+01
5.566303565446519386e+00
1.048572402760141387e+01
1.922082157361979071e+01
1.313520399358621482e+01
6.389027473517250755e+00
7.670688925287817206e+00
1.034937181604775169e+01
1.300637810804343708e+01
6.641419003345754746e+00
1.143992474069215959e+01
6.157708086318728569e+00
6.392175267134385663e+00
8.193864813383740398e+00
9.222405150483693248e+00
1.270010526745493351e+01
6.247444370834183580e+00
7.805073855034349251e+00
7.029071592382920564e+00
8.081417991885647467e+00
1.082184563511802189e+01
1.803214693631254661e+01
1.567399847947916491e+01
1.882359692647912652e+01
1.478212631470325356e+01
1.235865958135679321e+01
1.168432025898477811e+01
1.981608049573396002e+01
1.642535432206376811e+01
1.317270814088993980e+01
9.259587732443684160e+00
6.088280376700577534e+00
9.652112974901847053e+00
1.359172525541105259e+01
5.771011446157217506e+00
8.777064810236346659e+00
2.241505128480629594e+01
1.775015292192314575e+01
8.950914038814428153e+00
1.243885148509845351e+01
1.711665726176731894e+01
1.629720419953097377e+01
1.414902604302173295e+01
8.077977109667214606e+00
1.641882493503894835e+01
1.149071465326094099e+01
7.383874373400202806e+00
4.782882774801426429e+00
8.851125756859998361e+00
6.308212335258403414e+00
7.365669005768223698e+00
2.327676905910605143e+01
1.266500157125809700e+01
4.098495933045762740e+01
7.493902489113578369e+00
1.054181056761628810e+01
7.326231283341992473e+00
4.309424108522454056e+00
1.025794520089194606e+01
1.542477140877915254e+01
6.837257723832693479e+00
1.607565556287011788e+01
9.426573358334044528e+00
2.488383284307255039e+01
9.129710064130408753e+00
7.920076224901147377e+00
1.053543426023107621e+01
4.888029832810009800e+00
1.329778341387018159e+01
1.563327643202581285e+01
1.032744277042461611e+01
1.337762693558099336e+01
8.079694148064449521e+00
7.720747139484398502e+00
1.790430966026074699e+01
1.236363552061404469e+01
5.345866691158126294e+00
1.549676827730284856e+01
7.602694213761330921e+00
8.051689101647351521e+00
1.150734249053115832e+01
1.112394480456470269e+01
9.087567328148374202e+00
8.824044104884590567e+00
9.186933619340765134e+00
1.733890360541429487e+01
6.727313862892766672e+00
1.038282140227699024e+01
7.452530774298590011e+00
9.140176460168634165e+00
5.960783591482637256e+00
1.107411324813632092e+01
1.581954776645472727e+01
7.293938324192668965e+00
1.067782729070587777e+01
1.158093686104729514e+01
1.721880763141313153e+01
1.261575049014625982e+01
1.545597144489899932e+01
5.259385659724166828e+00
1.042112479213901999e+01
7.456170247762814896e+00
5.352833428437701713e+00
1.020313876144185805e+01
8.209943125759066263e+00
1.442735258058579362e+01
7.810450029238455549e+00
7.602398384891739802e+00
1.354415178011994136e+01
1.528368245599213715e+01
1.140038133843560253e+01
1.056802528134006280e+01
8.358259981795608695e+00
9.806098963189718631e+00
3.038611544155997635e+01
6.953262125898616475e+00
1.198138827780816484e+01
1.422297025622789413e+01
5.256236290040007475e+00
8.686752225981864584e+00
1.569244899872354537e+01
1.399879319432114677e+01
1.260663481060304036e+01
7.737713353550352835e+00
8.296787720373950847e+00
1.148904227553783564e+01
8.101704078706832846e+00
1.128079071028529334e+01
1.141179931592277264e+01
7.597485520549262183e+00
1.162591858645609122e+01
3.693807991997457663e+01
1.496804783917755621e+01
9.121439522844108083e+00
8.351119575519723170e+00
1.172810994892053493e+01
8.447075247167411760e+00
3.055418597738131581e+01
4.574972958431188452e+00
6.300979882647592234e+00
1.695662958575047341e+01
1.273586922285946699e+01
1.355644953929603780e+01
1.618345052888179936e+01
1.491673909725678548e+01
1.340417677786118489e+01
6.114764138303459440e+00
8.814751158189640279e+00
1.063961463160792853e+01
9.950192946532398608e+00
2.302936098106209784e+01
1.274183696206138627e+01
1.382440142562958130e+01
1.133788858817313105e+01
6.815792763203223359e+00
5.170660727775103993e+00
6.669953240482781709e+00
7.367312015282838189e+00
4.951532860446016038e+00
1.794523153201569698e+01
1.127325042245167452e+01
6.468247389950840365e+00
3.236736603489853792e+01
6.946376584882927752e+00
1.534758458794101088e+01
1.349913538169160532e+01
1.049803556655642645e+01
1.169063452620194532e+01
1.274399331588003115e+01
1.028599526693522570e+01
8.453077167803215275e+00
7.916039008121521725e+00
6.740645835829271348e+00
1.112190498040899733e+01
1.370210383185231606e+01
8.816442460994297292e+00
5.202649795426565582e+00
8.602509192901353074e+00
1.349079340201101829e+01
2.242718624333422994e+01
1.926782331970761319e+01
8.516797241640768235e+00
2.796574882633253623e+01
1.670988054772811537e+01
1.056910654933362359e+01
7.377172848960289464e+00
1.233667593886510083e+01
1.000952470984435472e+01
8.657542417016848901e+00
1.247818930637697754e+01
6.731384389191139128e+00
1.136221804441144378e+01
2.713152068351364221e+01
8.150142407250134724e+00
8.335705138463097796e+00
1.266577446779230165e+01
1.483166923759664435e+01
1.153280580616082851e+01
9.971184479867529760e+00
1.331737295600088444e+01
1.114513625062350854e+01
2.068016908418684352e+01
1.453410284365703653e+01
1.067674837238268459e+01
9.414270885396472721e+00
9.289140335358647249e+00
1.032093632365732638e+01
5.875890140533432060e+00
1.669753075298911682e+01
1.615594687919569594e+01
2.074118616587210084e+01
2.578434974302060567e+01
8.571734850280444462e+00
2.147269615814204258e+01
6.492478844890908540e+00
5.133099944448558105e+00
1.456887509488275967e+01
9.220854138434216196e+00
1.099111678836017525e+01
1.003105174083292361e+01
6.570043126114492260e+00
5.633402306963829709e+00
6.303160460561168854e+00
2.528918160532158055e+01
1.308737748500002951e+01
1.144106015773324181e+01
9.478575891856021229e+00
1.705099938206988242e+01
2.287402333738329219e+01
1.074599451875351619e+01
8.248917769298163449e+00
2.688418787742446270e+01
2.308145034327182188e+01
9.957659820214267654e+00
1.384682849283188055e+01
1.167118414649806191e+01
1.558430705707129249e+01
8.860875135650038814e+00
1.344170193312653616e+01
2.214968114797631316e+01
1.929138535641268604e+01
1.203247200158721242e+01
2.250018269957386963e+01
1.316738545282880857e+01
5.126104281734494172e+00
1.473981460786556497e+01
1.498012432919814962e+01
9.513543421596715177e+00
1.944432525147416868e+01
2.395839578576443074e+01
2.469092469563529590e+01
6.603591320796701858e+00
7.160755060169043951e+00
8.138297115023434003e+00
1.276661491317748975e+01
1.646768430797624205e+01
5.808314859765385307e+00
1.586825783050618632e+01
1.522547336037739818e+01
1.470763701365133969e+01
1.808370289531166364e+01
1.064346478836350229e+01
6.630413300475886729e+00
3.588286402124666097e+01
6.538590375991931936e+00
1.175688830944557672e+01
5.827209324482155672e+00
1.555756278231836554e+01
6.249124727963258685e+00
8.095335269646117382e+00
1.094574354344163325e+01
1.502324364056989658e+01
1.326666423555555596e+01
1.018028511051861429e+01
1.054064095921183686e+01
1.580779091460285635e+01
8.912407753533813093e+00
4.678912407945685636e+00
5.588746766301211366e+00
1.673055440812070316e+01
2.907011719283845252e+01
1.868065519904899574e+01
4.146941816563599303e+01
7.519142086907855571e+00
3.789630652076690609e+01
4.891540297134705284e+00
3.270017208834555333e+01
8.355916834886231825e+00
9.076083307019437996e+00
1.951069173341597462e+01
2.493657261627506827e+01
8.855215576706086722e+00
1.161504332566553188e+01
1.097227490399948913e+01
1.338288599534540424e+01
6.683097200089032519e+00
1.489916828524113690e+01
9.089360666721637116e+00
2.173521892772276232e+01
2.123112174981947220e+01
4.915311016424106505e+00
2.404131498789129040e+01
7.201590405422464869e+00
2.677320569165780739e+01
1.008249657708255320e+01
1.554061045677081410e+01
1.442391775735854509e+01
2.036903343047915982e+01
3.999683226645590395e+01
8.665809891540479981e+00
6.811340690113079077e+00
6.877760969189041340e+00
8.954225878780116332e+00
2.319212626328219429e+01
8.927934832080694605e+00
9.114491069366289722e+00
5.787298380560832456e+00
1.060737924721042269e+01
2.376252423666544900e+01
1.135197889064607679e+01
5.081750836459358212e+00
7.733544530529528949e+00
8.483784249001955047e+00
1.333093002585860098e+01
3.903710458782680082e+00
1.204403176199521042e+01
9.302390267607254515e+00
1.722666346708165364e+01
1.088147104451358160e+01
3.330743609590032150e+01
9.052204291758148003e+00
1.456199370209921717e+01
