2.241319119930267334e-01
3.905865693092346047e-02
3.701367425918579424e-02
3.632983446121215709e-02
3.596440267562866361e-02
3.644497346878051991e-02
3.649902629852294633e-02
3.650363421440124684e-02
3.687939119338989186e-02
3.632784366607665766e-02
3.632669091224670355e-02
3.653864645957946578e-02
3.635141491889953835e-02
3.678279972076416160e-02
3.649503374099731523e-02
3.616479992866516308e-02
3.596212768554687272e-02
3.672094035148620872e-02
3.638204789161682273e-02
3.642749476432800143e-02
3.666321969032287909e-02
3.653109359741210649e-02
3.600952124595641762e-02
3.598026466369629028e-02
3.598335218429565135e-02
3.728211188316345182e-02
3.668808841705322593e-02
3.685208725929259993e-02
3.677769732475280606e-02
3.654554271697998263e-02
3.596717405319213579e-02
3.743098449707031594e-02
3.753939914703369185e-02
3.701686191558838102e-02
3.783162021636962691e-02
3.722600817680359053e-02
3.714387249946594222e-02
3.649771022796630821e-02
3.640484023094177346e-02
3.710444331169128473e-02
3.678644442558288291e-02
3.591574263572692993e-02
3.736848330497741927e-02
3.683458733558654663e-02
3.645875692367553378e-02
3.720692133903503312e-02
3.575822210311889460e-02
3.657853269577026473e-02
3.647229361534118364e-02
3.732917356491088912e-02
3.704106140136718961e-02
3.720802402496337785e-02
3.656974458694457752e-02
3.616269445419311584e-02
3.833235812187194697e-02
3.696916389465332298e-02
3.893924021720886197e-02
3.932109379768371910e-02
3.918877911567687777e-02
3.819874262809753312e-02
3.948252296447753856e-02
3.990597772598266507e-02
3.880720424652099598e-02
3.866099524497985940e-02
3.795917654037475608e-02
3.903300452232361106e-02
3.877020168304443071e-02
3.898770260810852095e-02
3.818539333343505537e-02
3.895973849296569674e-02
3.930881452560424510e-02
3.701218891143798900e-02
3.779675459861755321e-02
3.944346165657043601e-02
3.954667401313781416e-02
3.921850705146789212e-02
3.765678715705871732e-02
3.967063832283020119e-02
3.864098453521728344e-02
3.986993098258972273e-02
3.905116224288940341e-02
3.916995525360107699e-02
3.808749580383300609e-02
3.932039999961853272e-02
3.902089285850524752e-02
3.863101577758788763e-02
3.762517905235290838e-02
3.858984351158142173e-02
3.891948366165161322e-02
3.891961574554443637e-02
3.993189716339111406e-02
3.928153705596924145e-02
3.906664705276489263e-02
3.916767525672912309e-02
3.877271938323974265e-02
3.888080835342407060e-02
4.039114427566528609e-02
4.001205706596374506e-02
3.926968717575073098e-02
3.937133216857910400e-02
3.785538291931152266e-02
3.970654797554016430e-02
3.818283486366271656e-02
3.938027763366699213e-02
3.920753693580627391e-02
3.857865428924560358e-02
3.872749161720275696e-02
3.903867006301879605e-02
3.909654951095581366e-02
3.925992655754089594e-02
4.012701821327209484e-02
4.069281291961669711e-02
4.000088596343993885e-02
3.925332260131835643e-02
3.849977111816406394e-02
3.877940773963928223e-02
3.708687043190002364e-02
3.956175041198730508e-02
3.966184902191162431e-02
3.946376919746399231e-02
3.908893513679504578e-02
4.028743720054626248e-02
3.964064526557922047e-02
3.965545439720153525e-02
3.908991599082946994e-02
3.915753149986266751e-02
4.021263098716736095e-02
3.956877279281616200e-02
4.077756214141845664e-02
4.068882894515991194e-02
3.966262245178222429e-02
4.063332366943359086e-02
4.101660251617431779e-02
4.024628257751464849e-02
3.933904790878296059e-02
3.996571898460388184e-02
4.015101504325866572e-02
3.900142002105713018e-02
4.020590925216675077e-02
3.937468457221984797e-02
3.986962938308715593e-02
3.727885246276855385e-02
3.804009032249450889e-02
3.735960674285888905e-02
3.976418948173522649e-02
4.039738988876342973e-02
4.044208931922912281e-02
3.906129479408264327e-02
3.922916555404663136e-02
3.999050307273864513e-02
4.046659541130066123e-02
3.919128823280334378e-02
3.881707549095153587e-02
3.993306231498718051e-02
3.982622432708739918e-02
4.004408645629882468e-02
3.930604195594787631e-02
3.920456051826477079e-02
3.950002741813659485e-02
3.804932451248169145e-02
3.809710049629211337e-02
3.892899584770202759e-02
3.996246361732482683e-02
3.924878311157226768e-02
3.976231956481933449e-02
4.041884994506835665e-02
4.085885477066040355e-02
4.034507441520691212e-02
4.043631887435913258e-02
3.978540945053100908e-02
3.967956829071044716e-02
3.971697807312011413e-02
3.992286753654480241e-02
4.005371618270874012e-02
3.866150975227355957e-02
3.775196814537048334e-02
3.711390233039855990e-02
3.996909666061401051e-02
3.998197484016418474e-02
3.837872743606567105e-02
3.998079538345336581e-02
3.945853853225708002e-02
3.894068479537964034e-02
4.049009084701538086e-02
4.093122076988220392e-02
3.821830701828003024e-02
3.946030378341675027e-02
4.041692590713501232e-02
4.045462918281555326e-02
3.844676971435546931e-02
3.836420178413391113e-02
4.020396757125854759e-02
4.062761330604552912e-02
3.931551742553710677e-02
4.019819974899292020e-02
3.966404175758361794e-02
3.962885618209838895e-02
3.993523001670837291e-02
4.094982242584228188e-02
4.125707364082336487e-02
3.968111467361450095e-02
3.923494529724121105e-02
4.052984261512756342e-02
4.049384570121765392e-02
4.068607664108276484e-02
4.053488779067992986e-02
4.079408311843871898e-02
3.888864636421203447e-02
3.956983757019043313e-02
3.988280749320984031e-02
3.997410345077514332e-02
4.110834431648254655e-02
4.100203704833984414e-02
4.089990282058715565e-02
3.968313670158386125e-02
4.076895499229431230e-02
4.132843327522277982e-02
4.039785814285277998e-02
4.073661446571349987e-02
4.041414976119995367e-02
4.008095335960388389e-02
4.034654140472412193e-02
3.652132868766784501e-02
4.121709728240966625e-02
4.037037086486816584e-02
4.037256813049316245e-02
3.957820177078247292e-02
4.003943061828613148e-02
4.037252712249755904e-02
4.066359472274780340e-02
4.107152915000915339e-02
3.999903368949889876e-02
4.079407501220703308e-02
3.973514318466186274e-02
4.014445471763610634e-02
4.066276073455810797e-02
4.032005476951599360e-02
4.076157927513122253e-02
4.036532616615295249e-02
4.053339076042175582e-02
4.088251113891601396e-02
4.080669856071472007e-02
4.065410351753234730e-02
4.077477121353149242e-02
3.995158863067627131e-02
3.876839065551757751e-02
3.901890230178833158e-02
4.062130403518676713e-02
4.034082221984863076e-02
4.029921984672546476e-02
3.732288980484008839e-02
3.850601029396057140e-02
3.882180809974670327e-02
3.697783684730529541e-02
4.122343730926513600e-02
4.138586425781250189e-02
4.021539664268493353e-02
4.027911186218261635e-02
4.064407134056090970e-02
4.098247432708740368e-02
4.021662998199462824e-02
4.049250268936157443e-02
4.041034340858459806e-02
4.081195735931396340e-02
4.066891312599182212e-02
3.831461381912231595e-02
4.018527007102966342e-02
4.020763134956360091e-02
3.778610110282897699e-02
3.784642958641052518e-02
4.088524436950683599e-02
4.074145674705505205e-02
4.092283272743225259e-02
4.030901241302490418e-02
3.971307706832885587e-02
3.956170630455017184e-02
4.022717142105102645e-02
4.080278635025024608e-02
3.863555932044982627e-02
4.142750358581542836e-02
4.084060859680176125e-02
4.085088872909545948e-02
4.070513200759887790e-02
4.009383296966552435e-02
4.116008329391479537e-02
4.057806587219238426e-02
4.070316052436828702e-02
4.150815105438232511e-02
4.105201745033264238e-02
4.177105093002319441e-02
4.098199319839477411e-02
3.979766869544983099e-02
4.109807181358337419e-02
4.190756225585937772e-02
4.055641174316406555e-02
4.106124544143676530e-02
4.040818595886230130e-02
4.177115058898926009e-02
4.206946086883545100e-02
4.025683808326720875e-02
3.948649859428405434e-02
4.188386178016662714e-02
4.052023386955261319e-02
4.021146512031555098e-02
4.004788732528686418e-02
4.097520661354064897e-02
4.021169662475585632e-02
4.166171336174011308e-02
4.112705731391906594e-02
3.878594660758972329e-02
4.039858555793762046e-02
3.883205699920654064e-02
3.522191762924194169e-02
3.882334971427917752e-02
4.020053195953369324e-02
4.053983831405639365e-02
4.119410681724548079e-02
3.891027212142944558e-02
3.881068301200867043e-02
4.003671550750732139e-02
3.894348335266113043e-02
4.045780730247497403e-02
4.070941662788390980e-02
4.023862767219543723e-02
3.940529751777648720e-02
3.958757400512695479e-02
4.005240821838378790e-02
3.984474706649780013e-02
3.992462944984435935e-02
3.922133660316467346e-02
4.037273120880126992e-02
4.040955591201782215e-02
4.049667692184448498e-02
4.041500902175903381e-02
3.979893660545349293e-02
3.937751340866088579e-02
3.901733493804931951e-02
3.990151524543762013e-02
3.994823789596557706e-02
4.005545830726623541e-02
4.120547318458556846e-02
4.005413532257080106e-02
4.041927576065063726e-02
3.795749044418334633e-02
4.044541931152343534e-02
4.038657283782959295e-02
4.081024885177612221e-02
3.981140661239623846e-02
3.889381051063537514e-02
3.971281933784484575e-02
4.099534153938293179e-02
4.127838134765624695e-02
4.052096343040466342e-02
4.152022838592529103e-02
4.112028670310974299e-02
4.060752105712890636e-02
4.040028333663940596e-02
3.966914916038512956e-02
3.745221662521362044e-02
4.005030655860900707e-02
4.058850646018982017e-02
4.063834428787231612e-02
4.108768391609191745e-02
4.028287982940673834e-02
4.177767300605773892e-02
4.103611087799072243e-02
4.037377977371215537e-02
3.991739630699157881e-02
4.144095277786254833e-02
4.087741994857788108e-02
4.175614786148071356e-02
3.926129317283630349e-02
4.082915163040161388e-02
4.051540708541870317e-02
4.065745759010314792e-02
3.727339792251586903e-02
3.810190558433532854e-02
4.038525199890136835e-02
4.141029047966003629e-02
3.906910252571105940e-02
4.090978503227234164e-02
4.044423007965088079e-02
3.917218089103698814e-02
4.046119618415832536e-02
4.054154753684997836e-02
3.993375897407532016e-02
3.987693572044372775e-02
4.117148804664611667e-02
3.801332044601440224e-02
3.577466559410095309e-02
4.049703550338745045e-02
3.996762466430663768e-02
4.119436430931091436e-02
3.995124411582946788e-02
4.073478651046753135e-02
4.061584186553954950e-02
4.114479064941406472e-02
4.015286922454833901e-02
4.062002849578857239e-02
4.026271939277648731e-02
3.940770840644836764e-02
3.924784493446350359e-02
3.619488644599914290e-02
4.080468797683715898e-02
3.958689022064208751e-02
4.065603280067443814e-02
4.069835257530212552e-02
3.977277874946594238e-02
4.095936489105224398e-02
4.076352667808532532e-02
3.914054012298583823e-02
4.118385934829711659e-02
4.048820543289184670e-02
4.170195746421814093e-02
4.136326718330383262e-02
4.057956194877624517e-02
4.105537915229797580e-02
4.059250712394714411e-02
3.997760796546936252e-02
4.071551752090454140e-02
4.093500447273254461e-02
4.071607804298400801e-02
4.026300954818725492e-02
4.024949717521667664e-02
4.007033681869506814e-02
4.088533949851989868e-02
4.110767531394958485e-02
4.058230876922607616e-02
4.043312358856201300e-02
4.033027625083923651e-02
4.008037400245666182e-02
4.061410617828369041e-02
3.838665795326232782e-02
3.656835341453552185e-02
3.894607925415038974e-02
4.001094007492065480e-02
3.844089078903198398e-02
3.936916732788085793e-02
4.043048572540283020e-02
4.085890865325927934e-02
4.007648897171020574e-02
3.991338753700256203e-02
3.990132522583007824e-02
4.115517139434814176e-02
4.221334004402160778e-02
4.103240633010864225e-02
4.111460232734680253e-02
4.069205999374389537e-02
4.110188794136047236e-02
4.082751750946044672e-02
4.021376347541809337e-02
4.070263004302978466e-02
4.107543706893920787e-02
4.092810320854187167e-02
4.044985270500182917e-02
4.022515511512756575e-02
3.990148901939392229e-02
3.816200780868530401e-02
3.917334628105163807e-02
4.096685647964477817e-02
4.194664120674133218e-02
4.129318118095397921e-02
4.102913784980773831e-02
4.057719230651855163e-02
4.024280261993408436e-02
4.141338515281677013e-02
4.128402233123779075e-02
4.048976469039917286e-02
4.095194101333618497e-02
3.988293790817260681e-02
3.868905901908874234e-02
4.188443875312804904e-02
4.271641254425048717e-02
4.145839810371398926e-02
4.167066979408264038e-02
4.180031037330627502e-02
4.095729279518127430e-02
4.086286330223083685e-02
4.052207422256469405e-02
4.157945442199707103e-02
4.129226303100586026e-02
4.078013610839843761e-02
4.125089454650878590e-02
4.205708003044128507e-02
4.213869810104370339e-02
4.105819201469421142e-02
4.000609874725341575e-02
4.082523727416992321e-02
4.131653976440429615e-02
4.125683498382568676e-02
4.133380341529846458e-02
4.079488325119018377e-02
4.074689221382141180e-02
4.078897762298584057e-02
4.056571435928344599e-02
4.088936614990234392e-02
4.158557343482971458e-02
4.250927162170409918e-02
4.046466183662414395e-02
4.033712577819824341e-02
4.138595461845397810e-02
4.062100911140442000e-02
4.182648968696594388e-02
4.094378256797790577e-02
4.193973517417907970e-02
3.983630967140197598e-02
4.018441462516784968e-02
4.006692409515380526e-02
4.179119396209717008e-02
4.029857230186462136e-02
4.097694897651672080e-02
4.182886862754821994e-02
4.086796998977661188e-02
4.232827544212341281e-02
4.167338275909424072e-02
4.207660889625549488e-02
4.194883298873901267e-02
4.249226093292236134e-02
4.199129033088683932e-02
4.180236601829528942e-02
4.187351226806640403e-02
4.129117250442505133e-02
4.110254287719726507e-02
4.296067929267883417e-02
4.219598221778869673e-02
4.142920637130736994e-02
4.142153310775757019e-02
4.135113334655761419e-02
4.068786764144897289e-02
4.169333028793335144e-02
4.092922902107238442e-02
3.993102574348449813e-02
4.111573410034179837e-02
4.105376267433166748e-02
3.971310997009277338e-02
4.125848960876464522e-02
4.101667690277099876e-02
3.869561982154846175e-02
4.241976141929626465e-02
4.256215834617614602e-02
4.072423362731933394e-02
4.042271471023559798e-02
4.119611477851867903e-02
4.068866443634033131e-02
4.071359992027282632e-02
3.924322962760925376e-02
4.217665743827819780e-02
4.140732955932617532e-02
4.232797622680663924e-02
4.234999465942382996e-02
4.160849809646606501e-02
4.200409650802612582e-02
4.072335815429687506e-02
4.209367275238037193e-02
4.158282804489135676e-02
4.170475387573242126e-02
4.199135923385620417e-02
4.167637681961059576e-02
4.132199573516845414e-02
4.208289098739623896e-02
4.163998055458068698e-02
4.219378662109374983e-02
4.126885890960693692e-02
4.273218441009521418e-02
4.155140328407287698e-02
4.233840656280517256e-02
4.218137383460998646e-02
4.160153865814208984e-02
4.183409500122070579e-02
4.203298878669738808e-02
3.899190044403075955e-02
3.976194024085998729e-02
4.165314006805419939e-02
4.202988266944885504e-02
4.137131929397583341e-02
4.207481479644775701e-02
4.336124634742737072e-02
4.215706181526183982e-02
4.168345022201538214e-02
4.124549841880798678e-02
4.197949218750000183e-02
4.157558417320251359e-02
4.274550652503967402e-02
4.254437971115112432e-02
4.240846395492553489e-02
4.245670676231384083e-02
4.176089072227478355e-02
4.126575231552123690e-02
4.168739843368530346e-02
4.255822849273681319e-02
4.158937740325927696e-02
4.175540924072265736e-02
4.219196629524230718e-02
4.380896162986755438e-02
4.235819959640502869e-02
4.077792763710021834e-02
4.245850229263305881e-02
4.216464018821716037e-02
4.173628330230712974e-02
4.165482115745544611e-02
4.257859468460083174e-02
4.213192820549011008e-02
4.147170066833496399e-02
4.182378363609313976e-02
4.187663006782531977e-02
4.270174908638000449e-02
4.164233684539794811e-02
4.190693402290344288e-02
4.214867544174194514e-02
4.155114793777466009e-02
4.189502382278442044e-02
4.246175074577331759e-02
4.201078534126281849e-02
4.167689490318298579e-02
4.095344686508178844e-02
4.131604433059692105e-02
4.119938158988952631e-02
4.068724703788757086e-02
4.104719090461730890e-02
4.214620900154113919e-02
4.094093036651611645e-02
4.272370958328246954e-02
4.203420424461364741e-02
4.175890207290649386e-02
4.202642607688903548e-02
4.269680023193359042e-02
4.186023926734924044e-02
4.166685581207275196e-02
4.173507118225097678e-02
4.081026649475097412e-02
4.110509371757507108e-02
3.970089697837829446e-02
4.200564312934875616e-02
4.296060585975646634e-02
4.052208471298218012e-02
4.012572145462035833e-02
4.246855592727661471e-02
4.304421758651733737e-02
4.223560285568237621e-02
4.276572632789611694e-02
4.262201070785522766e-02
4.324018263816833268e-02
4.218198156356811612e-02
4.230328536033630543e-02
4.065233278274536094e-02
4.147596955299377719e-02
4.073741769790649447e-02
4.151160049438476496e-02
4.159110641479492332e-02
4.128804445266723300e-02
4.280692934989929060e-02
4.218436956405639815e-02
4.270264315605163535e-02
4.206111431121826311e-02
4.212153172492980741e-02
4.192105889320373729e-02
4.075213265419006664e-02
4.200008916854858221e-02
4.275645828247070374e-02
4.115815258026123136e-02
4.184158205986023005e-02
4.171942687034606995e-02
4.220849180221557945e-02
4.111373972892760909e-02
4.108878064155578602e-02
4.094398093223571705e-02
4.182557106018066490e-02
4.146648550033569386e-02
4.260845422744750921e-02
4.088480734825133966e-02
4.068917918205261497e-02
4.127247118949890076e-02
4.150964260101318304e-02
4.128079843521118009e-02
4.255614304542541804e-02
4.243677663803100547e-02
4.178286123275756769e-02
4.209223127365112338e-02
4.302867436408996243e-02
4.172449398040771473e-02
4.203077411651611611e-02
4.202561450004577842e-02
4.309861302375793402e-02
4.142692995071411283e-02
4.290765213966369479e-02
4.165894293785095404e-02
4.174706864356994562e-02
4.139296674728393244e-02
4.230207300186156899e-02
4.188049077987671120e-02
4.212561035156250216e-02
4.087275242805481212e-02
4.245338082313537820e-02
4.287076187133789101e-02
4.212662506103515697e-02
4.152969741821289223e-02
4.272945332527160883e-02
4.267729711532592535e-02
4.188485574722290022e-02
4.159475564956664762e-02
4.132503557205199907e-02
4.154109001159667774e-02
4.134066343307495062e-02
4.195443916320800576e-02
4.279573082923888994e-02
4.141251659393310747e-02
4.106889271736145069e-02
4.220773005485534829e-02
4.134413099288940241e-02
4.118104147911071794e-02
4.127582788467407116e-02
4.124779152870178267e-02
4.172702789306640542e-02
4.167743301391601402e-02
4.239042687416076649e-02
3.643579196929931652e-02
3.928144598007202171e-02
4.046275162696838512e-02
4.073893427848816057e-02
4.243838644027710105e-02
4.195430183410644304e-02
4.226477217674255715e-02
4.314737963676452959e-02
4.137398219108581743e-02
4.037135028839110990e-02
4.221754908561706210e-02
4.240655350685119951e-02
4.217854547500610174e-02
4.172382545471191306e-02
4.203969216346740978e-02
4.220744419097900713e-02
4.256409025192260664e-02
4.226950168609619474e-02
4.245097327232361106e-02
4.063714885711670194e-02
4.262955999374389709e-02
4.131843757629394265e-02
4.232819676399231235e-02
4.241294908523559476e-02
4.208874249458312983e-02
4.283508110046387041e-02
4.259993648529052795e-02
4.274788331985473339e-02
4.251181912422179882e-02
4.310730934143066490e-02
4.249905109405517634e-02
4.228240180015564037e-02
4.245438909530639682e-02
4.197466540336609181e-02
4.239402151107787842e-02
4.241509985923767184e-02
4.158938503265380976e-02
4.190870046615600281e-02
4.188754367828369241e-02
4.289056205749511991e-02
4.105846834182739352e-02
4.144023060798644742e-02
4.074834990501403909e-02
4.260817837715148715e-02
4.382443070411681796e-02
4.276315379142760914e-02
4.112864613533020325e-02
4.180379009246826261e-02
4.247049093246459822e-02
4.211285185813903875e-02
4.171817207336425692e-02
4.243658089637756398e-02
4.268997144699096524e-02
4.185026311874389532e-02
4.157052683830261136e-02
4.056438136100769254e-02
4.186324834823608454e-02
4.235563635826111034e-02
4.258494734764099038e-02
4.304973220825195068e-02
4.238583827018737454e-02
4.294036340713500849e-02
4.198880076408386536e-02
4.332901287078857328e-02
4.313720560073852628e-02
4.237152838706970126e-02
3.781294727325439781e-02
4.288037014007568121e-02
4.109226441383361655e-02
4.286330962181091053e-02
4.325490665435791082e-02
4.289771723747253657e-02
4.283587336540221890e-02
4.191836071014404252e-02
4.220057702064514138e-02
4.353803229331969921e-02
4.329050278663635482e-02
4.237588238716125805e-02
4.302510356903076205e-02
4.281625080108642650e-02
4.379704976081848222e-02
4.307674956321716486e-02
4.249081063270569031e-02
4.300047636032104659e-02
4.191176414489745927e-02
4.231920909881591725e-02
4.232887148857116671e-02
4.340267157554626720e-02
4.347923159599303977e-02
4.299196362495422141e-02
3.988140869140625183e-02
4.288169598579406883e-02
4.215909600257873591e-02
4.267378592491150036e-02
4.353941464424133240e-02
4.214535546302795171e-02
4.144874215126037598e-02
4.291279149055481079e-02
4.241955757141113031e-02
4.164740490913391296e-02
4.227849197387695268e-02
4.226331186294556008e-02
4.252156472206115867e-02
4.322077369689941717e-02
4.248507595062255698e-02
3.901683473587035794e-02
4.314901185035705661e-02
4.281714320182800071e-02
4.230345678329467535e-02
4.362574815750121932e-02
4.232927608489990556e-02
4.246864104270935136e-02
4.245846986770630133e-02
4.100703239440917774e-02
4.227355432510376126e-02
4.258271098136901661e-02
4.335197615623474082e-02
4.279730057716369523e-02
4.183067035675049061e-02
4.047877240180969283e-02
4.311875724792480630e-02
4.287408137321472440e-02
4.263580632209777732e-02
4.302843379974365112e-02
4.292816233634948880e-02
4.202498078346252747e-02
4.222636246681213401e-02
4.347896122932434076e-02
4.328233289718627641e-02
4.370009326934814337e-02
4.404427242279052718e-02
4.239880347251891862e-02
4.250669074058532892e-02
4.067228245735168141e-02
4.283957481384277621e-02
4.207115983963012618e-02
3.810597968101501337e-02
4.152735304832458341e-02
4.307877707481384127e-02
4.143625998497009466e-02
4.282496523857116932e-02
4.246093249320984087e-02
4.391985368728637540e-02
4.373451161384582508e-02
4.367992997169494601e-02
4.334864997863769470e-02
4.239654636383056313e-02
4.273764371871948547e-02
4.162991929054260520e-02
4.281519651412964145e-02
4.302890181541443176e-02
4.350869941711425770e-02
4.252850461006164873e-02
4.325515317916869829e-02
4.252894186973571466e-02
4.214644026756286799e-02
4.335554957389831793e-02
4.293553137779235890e-02
4.231373882293701372e-02
4.256173157691955228e-02
4.263628315925598045e-02
4.390436983108520624e-02
4.311621332168578957e-02
4.319477963447571067e-02
4.367174172401427912e-02
4.274325942993163763e-02
4.208639311790466492e-02
4.324606609344482100e-02
4.335961580276489341e-02
4.210817480087280379e-02
4.240715670585632618e-02
4.112004303932190186e-02
4.149439287185668901e-02
4.267259144783019931e-02
4.413142585754394748e-02
4.294092464447021168e-02
4.331776857376098966e-02
4.260159349441528659e-02
4.274914431571960605e-02
4.253734254837036183e-02
4.294071292877197493e-02
4.283597612380981440e-02
4.249347591400146756e-02
4.222741389274597273e-02
4.296962594985961892e-02
4.239368915557861078e-02
4.187218952178955317e-02
4.321087503433227589e-02
4.408592176437377969e-02
4.376974844932556008e-02
4.335174775123596530e-02
4.262139582633971829e-02
4.292930817604064669e-02
4.220592689514160445e-02
4.258976364135742126e-02
4.368734049797057956e-02
4.220322585105896335e-02
4.214485192298889071e-02
4.357028985023498474e-02
4.402672338485717762e-02
4.355111050605774137e-02
4.331985616683960150e-02
4.297761178016662464e-02
4.342489147186279208e-02
4.265409898757934609e-02
4.248131442070007119e-02
4.258779311180115046e-02
4.354546284675598483e-02
4.232982826232910278e-02
4.360271835327148710e-02
4.262556576728820934e-02
4.215563988685607638e-02
4.282444691658020275e-02
4.186788487434386918e-02
4.307887268066406400e-02
4.389357924461365079e-02
4.351535320281982311e-02
4.259631967544555420e-02
4.283637404441833357e-02
4.218191123008727811e-02
4.322777056694030590e-02
4.242055487632751670e-02
4.349329614639282221e-02
4.421801066398620833e-02
4.269086074829101657e-02
4.206091856956482161e-02
4.270452117919922019e-02
4.208362150192260925e-02
4.279689311981201005e-02
4.236321687698364064e-02
4.148449444770813122e-02
4.153266048431396296e-02
4.445391583442687838e-02
4.354016137123108143e-02
4.295249724388122692e-02
4.310672616958618336e-02
4.340300631523132113e-02
4.293235540390014787e-02
4.270842337608337508e-02
4.399082779884338351e-02
4.201081562042236622e-02
4.338874769210815385e-02
4.262279987335205328e-02
4.326410984992980907e-02
4.297866702079772977e-02
4.208531618118285800e-02
4.416541934013366866e-02
4.268382453918456720e-02
4.273365092277527089e-02
4.309119844436645752e-02
4.268833303451537858e-02
4.236644482612610119e-02
4.276373004913330139e-02
4.350755405426025291e-02
4.371214056015014504e-02
4.349411535263061207e-02
4.419121098518371399e-02
4.449247956275939608e-02
4.292620992660522300e-02
4.378981351852417186e-02
4.129441666603088368e-02
4.197908234596252341e-02
4.355481433868408497e-02
4.307477092742920122e-02
4.393169951438903598e-02
4.346777176856994607e-02
4.260281896591186501e-02
4.238495421409606972e-02
4.327835965156555387e-02
4.363559556007385459e-02
4.283349108695983648e-02
4.312007975578308061e-02
4.309927439689636292e-02
4.362947773933410767e-02
4.286531901359558194e-02
4.243839216232300066e-02
4.353171014785766485e-02
4.338867712020873929e-02
4.468351244926452304e-02
4.152486062049865617e-02
4.363019132614135570e-02
4.257227921485901012e-02
4.389128828048705772e-02
4.284601140022277488e-02
