1.434421764890355462e+02
1.479009559509492249e+02
1.669068417103069066e+02
1.720025771836076558e+02
1.744181288336097850e+02
1.594082387219545751e+02
1.721904659578582368e+02
1.499062788840260509e+02
1.301565518422091259e+02
1.191237165620334508e+02
1.236213811125508926e+02
1.238462353255056740e+02
1.204442581135336070e+02
1.275565407856955602e+02
1.254547100409628371e+02
1.279173465738666096e+02
1.231875056258807746e+02
1.159082141832592328e+02
1.114326214083000366e+02
1.020277521477331959e+02
1.091562650420766687e+02
1.409790111435236781e+02
1.315133798247508992e+02
1.443508761466660815e+02
1.266735319247982687e+02
1.202917307886206260e+02
9.175081445186553708e+01
1.057464655853784450e+02
1.060187114416007574e+02
1.172800984556403279e+02
1.209773172125260601e+02
1.280246658037151803e+02
1.071718947455795785e+02
1.143971186140982752e+02
9.430973690999330472e+01
1.305440766627890525e+02
7.827730262423963836e+01
1.251961563669015050e+02
7.804760277257575751e+01
8.891857727467609607e+01
1.172881126260046898e+02
9.578407704059894456e+01
1.155283187874349835e+02
8.592873120351653426e+01
1.090074341014796175e+02
8.514455108518089332e+01
4.856594248433187744e+01
8.712149727549001454e+01
1.317958050801112790e+02
9.250102659044155473e+01
8.497161676529637475e+01
1.027763789239834438e+02
6.474709168229767897e+01
9.096101820815802341e+01
8.175391145641340529e+01
5.337490640551997245e+01
1.007612325429552129e+02
7.910913739448318438e+01
6.082503959233234525e+01
7.834960993412997254e+01
9.229091581473130645e+01
8.289353139525005076e+01
3.219283851554552456e+01
4.924413579698024535e+01
6.935137811270053021e+01
4.279183290762809122e+01
4.922500169561011774e+01
3.140035610011874567e+01
4.806603513340026268e+01
5.812350563643449419e+01
5.460501833516904924e+01
4.269632221936412719e+01
2.655491374387690584e+01
4.155268831699868315e+01
3.543521842055127991e+01
4.029496314769003362e+01
4.106126773363234150e+01
3.618678268625241401e+01
3.791236160607867589e+01
2.120875358464380511e+01
4.803508873587416872e+01
3.561871182806495995e+01
3.612601345943981812e+01
3.978798910443465786e+01
2.342930310793011373e+01
4.743538036591508700e+01
2.428442271263607921e+01
2.269432861368890642e+01
2.647083720508887694e+01
2.494565007948002133e+01
3.278768846277657900e+01
2.624095881837130761e+01
2.199118465073451034e+01
2.504149238969994329e+01
1.827840890893088499e+01
2.018886058537201222e+01
1.806359354694831509e+01
4.674363265738788442e+01
2.635480825765728241e+01
2.405043915683793543e+01
2.910152750817126233e+01
3.091403969520157347e+01
2.960201990087136537e+01
4.153916934388264792e+01
2.829785680022161287e+01
2.317079004908597284e+01
2.737113244227124298e+01
2.245597299684162707e+01
2.838219908182711038e+01
1.514993995337301413e+01
2.027713638463127666e+01
1.880290799539985258e+01
2.409932295018438708e+01
3.359970534673396969e+01
1.690185217326578027e+01
2.429151114540060874e+01
2.623972247591343532e+01
1.357215878775745743e+01
2.896365779197349966e+01
1.304657376398746038e+01
2.442583517645579150e+01
2.196845893408659123e+01
2.582438388824416009e+01
1.817335436060720966e+01
2.629882384058973344e+01
3.994595479769785129e+01
3.515205115839331285e+01
3.170695394959338742e+01
1.708127756257110974e+01
3.092789866968842816e+01
2.849928544243277528e+01
3.101602689523218359e+01
1.428466012362622273e+01
1.237329150120272381e+01
1.828518243517725139e+01
1.732555349560318803e+01
1.639237922745740406e+01
1.880428584336365461e+01
1.552549582571223752e+01
1.102704266926105525e+01
2.589332431651068234e+01
2.305674526497464782e+01
3.162267758787796623e+01
1.050061413334558935e+01
1.886149159917823326e+01
1.627582295784123545e+01
2.052612431467230181e+01
4.744524837070772350e+01
1.423429040021836478e+01
2.587016804991890240e+01
1.116188025803782047e+01
1.405377222019688688e+01
1.075648517164256290e+01
2.631502915309338064e+01
4.336069586570607015e+01
1.250828772541004419e+01
1.554822810545100076e+01
2.575398448425725206e+01
1.856445660176689216e+01
1.089252480750093000e+01
1.461087429571453455e+01
1.755731146750632377e+01
1.740795880555278075e+01
1.409667914049379434e+01
1.987393493221123819e+01
1.197771716703466360e+01
1.428055012437710758e+01
1.433002006519524762e+01
1.896061834411267455e+01
1.829427732198614720e+01
1.673233213875683134e+01
1.325660465640337193e+01
1.211599105805877663e+01
1.812898542481360309e+01
2.302725549087872636e+01
1.975867802415087127e+01
1.409605293450552210e+01
1.584776472568042927e+01
1.609221263353466824e+01
1.405224701722362646e+01
1.636293097559302012e+01
1.765163538132384957e+01
1.168004618407905859e+01
1.385106876795410891e+01
1.615070996370107181e+01
1.669290933124659304e+01
1.514005218135609354e+01
1.303157559350512074e+01
1.221351428821140495e+01
1.040222390407599740e+01
1.639187827426088262e+01
1.637484975765613626e+01
1.433576037674924386e+01
1.029863364478345211e+01
1.381450645072194838e+01
1.868501272838871685e+01
9.192911427904380872e+00
1.555246566702217770e+01
1.475474363545241374e+01
1.568517652028097054e+01
8.418643627564904364e+00
1.611382484245795155e+01
1.339131406854342110e+01
1.256911760215612262e+01
1.731171361468539160e+01
1.018497262587474061e+01
1.180190786246206969e+01
1.373510671638038794e+01
1.493931933196518358e+01
1.010552492975413053e+01
1.806741046539281115e+01
2.025340930886837754e+01
1.838885732007422291e+01
1.751121611414537682e+01
1.351802161074929565e+01
1.637747698871915247e+01
2.276038267214952171e+01
1.509768213404602477e+01
1.731980627552279017e+01
1.631831562623097653e+01
9.386370470479501904e+00
1.098839119351745097e+01
2.446757136593949866e+01
2.496541509854338159e+01
2.876669298126939012e+01
1.080135872181145373e+01
9.689866139372613318e+00
8.725228276598514299e+00
1.176389355468731779e+01
1.235484918052042502e+01
1.114787023800550436e+01
9.293376770335429526e+00
1.368595973368161367e+01
1.203128895824582045e+01
1.407349596854069596e+01
1.056092167398772474e+01
1.467719642358568422e+01
1.418161058275659236e+01
8.938361071958418336e+00
2.127820342260489284e+01
9.669196389386742752e+00
1.053759043228669690e+01
1.110345115371573321e+01
1.475924108294466741e+01
9.753021598017689087e+00
8.745692670105650990e+00
1.201746174350559038e+01
1.424158033450891558e+01
9.874139806219293547e+00
1.109430786700750993e+01
2.429572484160086177e+01
1.572162385368586968e+01
1.613954289959066557e+01
7.651381392029068529e+00
1.541606137966831191e+01
1.109648158080022995e+01
1.891331525082485499e+01
6.333329341779613486e+00
2.286239996556362897e+01
1.614187379969604308e+01
7.845393031520702998e+00
7.590606416929628786e+00
1.519075657288122727e+01
1.097146723069116625e+01
8.906249063857609727e+00
8.091992906826462217e+00
1.226046024113370159e+01
2.486532338084544236e+01
8.172805953894934916e+00
1.244431145484815993e+01
1.545176370606663951e+01
9.639468611720998226e+00
8.279686384886618455e+00
1.211119871132271975e+01
1.178768607863293205e+01
8.339942908352384165e+00
9.680154622038903867e+00
2.271303090522716772e+01
1.070636491596221340e+01
7.265420638868284264e+00
8.179983220082430506e+00
8.117927417049076055e+00
1.279818824187993265e+01
7.266595810846935954e+00
9.065611389129159647e+00
1.407399014589296549e+01
1.091161330609265612e+01
1.194344718464815003e+01
2.234674231539404232e+01
1.083715753954016670e+01
2.219515425405701592e+01
1.460208389479170599e+01
1.495946212463112523e+01
7.681876110010890102e+00
1.130195665191775589e+01
1.014354265789743792e+01
7.747827601675268738e+00
1.230961776516664763e+01
1.209862871289259267e+01
7.599794606067161951e+00
1.955520534442560177e+01
1.570166720877087663e+01
1.015631683115342554e+01
8.047082877465932427e+00
1.111155806376670618e+01
1.325498246437767236e+01
1.403308489073166143e+01
1.035098305255111129e+01
1.827471490119509312e+01
7.905840740365337460e+00
2.074626392650187867e+01
6.557313559673251468e+00
1.058506262188256031e+01
9.869958814907901612e+00
7.475549405152582594e+00
6.649131751812458191e+00
9.945934180070304720e+00
8.558016750383576010e+00
1.931462417229098705e+01
7.588741952221510267e+00
1.597052003730936320e+01
1.260657862220405612e+01
1.104406872655513716e+01
1.266968762784163793e+01
1.662453765266179317e+01
1.123169850368059741e+01
2.034811886825391269e+01
1.020854597695055688e+01
6.851726740411977268e+00
8.561306730672745502e+00
6.837558162527844985e+00
7.891998892770210716e+00
1.100685763048033650e+01
7.373633535074118228e+00
7.031457384080233020e+00
8.274744946517024857e+00
1.228185266238669193e+01
6.119779296552165349e+00
5.741802742412417615e+00
7.770423139089312592e+00
8.042217862883964230e+00
1.106589139884604300e+01
1.104066669567516179e+01
6.514716957023087396e+00
8.082103627673472346e+00
1.117549607584881954e+01
9.350280067978935961e+00
8.973415857846699595e+00
6.988679067022532720e+00
9.400472035824813943e+00
7.078128066446148559e+00
1.136084350629872830e+01
8.495526103354807290e+00
1.218023039013460007e+01
1.020979834562060695e+01
9.560101166398204953e+00
1.282939971013097136e+01
1.325897912831685410e+01
1.000082483275049050e+01
1.153803822922380462e+01
8.680546895350870429e+00
8.661021184201000978e+00
6.128468063981972414e+00
7.810908148493588499e+00
1.075469981661466434e+01
6.122496156352862151e+00
8.260456671029713149e+00
5.828207895517751425e+00
1.233126840006000791e+01
8.535796704306127580e+00
8.500027664937160665e+00
1.444761669059767151e+01
4.846243445081759305e+00
1.255019974985780706e+01
7.288420424414125520e+00
9.675802053484744647e+00
7.346215765715412793e+00
2.639392162756472260e+01
8.588270862401131467e+00
1.413779958404437842e+01
8.970758857502001860e+00
1.366820750330596113e+01
5.438599342283938931e+00
5.163557764501855551e+00
6.111976193201101637e+00
7.010217688085845111e+00
1.319115966718721111e+01
9.280499058355811570e+00
9.494337999170644693e+00
1.029007311186997775e+01
6.489528807403201149e+00
7.707130560591411772e+00
9.899303819244272162e+00
8.199407317977328802e+00
1.077605713375494645e+01
1.334814896576131638e+01
7.149406219248567673e+00
1.025784978768929179e+01
6.958247478081393211e+00
9.635389301849016874e+00
6.856469938637454575e+00
9.926585466190879004e+00
5.625273673616554504e+00
1.736738752039558875e+01
6.015940528904612172e+00
7.230687276339265779e+00
1.445697357426608320e+01
6.941833646152963055e+00
1.032363998705888086e+01
6.417008694054562312e+00
1.193442319759111925e+01
1.265313145830692143e+01
6.991690845510969865e+00
8.127269012762118550e+00
4.903295867425825350e+00
1.160209851227493871e+01
4.973094490494295528e+00
4.533147491382853111e+00
7.980820337248178298e+00
1.570906319443079369e+01
5.220115479134294745e+00
7.173906537794095151e+00
4.207758258824754627e+00
6.286611204375459394e+00
6.623866746613431999e+00
9.299414419722232594e+00
8.021861405126823996e+00
7.747637464709495880e+00
4.980837816742753610e+00
6.128997612659189187e+00
7.957627595208792037e+00
1.940328238338788935e+01
1.314663747966610607e+01
4.598413108565551077e+00
1.006817715921409828e+01
2.073925452927635149e+01
8.094335445455715927e+00
1.432699055751402284e+01
6.772070329273446987e+00
1.222640070216409214e+01
1.105248766308191577e+01
6.913658273391483533e+00
7.195424609274443384e+00
1.042324472333614338e+01
6.797625479024062223e+00
6.321976920573720626e+00
9.128986528134662493e+00
7.579193697955623144e+00
8.007525377398390987e+00
9.156900034690989898e+00
6.296263525699411723e+00
9.826351086341924557e+00
4.129373424859358543e+00
7.626447417750616964e+00
1.294976564055479429e+01
7.144036306995975139e+00
7.862192325791284908e+00
8.745385524265783417e+00
4.934133884596999309e+00
6.692899076765341349e+00
9.243743161628852789e+00
1.135259893629022265e+01
7.482205786268862013e+00
5.163361997891654731e+00
6.598140971172803404e+00
1.043542338533628566e+01
6.088644036640040724e+00
9.087796131644431341e+00
8.136440489601103110e+00
6.913157640568551088e+00
5.366329653828771029e+00
6.441337003674032502e+00
4.410027624041347849e+00
7.226808779133031102e+00
3.894904782771400953e+00
5.018674582652923988e+00
4.400993669720311807e+00
1.138448841868548378e+01
4.706363178548560455e+00
3.320483908257532146e+00
7.461818376369936168e+00
4.773195897201773619e+00
3.528355906737042247e+00
1.005234624653705922e+01
9.620258393960206433e+00
8.883417581942422814e+00
5.228603868122872811e+00
1.275019346848493207e+01
1.559076146227647008e+01
5.755405634017797922e+00
3.511538912447594640e+00
5.686015387674490995e+00
5.974597012200792534e+00
5.650745859825012651e+00
7.841923426133489805e+00
5.392257127306215203e+00
1.084865372849059106e+01
6.612228410654352295e+00
4.843059457714548266e+00
9.879005138203968528e+00
7.626015689929277919e+00
1.210051548146223865e+01
9.798304628763892410e+00
5.036035341025851153e+00
1.020085936952170513e+01
8.404057416974289652e+00
1.007436506417627342e+01
9.186386552484020029e+00
1.062446599459870633e+01
1.374351609685802522e+01
1.134621209790900842e+01
4.828137448360735107e+00
9.597712131755606890e+00
6.193427240830224889e+00
4.807770160972992812e+00
8.797226685411896341e+00
6.727996386860385591e+00
5.667461723379517480e+00
9.609474098178234058e+00
1.023543765858141796e+01
9.179776623007597891e+00
4.732647467888197568e+00
6.407207794794383737e+00
8.173650215189798729e+00
6.740760201328736656e+00
4.335022927549712080e+00
9.122356340475104020e+00
5.430741620742201903e+00
5.043117016205882486e+00
8.123139772198971542e+00
9.338645326193923069e+00
5.240926149078976692e+00
6.038867400710216771e+00
7.911772483756053020e+00
5.067961995246252016e+00
3.964333367980360290e+00
4.456803925596124927e+00
6.864342678841854450e+00
4.115347687811742539e+00
8.525101405605258975e+00
1.286546178302815946e+01
5.008493791306770859e+00
8.905870118764624976e+00
6.222123583074131048e+00
7.154570815118106886e+00
4.838563275944823161e+00
6.557438346942782381e+00
4.962202824502056409e+00
5.584735046943029246e+00
9.475984695419954917e+00
9.311902192733235495e+00
7.659578962199653951e+00
7.310612223104279828e+00
1.051531109974742684e+01
4.820236759261485204e+00
7.582558179000216114e+00
1.065817135875752797e+01
5.481803207225555141e+00
4.252433260174978358e+00
8.777561136491481619e+00
8.267810377209519501e+00
5.866309836520833265e+00
6.636633836892463556e+00
6.820816987379830998e+00
1.096176850719408691e+01
3.974977109842752654e+00
1.188579182842056703e+01
6.241856111108530669e+00
8.729529383975709322e+00
9.126881042150506218e+00
4.859008836050620062e+00
5.025448693615994777e+00
1.066743056979890092e+01
5.776162736689408383e+00
1.005407901298942619e+01
3.798674547093508380e+00
6.549799741771454187e+00
4.411404484415078819e+00
8.462497504810277960e+00
4.391672647698588783e+00
5.163203634075453685e+00
3.427217419795762776e+00
3.968155013279142107e+00
6.077199752595312532e+00
7.400921627633493927e+00
3.285161446072772051e+00
1.172186086473975486e+01
1.093271764091594811e+01
5.133488750044227444e+00
8.276642908821205680e+00
6.866352456919081249e+00
7.481801234586444416e+00
4.078855862492449802e+00
6.745626206954079329e+00
9.585331599527657787e+00
8.230265414013331338e+00
5.840196249720404964e+00
4.039228581250014827e+00
5.406289927518475480e+00
5.197102207938536722e+00
6.351055800483372593e+00
4.801127189088444602e+00
4.745450658685355094e+00
4.501472304071191921e+00
8.052519005720101930e+00
5.831437771503678036e+00
9.903593028385227370e+00
9.125033559721169141e+00
1.129305416917197569e+01
7.231940349333446427e+00
3.857777955786881208e+00
3.797337161589414478e+00
3.939451874357060124e+00
3.330956695983999349e+00
6.491425231996487355e+00
6.702284054510259992e+00
6.344589661838647920e+00
5.004621264142745218e+00
4.295183520353089257e+00
6.113798156833357034e+00
5.583641495538601340e+00
5.309299047969473051e+00
4.429604238148040274e+00
5.990155720276264972e+00
3.383260849938727777e+00
5.730273183932577119e+00
7.599046491862905484e+00
6.058998062927097195e+00
4.555117822537285477e+00
9.994988782386977633e+00
3.768437125862138970e+00
4.567573680603321584e+00
8.244210031114787895e+00
7.024604766801968658e+00
8.272081407409288545e+00
6.777374120221199227e+00
4.149010798237775965e+00
3.876128639149478250e+00
4.559525846395287019e+00
5.467173362412109050e+00
5.756682177492407959e+00
3.875652829727160853e+00
9.970877828768898610e+00
5.205582159413978616e+00
6.524878225363414330e+00
1.177222487041145094e+01
7.010675604132622141e+00
6.222812302663154327e+00
6.023912638882926274e+00
4.839613178731811516e+00
9.502981151188127029e+00
4.037355245338480891e+00
5.420782760858195104e+00
5.612058004079841567e+00
8.272588866118029571e+00
6.319950638693895506e+00
5.068746362586205478e+00
6.206014298523445660e+00
6.097198655599862960e+00
8.057394288088563172e+00
6.061056215587070639e+00
4.741230698047530723e+00
6.906750834509052694e+00
6.020497964080815834e+00
4.264975674334396949e+00
4.600772049789647156e+00
5.256305423527661169e+00
5.283948198004067009e+00
8.463272999499389826e+00
4.524018470349949084e+00
3.759171441678477610e+00
3.459446672422963776e+00
6.979940893703361127e+00
3.430112802910921577e+00
4.451158448018706082e+00
5.577027667180886716e+00
6.990740952179425705e+00
5.252179746715690989e+00
3.662180792547850672e+00
4.995533596290505862e+00
5.423586463055202422e+00
1.018515287398550662e+01
6.022886736499846627e+00
4.022713580659569743e+00
5.069189338410455825e+00
3.314980461337214468e+00
8.335201959349186396e+00
4.335797972444775716e+00
5.566048733205090748e+00
3.282942582079658056e+00
9.822605590075154325e+00
6.010372933856316102e+00
5.368804209240066072e+00
6.921094993796411465e+00
3.944892367570909553e+00
4.215553337869767603e+00
4.347292507276330653e+00
1.175150996935843395e+01
5.932019302543966255e+00
3.850280801147826004e+00
4.869709735102210502e+00
2.764851018490547485e+00
5.376549579015575731e+00
3.412960333174133165e+00
4.632096671503306951e+00
5.324181736227805217e+00
6.423633972574066320e+00
5.063340826118111870e+00
4.639939508791827372e+00
5.067641888678275919e+00
4.559364265323011089e+00
7.028257112386205208e+00
3.138636804295290350e+00
4.421859044919401072e+00
4.564516888391546345e+00
4.663674560033729932e+00
7.238105461178181876e+00
3.591003013897912766e+00
5.932154415002030667e+00
4.907212362791255167e+00
4.515173438309106224e+00
4.695582182965262419e+00
8.626566741435166108e+00
4.370308177420466400e+00
5.579599630155264833e+00
6.622003024504346413e+00
4.059382869870166388e+00
4.769723912484845840e+00
8.545273443737952945e+00
3.745751116379057777e+00
3.700363434796317019e+00
6.088005452426022757e+00
3.760801159288702511e+00
4.656471240762846797e+00
5.352726682222043841e+00
6.583468952978167366e+00
4.430689778489432129e+00
5.015683402969438376e+00
8.481107750839202097e+00
1.054889062826223345e+01
5.530843887145013404e+00
7.092854894391994236e+00
3.700037781474838638e+00
1.044644898483587880e+01
5.735607156026030218e+00
4.105506535818766345e+00
4.149979067020649559e+00
5.825269011308037648e+00
5.118708082480927679e+00
5.263345127665322920e+00
5.095317348765111554e+00
5.782757440838918406e+00
5.263949243582360715e+00
3.609791766036244187e+00
5.592754851735527666e+00
5.086711380475484212e+00
9.748693440149594380e+00
5.704419405216577310e+00
3.663511451136047370e+00
5.362314974802055545e+00
6.010526316946103620e+00
5.944893627540532854e+00
8.285942526517212414e+00
1.171216123685265842e+01
3.945691384967185300e+00
3.443556573174524793e+00
9.499468366889207260e+00
5.305653648971656366e+00
5.172255144655732551e+00
4.515718783589355745e+00
4.575213984290935620e+00
5.152663874089118856e+00
3.114558830372729847e+00
7.749865720519494516e+00
8.104153720319434484e+00
3.348553696053465867e+00
5.862028773676674298e+00
5.362451385141270954e+00
7.854600534315666849e+00
4.102731224730788995e+00
3.225988234572942481e+00
5.833030322450000860e+00
4.563372630024810306e+00
3.720218611290033728e+00
4.712494452070958850e+00
7.817267916406189343e+00
4.945044879213870814e+00
8.254184036844526062e+00
3.487566038566841442e+00
1.026531292124638384e+01
4.478419648868721126e+00
5.145559784486340327e+00
6.095035957955873940e+00
7.543015577770167290e+00
5.278274522070507402e+00
4.271575820014859914e+00
3.564340500583467186e+00
4.240740426630821069e+00
6.236791085980027738e+00
6.880815059845258652e+00
4.628733393871867108e+00
5.579106925270428619e+00
4.043531152677064533e+00
6.036976413565172450e+00
9.012355535295929698e+00
5.029609440430839129e+00
4.380503270800014448e+00
1.022485964569156636e+01
9.640771096619312530e+00
1.042509272564893763e+01
5.472186735359095167e+00
6.332572787844516604e+00
3.463688508113182962e+00
4.547700572562071386e+00
6.026846056005187080e+00
7.214375592042856944e+00
6.256122361461410541e+00
1.032765634674434096e+01
8.785311791972274520e+00
5.471630089460604474e+00
3.252877514106321311e+00
5.546666786664924409e+00
3.382973022712520983e+00
3.485177480765464075e+00
2.891639573439420463e+00
5.340055597752329852e+00
8.314372540033504677e+00
4.361474294392124307e+00
3.908748228540864567e+00
2.214139470418684752e+00
9.455195373955223914e+00
7.225200140402613158e+00
1.274672764947097470e+01
4.710643065822252673e+00
8.949415080771156994e+00
8.326134597719264008e+00
3.432888006099392708e+00
2.605328482503639798e+00
4.658846147065926147e+00
4.643900630100678661e+00
5.193838824195710302e+00
6.469668504188048175e+00
4.616137511007650573e+00
4.938081639824351221e+00
7.646571754389236197e+00
5.126738691687324767e+00
4.190946801714569681e+00
6.801260011161154750e+00
3.445314795878596570e+00
4.110069303414956465e+00
4.594826294203338435e+00
9.061093737391278324e+00
3.473547362599683108e+00
4.826490621306314566e+00
8.113560448921996127e+00
4.534269611790839427e+00
5.831312511116816921e+00
8.604238906111076446e+00
6.749242430848100938e+00
6.063093251017735774e+00
4.330547228149113970e+00
6.916969856690431406e+00
5.368074979082015474e+00
4.308346829981445580e+00
6.825253690537947726e+00
9.062099760936868975e+00
4.911252009793027895e+00
4.433044962339671713e+00
3.601821541937078930e+00
4.263099990123233596e+00
6.395137686113050890e+00
3.322917067034919736e+00
6.462337035891633441e+00
8.252718951083949150e+00
9.435615811537825692e+00
4.248199291108835318e+00
4.868995708903576691e+00
4.940190437926548661e+00
4.226566418753745502e+00
5.864844620361995275e+00
6.088341247945160184e+00
4.620647982770427653e+00
5.682805745014431587e+00
5.942417145496161623e+00
3.366317213384006912e+00
4.399447668813368573e+00
3.494927687924447746e+00
7.573416357192731319e+00
3.667132415091566955e+00
8.402265857065740917e+00
4.543328192257343190e+00
5.155348465108077427e+00
5.952309502178445122e+00
5.764593066339460670e+00
3.733513981433669748e+00
3.715202264394443787e+00
3.320003343029250154e+00
8.824098652684927657e+00
5.972331736571910632e+00
4.053751890305164807e+00
3.741753666386082422e+00
4.087139263374433007e+00
5.136472738678302896e+00
4.568691557168527595e+00
4.956112469760721950e+00
3.351744021369389426e+00
4.988963288728712975e+00
4.343274677110220416e+00
4.989667981677696318e+00
3.700228250757639614e+00
3.868972013680123556e+00
7.244058135478525173e+00
2.686387432904681294e+00
3.361569134508411327e+00
6.205893458565594045e+00
5.021914665854287918e+00
4.754153221654585870e+00
3.781767480142720128e+00
6.532736732209165176e+00
6.480997948066110403e+00
3.501892191175083546e+00
6.115021029439261291e+00
6.593282245644690676e+00
5.220573198001456916e+00
5.057286906050449282e+00
4.560691891325548752e+00
6.341669539353319784e+00
4.801288544090693833e+00
9.360186479455308017e+00
1.260326948881252918e+01
3.063676384053663604e+00
3.961255918775572482e+00
4.320614844837789015e+00
5.725327057948183196e+00
4.190338711551203410e+00
3.621502251015880525e+00
5.438748600509529574e+00
4.960570280498671991e+00
4.335362378863456989e+00
3.755388954596134532e+00
4.942329792085740081e+00
2.891223711167714150e+00
7.595257280513951770e+00
4.423652407079276649e+00
8.976484945731423082e+00
5.303421473405719233e+00
3.272300939839059009e+00
3.578575063425733838e+00
5.637686269512965254e+00
2.850396191110761368e+00
5.851071618334348301e+00
5.373674776688937449e+00
4.665244537317957629e+00
3.873846587242362638e+00
8.954180699077383565e+00
5.292956256930753334e+00
5.643842125815025312e+00
7.452854675171698418e+00
3.832040158879992386e+00
6.963030592442086331e+00
4.856926524769320963e+00
5.155939995810477683e+00
5.414340331008179241e+00
2.824913250927650221e+00
4.437474511283270751e+00
1.284982939544654101e+01
4.840288837257027410e+00
3.734474904755941793e+00
6.782683365355126170e+00
4.533650109070011425e+00
5.822752512238571043e+00
3.972532518937334611e+00
6.207832089874539605e+00
4.311701040668048712e+00
3.859541539245899155e+00
2.768440360814070633e+00
7.218338371491518579e+00
4.188888076978376063e+00
5.083313310109728533e+00
2.954202219336732771e+00
6.974796311599633647e+00
7.278732409898098332e+00
5.083789072804494324e+00
3.594458977168199176e+00
5.596383693245672752e+00
4.670911422284189207e+00
6.096884755506741804e+00
9.565290592154534366e+00
3.163420958218277512e+00
6.790442666721146381e+00
6.341245188738447780e+00
4.308630985964954974e+00
3.043765052245823277e+00
9.956711246211956023e+00
3.461556540907963164e+00
5.371864189156601910e+00
3.995560433528155375e+00
3.291237961824037495e+00
5.134051808883150159e+00
