2.169960000000000000e+07
2.170431200000000000e+07
2.170478800000000000e+07
2.170551600000000000e+07
2.170602400000000000e+07
2.170820000000000000e+07
2.170828800000000000e+07
2.170865600000000000e+07
2.170916800000000000e+07
2.170946400000000000e+07
2.171040800000000000e+07
2.171062000000000000e+07
2.171087600000000000e+07
2.171087600000000000e+07
2.171095600000000000e+07
2.171112800000000000e+07
2.171112800000000000e+07
2.171147600000000000e+07
2.171147600000000000e+07
2.171156800000000000e+07
2.171157200000000000e+07
2.171161200000000000e+07
2.171161200000000000e+07
2.171179200000000000e+07
2.171196000000000000e+07
2.171196000000000000e+07
2.171196000000000000e+07
2.171196000000000000e+07
2.171196000000000000e+07
2.171196000000000000e+07
2.171196000000000000e+07
2.171196000000000000e+07
2.171196000000000000e+07
2.171196000000000000e+07
2.171196000000000000e+07
2.171196000000000000e+07
2.171196000000000000e+07
2.171196000000000000e+07
2.171196000000000000e+07
2.171196000000000000e+07
2.171196000000000000e+07
2.171196000000000000e+07
2.171196000000000000e+07
2.171196000000000000e+07
2.171196000000000000e+07
2.171196000000000000e+07
2.171196000000000000e+07
2.171196000000000000e+07
2.171196000000000000e+07
2.171196000000000000e+07
2.171196000000000000e+07
2.171196000000000000e+07
2.171196000000000000e+07
2.171196000000000000e+07
2.171196000000000000e+07
2.171196000000000000e+07
2.171196000000000000e+07
2.171196000000000000e+07
2.171196000000000000e+07
2.171196000000000000e+07
2.171196000000000000e+07
2.171196000000000000e+07
2.171196000000000000e+07
2.171196000000000000e+07
2.171196000000000000e+07
2.171196000000000000e+07
2.171196000000000000e+07
2.171196000000000000e+07
2.171196000000000000e+07
2.171196000000000000e+07
2.171196000000000000e+07
2.171196000000000000e+07
2.171196000000000000e+07
2.171196000000000000e+07
2.171196000000000000e+07
2.171196000000000000e+07
2.171196000000000000e+07
2.171196000000000000e+07
2.171196000000000000e+07
2.171196000000000000e+07
2.171196000000000000e+07
2.171196000000000000e+07
2.171196000000000000e+07
2.171196000000000000e+07
2.171196000000000000e+07
2.171196000000000000e+07
2.171196000000000000e+07
2.171196000000000000e+07
2.171196000000000000e+07
2.171196000000000000e+07
2.171196000000000000e+07
2.171196000000000000e+07
2.171196000000000000e+07
2.171196000000000000e+07
2.171196000000000000e+07
2.171196000000000000e+07
2.171196000000000000e+07
2.171196000000000000e+07
2.171196000000000000e+07
2.171196000000000000e+07
2.171196000000000000e+07
2.171196000000000000e+07
2.171196000000000000e+07
2.171196000000000000e+07
2.171196000000000000e+07
2.171196000000000000e+07
2.171196000000000000e+07
2.171196000000000000e+07
2.171196000000000000e+07
2.171196000000000000e+07
2.171196000000000000e+07
2.171196000000000000e+07
2.171196000000000000e+07
2.171196000000000000e+07
2.171196000000000000e+07
2.171196000000000000e+07
2.171196000000000000e+07
2.171196000000000000e+07
2.171196000000000000e+07
2.171196000000000000e+07
2.171196000000000000e+07
2.171196000000000000e+07
2.171196000000000000e+07
2.171196000000000000e+07
2.171196000000000000e+07
2.171196000000000000e+07
2.171196000000000000e+07
2.171196000000000000e+07
2.171196000000000000e+07
2.171196000000000000e+07
2.171196000000000000e+07
2.171196000000000000e+07
2.171196000000000000e+07
2.171196000000000000e+07
2.171196000000000000e+07
2.171196000000000000e+07
2.171196000000000000e+07
2.171196000000000000e+07
2.171196000000000000e+07
2.171196000000000000e+07
2.171196000000000000e+07
2.171196000000000000e+07
2.171196000000000000e+07
2.171196000000000000e+07
2.171196000000000000e+07
2.171196000000000000e+07
2.171196000000000000e+07
2.171196000000000000e+07
2.171196000000000000e+07
2.171196000000000000e+07
2.171196000000000000e+07
2.171196000000000000e+07
2.171196000000000000e+07
2.171196000000000000e+07
2.171196000000000000e+07
2.171196000000000000e+07
2.171196000000000000e+07
2.171196000000000000e+07
2.171196000000000000e+07
2.171196000000000000e+07
2.171196000000000000e+07
2.171196000000000000e+07
2.171196000000000000e+07
2.171196000000000000e+07
2.171196000000000000e+07
2.171196000000000000e+07
2.171196000000000000e+07
2.171196000000000000e+07
2.171196000000000000e+07
2.171196000000000000e+07
2.171196000000000000e+07
2.171196000000000000e+07
2.171196000000000000e+07
2.171196000000000000e+07
2.171196000000000000e+07
2.171196000000000000e+07
2.171196000000000000e+07
2.171196000000000000e+07
2.171196000000000000e+07
2.171196000000000000e+07
2.171196000000000000e+07
2.171196000000000000e+07
2.171196000000000000e+07
2.171196000000000000e+07
2.171196000000000000e+07
2.171196000000000000e+07
2.171196000000000000e+07
2.171196000000000000e+07
2.171196000000000000e+07
2.171196000000000000e+07
2.171196000000000000e+07
2.171196000000000000e+07
2.171196000000000000e+07
2.171196000000000000e+07
2.171196000000000000e+07
2.171196000000000000e+07
2.171196000000000000e+07
2.171196000000000000e+07
2.171196000000000000e+07
2.171196000000000000e+07
2.171196000000000000e+07
2.171196000000000000e+07
2.171196000000000000e+07
2.171196000000000000e+07
2.171196000000000000e+07
2.171196000000000000e+07
2.171196000000000000e+07
2.171196000000000000e+07
2.171196000000000000e+07
2.171196000000000000e+07
2.171196000000000000e+07
2.171196000000000000e+07
2.171196000000000000e+07
2.171196000000000000e+07
2.171196000000000000e+07
2.171196000000000000e+07
2.171196000000000000e+07
2.171196000000000000e+07
2.171196000000000000e+07
2.171196000000000000e+07
2.171196000000000000e+07
2.171196000000000000e+07
2.171196000000000000e+07
2.171196000000000000e+07
2.171196000000000000e+07
2.171196000000000000e+07
2.171196000000000000e+07
2.171196000000000000e+07
2.171196000000000000e+07
2.171196000000000000e+07
2.171196000000000000e+07
2.171196000000000000e+07
2.171196000000000000e+07
2.171196000000000000e+07
2.171196000000000000e+07
2.171196000000000000e+07
2.171196000000000000e+07
2.171196000000000000e+07
2.171196000000000000e+07
2.171196000000000000e+07
2.171196000000000000e+07
2.171196000000000000e+07
2.171196000000000000e+07
2.171502800000000000e+07
2.172065200000000000e+07
2.172066400000000000e+07
2.172067600000000000e+07
2.172068800000000000e+07
2.172070000000000000e+07
2.172292400000000000e+07
2.172293600000000000e+07
2.173679200000000000e+07
2.177292800000000000e+07
2.180386400000000000e+07
2.182126000000000000e+07
2.184876800000000000e+07
2.187108800000000000e+07
2.190849600000000000e+07
2.193692000000000000e+07
2.195730400000000000e+07
2.198133200000000000e+07
2.201616800000000000e+07
2.205644000000000000e+07
2.209432800000000000e+07
2.211721200000000000e+07
2.215750400000000000e+07
2.219378000000000000e+07
2.222435600000000000e+07
2.226360000000000000e+07
2.230280800000000000e+07
2.233459600000000000e+07
2.234327600000000000e+07
2.235634800000000000e+07
2.238087600000000000e+07
2.242049200000000000e+07
2.244382400000000000e+07
2.245391600000000000e+07
2.246382000000000000e+07
2.247293600000000000e+07
2.248636800000000000e+07
2.249589200000000000e+07
2.249912000000000000e+07
2.250668800000000000e+07
2.250668800000000000e+07
2.250668800000000000e+07
2.250668800000000000e+07
2.250668800000000000e+07
2.250668800000000000e+07
2.250668800000000000e+07
2.250668800000000000e+07
2.250668800000000000e+07
2.250668800000000000e+07
2.250668800000000000e+07
2.250668800000000000e+07
2.250668800000000000e+07
2.250668800000000000e+07
2.250668800000000000e+07
2.250668800000000000e+07
2.250668800000000000e+07
2.250668800000000000e+07
2.250668800000000000e+07
2.250668800000000000e+07
2.250668800000000000e+07
2.250668800000000000e+07
2.250668800000000000e+07
2.250668800000000000e+07
2.250668800000000000e+07
2.250668800000000000e+07
2.250668800000000000e+07
2.250668800000000000e+07
2.250668800000000000e+07
2.250668800000000000e+07
2.250668800000000000e+07
2.250668800000000000e+07
2.250668800000000000e+07
2.250668800000000000e+07
2.250668800000000000e+07
2.250668800000000000e+07
2.250668800000000000e+07
2.250668800000000000e+07
2.250668800000000000e+07
2.250668800000000000e+07
2.250668800000000000e+07
2.250668800000000000e+07
2.250668800000000000e+07
2.250668800000000000e+07
2.250668800000000000e+07
2.250668800000000000e+07
2.250668800000000000e+07
2.250668800000000000e+07
2.250668800000000000e+07
2.250668800000000000e+07
2.250668800000000000e+07
2.250668800000000000e+07
2.250668800000000000e+07
2.250668800000000000e+07
2.250668800000000000e+07
2.250668800000000000e+07
2.250668800000000000e+07
2.250668800000000000e+07
2.250668800000000000e+07
2.250668800000000000e+07
2.250668800000000000e+07
2.250668800000000000e+07
2.250668800000000000e+07
2.250668800000000000e+07
2.250668800000000000e+07
2.250668800000000000e+07
2.250668800000000000e+07
2.250668800000000000e+07
2.250668800000000000e+07
2.250668800000000000e+07
2.250668800000000000e+07
2.250668800000000000e+07
2.250668800000000000e+07
2.250668800000000000e+07
2.250668800000000000e+07
2.250668800000000000e+07
2.250668800000000000e+07
2.250668800000000000e+07
2.250668800000000000e+07
2.250668800000000000e+07
2.250668800000000000e+07
2.250668800000000000e+07
2.250668800000000000e+07
2.250668800000000000e+07
2.250668800000000000e+07
2.250668800000000000e+07
2.250668800000000000e+07
2.250668800000000000e+07
2.250668800000000000e+07
2.250668800000000000e+07
2.250668800000000000e+07
2.250668800000000000e+07
2.250668800000000000e+07
2.250668800000000000e+07
2.250668800000000000e+07
2.250668800000000000e+07
2.250668800000000000e+07
2.250668800000000000e+07
2.250668800000000000e+07
2.250668800000000000e+07
2.250668800000000000e+07
2.250668800000000000e+07
2.250668800000000000e+07
2.250668800000000000e+07
2.250668800000000000e+07
2.250668800000000000e+07
2.250668800000000000e+07
2.250668800000000000e+07
2.251092800000000000e+07
2.251442800000000000e+07
2.251454800000000000e+07
2.251768400000000000e+07
2.252102800000000000e+07
2.252114400000000000e+07
2.252126000000000000e+07
2.252136400000000000e+07
2.252136400000000000e+07
2.252136400000000000e+07
2.252136400000000000e+07
2.252136400000000000e+07
2.252136400000000000e+07
2.252136400000000000e+07
2.252136400000000000e+07
2.252136400000000000e+07
2.252136400000000000e+07
2.252136400000000000e+07
2.252136400000000000e+07
2.252136400000000000e+07
2.252136400000000000e+07
2.252136400000000000e+07
2.252136400000000000e+07
2.252136400000000000e+07
2.252136400000000000e+07
2.252136400000000000e+07
2.252136400000000000e+07
2.252136400000000000e+07
2.252136400000000000e+07
2.252136400000000000e+07
2.252136400000000000e+07
2.252136400000000000e+07
2.252136400000000000e+07
2.252136400000000000e+07
2.252136400000000000e+07
2.252136400000000000e+07
2.252136400000000000e+07
2.252136400000000000e+07
2.252136400000000000e+07
2.252136400000000000e+07
2.252136400000000000e+07
2.252136400000000000e+07
2.252136400000000000e+07
2.252136400000000000e+07
2.252136400000000000e+07
2.252136400000000000e+07
2.252136400000000000e+07
2.252136400000000000e+07
2.252136400000000000e+07
2.252136400000000000e+07
2.252136400000000000e+07
2.252136400000000000e+07
2.252136400000000000e+07
2.252136400000000000e+07
2.252136400000000000e+07
2.252136400000000000e+07
2.252136400000000000e+07
2.252136400000000000e+07
2.252136400000000000e+07
2.252136400000000000e+07
2.252136400000000000e+07
2.252136400000000000e+07
2.252136400000000000e+07
2.252136400000000000e+07
2.252136400000000000e+07
2.252136400000000000e+07
2.252136400000000000e+07
2.252136400000000000e+07
2.252136400000000000e+07
2.252136400000000000e+07
2.252136400000000000e+07
2.252136400000000000e+07
2.252136400000000000e+07
2.252136400000000000e+07
2.252136400000000000e+07
2.252136400000000000e+07
2.252136400000000000e+07
2.252136400000000000e+07
2.252136400000000000e+07
2.252136400000000000e+07
2.252136400000000000e+07
2.252136400000000000e+07
2.252136400000000000e+07
2.252136400000000000e+07
2.252136400000000000e+07
2.252136400000000000e+07
2.252136400000000000e+07
2.252136400000000000e+07
2.252136400000000000e+07
2.252136400000000000e+07
2.252136400000000000e+07
2.252136400000000000e+07
2.252136400000000000e+07
2.252136400000000000e+07
2.252136400000000000e+07
2.252136400000000000e+07
2.252136400000000000e+07
2.252136400000000000e+07
2.252136400000000000e+07
2.252136400000000000e+07
2.252136400000000000e+07
2.252136400000000000e+07
2.252136400000000000e+07
2.252136400000000000e+07
2.252136400000000000e+07
2.252136400000000000e+07
2.252136400000000000e+07
2.252136400000000000e+07
2.252136400000000000e+07
2.252136400000000000e+07
2.252136400000000000e+07
2.252136400000000000e+07
2.252136400000000000e+07
2.252136400000000000e+07
2.252136400000000000e+07
2.252136400000000000e+07
2.252136400000000000e+07
2.252136400000000000e+07
2.252136400000000000e+07
2.252136400000000000e+07
2.252136400000000000e+07
2.252136400000000000e+07
2.252136400000000000e+07
2.252136400000000000e+07
2.252136400000000000e+07
2.252136400000000000e+07
2.252136400000000000e+07
2.252136400000000000e+07
2.252136400000000000e+07
2.252136400000000000e+07
2.252136400000000000e+07
2.252136400000000000e+07
2.252136400000000000e+07
2.252159600000000000e+07
2.252170400000000000e+07
2.252396400000000000e+07
2.252412800000000000e+07
2.252428000000000000e+07
2.252598000000000000e+07
2.252609200000000000e+07
2.252620400000000000e+07
2.252636000000000000e+07
2.252647600000000000e+07
2.252658400000000000e+07
2.252670000000000000e+07
2.252724000000000000e+07
2.252943200000000000e+07
2.252957200000000000e+07
2.252969200000000000e+07
2.252980800000000000e+07
2.253001200000000000e+07
2.253001200000000000e+07
2.253001200000000000e+07
2.253001200000000000e+07
2.253001200000000000e+07
2.253001200000000000e+07
2.253001200000000000e+07
2.253001200000000000e+07
2.253001200000000000e+07
2.253001200000000000e+07
2.253001200000000000e+07
2.253001200000000000e+07
2.253001200000000000e+07
2.253001200000000000e+07
2.253001200000000000e+07
2.253001200000000000e+07
2.253001200000000000e+07
2.253001200000000000e+07
2.253001200000000000e+07
2.253001200000000000e+07
2.253001200000000000e+07
2.253001200000000000e+07
2.253001200000000000e+07
2.253001200000000000e+07
2.253001200000000000e+07
2.253001200000000000e+07
2.253001200000000000e+07
2.253001200000000000e+07
2.253001200000000000e+07
2.253001200000000000e+07
2.253001200000000000e+07
2.253001200000000000e+07
2.253001200000000000e+07
2.253001200000000000e+07
2.253001200000000000e+07
2.253001200000000000e+07
2.253001200000000000e+07
2.253001200000000000e+07
2.253001200000000000e+07
2.253001200000000000e+07
2.253001200000000000e+07
2.253001200000000000e+07
2.253001200000000000e+07
2.253001200000000000e+07
2.253001200000000000e+07
2.253001200000000000e+07
2.253001200000000000e+07
2.253001200000000000e+07
2.253001200000000000e+07
2.253001200000000000e+07
2.253001200000000000e+07
2.253001200000000000e+07
2.253001200000000000e+07
2.253001200000000000e+07
2.253001200000000000e+07
2.253001200000000000e+07
2.253001200000000000e+07
2.253001200000000000e+07
2.253001200000000000e+07
2.253001200000000000e+07
2.253001200000000000e+07
2.253001200000000000e+07
2.253001200000000000e+07
2.253001200000000000e+07
2.253001200000000000e+07
2.253001200000000000e+07
2.253001200000000000e+07
2.253001200000000000e+07
2.253001200000000000e+07
2.253001200000000000e+07
2.253001200000000000e+07
2.253001200000000000e+07
2.253001200000000000e+07
2.253001200000000000e+07
2.253001200000000000e+07
2.253001200000000000e+07
2.253001200000000000e+07
2.253001200000000000e+07
2.253001200000000000e+07
2.253001200000000000e+07
2.253001200000000000e+07
2.253001200000000000e+07
2.253001200000000000e+07
2.253001200000000000e+07
2.253001200000000000e+07
2.253001200000000000e+07
2.253001200000000000e+07
2.253001200000000000e+07
2.253001200000000000e+07
2.253001200000000000e+07
2.253001200000000000e+07
2.253001200000000000e+07
2.253001200000000000e+07
2.253001200000000000e+07
2.253001200000000000e+07
2.253001200000000000e+07
2.253001200000000000e+07
2.253001200000000000e+07
2.253001200000000000e+07
2.253001200000000000e+07
2.253001200000000000e+07
2.253001200000000000e+07
2.253001200000000000e+07
2.253001200000000000e+07
2.253001200000000000e+07
2.253001200000000000e+07
2.253001200000000000e+07
2.253001200000000000e+07
2.253001200000000000e+07
2.253001200000000000e+07
2.253001200000000000e+07
2.253001200000000000e+07
2.253001200000000000e+07
2.253001200000000000e+07
2.253001200000000000e+07
2.253001200000000000e+07
2.253001200000000000e+07
2.253001200000000000e+07
2.253001200000000000e+07
2.253001200000000000e+07
2.253001200000000000e+07
2.253001200000000000e+07
2.253001200000000000e+07
2.253001200000000000e+07
2.253001200000000000e+07
2.253001200000000000e+07
2.253001200000000000e+07
2.253001200000000000e+07
2.253001200000000000e+07
2.253001200000000000e+07
2.253001200000000000e+07
2.253001200000000000e+07
2.253001200000000000e+07
2.253001200000000000e+07
2.253001200000000000e+07
2.253001200000000000e+07
2.253001200000000000e+07
2.253001200000000000e+07
2.253001200000000000e+07
2.253001200000000000e+07
2.253001200000000000e+07
2.253001200000000000e+07
2.253001200000000000e+07
2.253001200000000000e+07
2.253001200000000000e+07
2.253001200000000000e+07
2.253001200000000000e+07
2.253001200000000000e+07
2.253001200000000000e+07
2.253001200000000000e+07
2.253001200000000000e+07
2.253001200000000000e+07
2.253001200000000000e+07
2.253001200000000000e+07
2.253001200000000000e+07
2.253001200000000000e+07
2.253001200000000000e+07
2.253001200000000000e+07
2.253001200000000000e+07
2.253001200000000000e+07
2.253001200000000000e+07
2.253001200000000000e+07
2.253001200000000000e+07
2.253001200000000000e+07
2.253001200000000000e+07
2.253001200000000000e+07
2.253001200000000000e+07
2.253001200000000000e+07
2.253001200000000000e+07
2.253001200000000000e+07
2.253001200000000000e+07
2.253001200000000000e+07
2.253001200000000000e+07
2.253001200000000000e+07
2.253001200000000000e+07
2.253001200000000000e+07
2.253001200000000000e+07
2.253001200000000000e+07
2.253001200000000000e+07
2.253001200000000000e+07
2.253001200000000000e+07
2.253001200000000000e+07
2.253001200000000000e+07
2.253001200000000000e+07
2.253001200000000000e+07
2.253001200000000000e+07
2.253001200000000000e+07
2.253001200000000000e+07
2.253001200000000000e+07
2.253001200000000000e+07
2.253001200000000000e+07
2.253001200000000000e+07
2.253001200000000000e+07
2.253001200000000000e+07
2.253001200000000000e+07
2.253001200000000000e+07
2.253001200000000000e+07
2.253001200000000000e+07
2.253001200000000000e+07
2.253001200000000000e+07
2.253001200000000000e+07
2.253057600000000000e+07
2.253057600000000000e+07
2.253057600000000000e+07
2.253057600000000000e+07
2.253057600000000000e+07
2.253057600000000000e+07
2.253057600000000000e+07
2.253057600000000000e+07
2.253057600000000000e+07
2.253057600000000000e+07
2.253057600000000000e+07
2.253057600000000000e+07
2.253057600000000000e+07
2.253057600000000000e+07
2.253057600000000000e+07
2.253057600000000000e+07
2.253057600000000000e+07
2.253057600000000000e+07
2.253057600000000000e+07
2.253057600000000000e+07
2.253057600000000000e+07
2.253057600000000000e+07
2.253057600000000000e+07
2.253057600000000000e+07
2.253057600000000000e+07
2.253057600000000000e+07
2.253057600000000000e+07
2.253057600000000000e+07
2.253057600000000000e+07
2.253057600000000000e+07
2.253057600000000000e+07
2.253057600000000000e+07
2.255012000000000000e+07
2.258708800000000000e+07
2.258861200000000000e+07
2.259153600000000000e+07
2.259223600000000000e+07
2.259259200000000000e+07
2.259281200000000000e+07
2.259302400000000000e+07
2.259322800000000000e+07
2.259438800000000000e+07
2.259471200000000000e+07
2.259498000000000000e+07
2.259586800000000000e+07
2.259598800000000000e+07
2.259633200000000000e+07
2.259648400000000000e+07
2.259660400000000000e+07
2.259672800000000000e+07
2.259697600000000000e+07
2.259709600000000000e+07
2.259722000000000000e+07
2.259734000000000000e+07
2.259746400000000000e+07
2.259816000000000000e+07
2.259832000000000000e+07
2.259840400000000000e+07
2.259840400000000000e+07
2.259840400000000000e+07
2.259840400000000000e+07
2.259840400000000000e+07
2.259840400000000000e+07
2.259840400000000000e+07
2.259840400000000000e+07
2.259840400000000000e+07
2.259840400000000000e+07
2.259840400000000000e+07
2.259840400000000000e+07
2.259840400000000000e+07
2.259840400000000000e+07
2.259840400000000000e+07
2.259840400000000000e+07
2.259840400000000000e+07
2.259840400000000000e+07
2.259840400000000000e+07
2.259840400000000000e+07
2.259840400000000000e+07
2.259840400000000000e+07
2.259840400000000000e+07
2.259840400000000000e+07
2.259840400000000000e+07
2.259840400000000000e+07
2.259840400000000000e+07
2.259840400000000000e+07
2.259840400000000000e+07
2.259840400000000000e+07
2.259840400000000000e+07
2.259840400000000000e+07
2.259840400000000000e+07
2.259840400000000000e+07
2.259840400000000000e+07
2.259840400000000000e+07
2.259840400000000000e+07
2.259840400000000000e+07
2.259840400000000000e+07
2.259840400000000000e+07
2.259840400000000000e+07
2.259840400000000000e+07
2.259840400000000000e+07
2.259840400000000000e+07
2.259840400000000000e+07
2.259840400000000000e+07
2.259840400000000000e+07
2.259840400000000000e+07
2.259840400000000000e+07
2.259840400000000000e+07
2.259840400000000000e+07
2.259840400000000000e+07
2.259840400000000000e+07
2.259840400000000000e+07
2.259840400000000000e+07
2.259840400000000000e+07
2.259840400000000000e+07
2.259840400000000000e+07
2.259840400000000000e+07
2.259840400000000000e+07
2.259840400000000000e+07
2.259840400000000000e+07
2.259840400000000000e+07
2.259840400000000000e+07
2.259840400000000000e+07
2.259840400000000000e+07
2.259840400000000000e+07
2.259840400000000000e+07
2.259840400000000000e+07
2.259840400000000000e+07
2.259840400000000000e+07
2.259840400000000000e+07
2.259840400000000000e+07
2.259840400000000000e+07
2.259840400000000000e+07
2.259840400000000000e+07
2.259840400000000000e+07
2.259840400000000000e+07
2.259840400000000000e+07
2.259840400000000000e+07
2.259840400000000000e+07
2.259840400000000000e+07
2.259840400000000000e+07
2.259840400000000000e+07
2.259840400000000000e+07
2.259840400000000000e+07
2.259840400000000000e+07
2.259840400000000000e+07
2.259840400000000000e+07
2.259840400000000000e+07
2.259840400000000000e+07
2.259840400000000000e+07
2.259840400000000000e+07
2.259840400000000000e+07
2.259840400000000000e+07
2.259840400000000000e+07
2.259840400000000000e+07
2.259840400000000000e+07
2.259840400000000000e+07
2.259840400000000000e+07
2.259840400000000000e+07
2.259840400000000000e+07
2.259840400000000000e+07
2.259840400000000000e+07
2.259840400000000000e+07
2.259840400000000000e+07
2.259840400000000000e+07
2.259840400000000000e+07
2.259840400000000000e+07
2.259840400000000000e+07
2.259840400000000000e+07
2.259840400000000000e+07
2.259840400000000000e+07
2.259840400000000000e+07
2.259840400000000000e+07
2.259840400000000000e+07
2.259840400000000000e+07
2.259840400000000000e+07
2.259840400000000000e+07
2.259840400000000000e+07
2.259840400000000000e+07
2.259840400000000000e+07
2.259840400000000000e+07
2.259840400000000000e+07
2.259840400000000000e+07
2.259840400000000000e+07
2.259840400000000000e+07
2.259840400000000000e+07
2.259840400000000000e+07
2.259840400000000000e+07
2.259840400000000000e+07
2.259840400000000000e+07
2.259840400000000000e+07
2.259840400000000000e+07
2.259840400000000000e+07
2.259840400000000000e+07
2.259840400000000000e+07
2.259840400000000000e+07
2.259840400000000000e+07
2.259840400000000000e+07
2.259840400000000000e+07
2.259840400000000000e+07
2.259840400000000000e+07
2.259840400000000000e+07
2.259840400000000000e+07
2.259840400000000000e+07
2.259840400000000000e+07
2.259840400000000000e+07
2.259840400000000000e+07
2.259840400000000000e+07
2.259840400000000000e+07
2.259840400000000000e+07
2.259840400000000000e+07
2.259840400000000000e+07
2.259840400000000000e+07
2.259840400000000000e+07
2.259840400000000000e+07
2.259840400000000000e+07
2.259840400000000000e+07
2.259840400000000000e+07
2.259840400000000000e+07
2.259840400000000000e+07
2.259840400000000000e+07
2.259840400000000000e+07
2.259840400000000000e+07
2.259840400000000000e+07
2.259840400000000000e+07
2.259840400000000000e+07
2.259840400000000000e+07
2.259840400000000000e+07
2.259840400000000000e+07
2.259840400000000000e+07
2.259840400000000000e+07
2.259840400000000000e+07
2.259840400000000000e+07
2.259840400000000000e+07
2.259840400000000000e+07
2.259840400000000000e+07
2.259840400000000000e+07
2.259840400000000000e+07
2.259840400000000000e+07
2.259840400000000000e+07
2.259840400000000000e+07
2.259840400000000000e+07
2.259840400000000000e+07
2.259840400000000000e+07
2.259840400000000000e+07
2.259840400000000000e+07
2.259840400000000000e+07
2.259840400000000000e+07
2.259840400000000000e+07
2.259840400000000000e+07
2.259840400000000000e+07
2.259840400000000000e+07
2.259840400000000000e+07
2.259840400000000000e+07
2.259840400000000000e+07
2.259840400000000000e+07
2.259840400000000000e+07
2.259840400000000000e+07
2.259840400000000000e+07
