2.241909410953521753e-01
4.540967822074890026e-02
4.498593616485595942e-02
4.452903199195861611e-02
4.414753818511962802e-02
4.435600543022155673e-02
4.423107123374939165e-02
4.415997910499572937e-02
4.420973396301269842e-02
4.430273628234863287e-02
4.464177513122558755e-02
4.431814479827880793e-02
4.405047750473022744e-02
4.451264262199401689e-02
4.409358096122741738e-02
4.412860465049743552e-02
4.423705577850341880e-02
4.426258087158203153e-02
4.443323516845703453e-02
4.400976848602294877e-02
4.417239427566528598e-02
4.418143367767334018e-02
4.408333444595336631e-02
4.406277322769164978e-02
4.431798553466796686e-02
4.429538893699645763e-02
4.452652072906494035e-02
4.458715128898620844e-02
4.440909099578857488e-02
4.461697483062743858e-02
4.429669833183288302e-02
4.456165146827698043e-02
4.446841573715210050e-02
4.447104883193969682e-02
4.449842882156371943e-02
4.395985102653503229e-02
4.466218566894531589e-02
4.423722982406616544e-02
4.419845986366272017e-02
4.413238811492919966e-02
4.421768951416015642e-02
4.419118237495422291e-02
4.396918439865112049e-02
4.386525630950927762e-02
4.422003173828124856e-02
4.416239905357360884e-02
4.419974994659423700e-02
4.414531874656676957e-02
4.398633527755737432e-02
4.378580808639526145e-02
4.408164095878601418e-02
4.386457467079162703e-02
4.402179622650146534e-02
4.414705014228820917e-02
4.485700130462646346e-02
4.509602785110473910e-02
4.525047731399536172e-02
4.496236324310302901e-02
4.526969766616821544e-02
4.516390514373778975e-02
4.564787840843200634e-02
4.529449868202209406e-02
4.537840819358825856e-02
4.544804763793945657e-02
4.542872786521911371e-02
4.517677593231201466e-02
4.505018830299377386e-02
4.549064445495605569e-02
4.564039325714111528e-02
4.554608941078185785e-02
4.566398930549621371e-02
4.575220346450805525e-02
4.536780691146850841e-02
4.526865077018737971e-02
4.579323196411132918e-02
4.457733368873596086e-02
4.561340045928954923e-02
4.561978554725647228e-02
4.516976881027221641e-02
4.576776504516601868e-02
4.530836582183837835e-02
4.517206335067749240e-02
4.547881317138671720e-02
4.597115707397460976e-02
4.558829545974731751e-02
4.505525183677673573e-02
4.551722073554992365e-02
4.541691732406616389e-02
4.521439695358276528e-02
4.564715099334716586e-02
4.582200264930725436e-02
4.475698542594909457e-02
4.596989798545837724e-02
4.542255234718322460e-02
4.588183379173278731e-02
4.599860692024231035e-02
4.594055294990539301e-02
4.610229754447937173e-02
4.517111587524413885e-02
4.523393511772155762e-02
4.529808259010315030e-02
4.552169322967529463e-02
4.585483288764953536e-02
4.586588168144226096e-02
4.584895110130310369e-02
4.573716950416564786e-02
4.593588805198669384e-02
4.613637304306029974e-02
4.564922904968261863e-02
4.634506034851074152e-02
4.613205337524414057e-02
4.582483482360839855e-02
4.609712505340576166e-02
4.599704027175903487e-02
4.629931187629699602e-02
4.591219091415404963e-02
4.572840332984924594e-02
4.630662059783935414e-02
4.623961758613586576e-02
4.637299203872680825e-02
4.596200823783874734e-02
4.593112516403198564e-02
4.627586841583251898e-02
4.589548587799072155e-02
4.606474637985229215e-02
4.578778004646301414e-02
4.615736269950866666e-02
4.630711126327514970e-02
4.613607382774353310e-02
4.570025849342346236e-02
4.579398417472839433e-02
4.591536569595337097e-02
4.615822172164917025e-02
4.560737848281860157e-02
4.566305255889892278e-02
4.557412672042846641e-02
4.614456319808959983e-02
4.604608297348022211e-02
4.611276006698608598e-02
4.596454167366027799e-02
4.617054867744446039e-02
4.606564021110534646e-02
4.608440089225768893e-02
4.619466710090637529e-02
4.595595717430114857e-02
4.615644788742065407e-02
4.610141825675964644e-02
4.603767418861388905e-02
4.772910785675048978e-02
4.618342757225036427e-02
4.601601982116699380e-02
4.589783334732055325e-02
4.534564423561095875e-02
4.558779764175414917e-02
4.609337925910949457e-02
4.620983648300171220e-02
4.621858668327331887e-02
4.648883771896362288e-02
4.610846710205078469e-02
4.520345234870910833e-02
4.590071654319763383e-02
4.645678329467773510e-02
4.647125458717345919e-02
4.613815903663635171e-02
4.565024948120117304e-02
4.594894170761108093e-02
4.618495488166809299e-02
4.594773030281067150e-02
4.616596651077270463e-02
4.524986314773559587e-02
4.599430274963378640e-02
4.644146394729613964e-02
4.636582899093628224e-02
4.625264096260070512e-02
4.616246318817138899e-02
4.583744931221007957e-02
4.622898340225219810e-02
4.640322089195251382e-02
4.615764713287353466e-02
4.615641522407532005e-02
4.616166257858276417e-02
4.621932196617126176e-02
4.590969753265380926e-02
4.607855582237243425e-02
4.570298576354980130e-02
4.533690285682678150e-02
4.615208745002746804e-02
4.523050427436828280e-02
4.598800826072692999e-02
4.595419931411743458e-02
4.594377636909485058e-02
4.584905219078064254e-02
4.595246100425719876e-02
4.571278977394103993e-02
4.619554162025451410e-02
4.646061062812804898e-02
4.631561684608459517e-02
4.640594315528869668e-02
4.645403265953063771e-02
4.637129378318786965e-02
4.626894998550414723e-02
4.657738208770752231e-02
4.610726714134216059e-02
4.495506048202514704e-02
4.597367143630981534e-02
4.633812880516052085e-02
4.604793262481689242e-02
4.632428169250488170e-02
4.557722449302673007e-02
4.557872366905212080e-02
4.599286794662475752e-02
4.630647873878478843e-02
4.612338447570801109e-02
4.618268322944640847e-02
4.619949340820312528e-02
4.657801771163940646e-02
4.605508756637573253e-02
4.632038092613219998e-02
4.627579355239868492e-02
4.645099830627441584e-02
4.608761978149414351e-02
4.621221113204956182e-02
4.571534442901611234e-02
4.547379851341247503e-02
4.551345729827881159e-02
4.639760851860046109e-02
4.595988130569458180e-02
4.592610883712768682e-02
4.582806968688964838e-02
4.526312303543091053e-02
4.481197643280029203e-02
4.625537943840026672e-02
4.652069187164306618e-02
4.652158594131469704e-02
4.528656888008117387e-02
4.658360290527343434e-02
4.623353886604308904e-02
4.637536740303039445e-02
4.649016785621643000e-02
4.620549774169922103e-02
4.610672664642333912e-02
4.654766964912414318e-02
4.667476129531860501e-02
4.620284509658813266e-02
4.677125477790832625e-02
4.662915205955505543e-02
4.661807799339294511e-02
4.660174655914306463e-02
4.674629783630371294e-02
4.637311553955077853e-02
4.618230438232422130e-02
4.645016431808471347e-02
4.626331472396850303e-02
4.592175865173339644e-02
4.639716768264770530e-02
4.622185373306274270e-02
4.642947030067443720e-02
4.651825213432311812e-02
4.659909796714782615e-02
4.619794631004333491e-02
4.663334584236145108e-02
4.635525012016296353e-02
4.649738097190857233e-02
4.639789009094238276e-02
4.658834981918334728e-02
4.673718929290771734e-02
4.599317717552185020e-02
4.574251866340637435e-02
4.687636709213256758e-02
4.656329917907715138e-02
4.753571462631225875e-02
4.704373645782470442e-02
4.695001244544982910e-02
4.658071613311767778e-02
4.713367962837219233e-02
4.745706391334533758e-02
4.783910155296325351e-02
4.782063055038451860e-02
4.767682814598083602e-02
4.758519577980041548e-02
4.774910640716552995e-02
4.793093681335449524e-02
4.571550345420837685e-02
4.769601368904113903e-02
4.790581250190734802e-02
4.769568395614624118e-02
4.776205897331237821e-02
4.672056460380553944e-02
4.724043297767639010e-02
4.773758292198181097e-02
4.646077680587768627e-02
4.640668249130248946e-02
4.674266147613525407e-02
4.657880473136901539e-02
4.765434503555297796e-02
4.741810917854308999e-02
4.750911831855773870e-02
4.693941712379455511e-02
4.580060911178589211e-02
4.625532293319702115e-02
4.693905210494995345e-02
4.546790504455566068e-02
4.640668392181396262e-02
4.778321361541747886e-02
4.739863610267638916e-02
4.739787817001342440e-02
4.747138524055481007e-02
4.748264575004577936e-02
4.787488007545471352e-02
4.806279730796814142e-02
4.788830351829528875e-02
4.707139253616333258e-02
4.742896103858947748e-02
4.798488450050353987e-02
4.665195512771606184e-02
4.646509981155395180e-02
4.678401494026183938e-02
4.653706288337707692e-02
4.555707764625549494e-02
4.781700181961059254e-02
4.739018845558166243e-02
4.724271202087402394e-02
4.817413592338561784e-02
4.749617147445679005e-02
4.641281938552856146e-02
4.707749247550964411e-02
4.763187980651855530e-02
4.801359796524047596e-02
4.765883517265320085e-02
4.820107960700988764e-02
4.623385190963744812e-02
4.796857690811157093e-02
4.683599162101745317e-02
4.704531455039977911e-02
4.754362773895264016e-02
4.773268437385558977e-02
4.774406337738037326e-02
4.666813397407531400e-02
4.775974559783935369e-02
4.670955705642700073e-02
4.779969334602356124e-02
4.737532591819763189e-02
4.792839574813842485e-02
4.847235965728759893e-02
4.770700287818908925e-02
4.832179760932922563e-02
4.772269749641418202e-02
4.682932066917419589e-02
4.784735345840453874e-02
4.748413538932800410e-02
4.782252526283264221e-02
4.798629975318908364e-02
4.767720794677734325e-02
4.739488410949706937e-02
4.775185084342956771e-02
4.732555031776428112e-02
4.782135105133056979e-02
4.757000899314880321e-02
4.785704421997070274e-02
4.764076757431030124e-02
4.822467422485351290e-02
4.785798525810242010e-02
4.815079188346862993e-02
4.733976626396179527e-02
4.735087490081787281e-02
4.824027395248413341e-02
4.767194485664367348e-02
4.779713606834411904e-02
4.811137652397155795e-02
4.735384464263916321e-02
4.774645090103149525e-02
4.794514489173889310e-02
4.796476602554321234e-02
4.797218084335327232e-02
4.753839874267578453e-02
4.623726391792297441e-02
4.798401165008545077e-02
4.756543946266174328e-02
4.676524329185485773e-02
4.710964727401733415e-02
4.797125005722045754e-02
4.731400299072265753e-02
4.784365296363830844e-02
4.802553582191466941e-02
4.775783467292785828e-02
4.733297538757324369e-02
4.779919290542602311e-02
4.723359775543212874e-02
4.792918038368225442e-02
4.749403738975525174e-02
4.677733731269836243e-02
4.707176661491394021e-02
4.715381360054016202e-02
4.772522187232971363e-02
4.723168921470641962e-02
4.704118180274963201e-02
4.702459979057312112e-02
4.738812494277953868e-02
4.771289491653442350e-02
4.654934144020080738e-02
4.742398476600646895e-02
4.744673895835876259e-02
4.745792174339294456e-02
4.757954072952270269e-02
4.629321956634521729e-02
4.701172256469726696e-02
4.659526133537292281e-02
4.682971525192260870e-02
4.719493222236633562e-02
4.692935585975646640e-02
4.690903377532958801e-02
4.690496611595153936e-02
4.682706093788147061e-02
4.686539459228515614e-02
4.625052475929260221e-02
4.637714076042175060e-02
4.623956489562987965e-02
4.629020881652832348e-02
4.641046881675719993e-02
4.629937815666198414e-02
4.656151223182677934e-02
4.617221260070800831e-02
4.639227414131164712e-02
4.658209848403930403e-02
4.639369511604309049e-02
4.628942298889160423e-02
4.640576338768005044e-02
4.700253272056579418e-02
4.707184386253356750e-02
4.601485133171081404e-02
4.562965035438537598e-02
4.577363586425781117e-02
4.678132700920104720e-02
4.638043427467346269e-02
4.677226042747497509e-02
4.676711583137511952e-02
4.724567174911498829e-02
4.685616302490234336e-02
4.676506352424621843e-02
4.717159223556518372e-02
4.681885957717895480e-02
4.676493477821350164e-02
4.700856518745422097e-02
4.712646365165710366e-02
4.694628667831420715e-02
4.729181456565857006e-02
4.687404847145080350e-02
4.690670537948608138e-02
4.685309338569641074e-02
4.674088406562805498e-02
4.599769353866577093e-02
4.633215475082397283e-02
4.652135968208313127e-02
4.669077038764953697e-02
4.734142255783081038e-02
4.742386221885681180e-02
4.701579213142394881e-02
4.615324497222900169e-02
4.698765110969543163e-02
4.716098070144653098e-02
4.764127564430236522e-02
4.732190847396850614e-02
4.756863617897033603e-02
4.709376668930053550e-02
4.695535421371459933e-02
4.703454804420471175e-02
4.711561655998230264e-02
4.723118329048156538e-02
4.699827098846435375e-02
4.712588739395141835e-02
4.674524784088134738e-02
4.696641516685486073e-02
4.716815900802612260e-02
4.733614301681518532e-02
4.751401638984679987e-02
4.699731826782226757e-02
4.714819836616516296e-02
4.773695039749145663e-02
4.778513383865356373e-02
4.682442593574524109e-02
4.696158576011657398e-02
4.695719146728515730e-02
4.539773869514465016e-02
4.719722104072570507e-02
4.730261802673339788e-02
4.774154329299926808e-02
4.759984731674194586e-02
4.746183133125304876e-02
4.658434009552001737e-02
4.724397706985473955e-02
4.659926009178161355e-02
4.731890320777892844e-02
4.762303113937377957e-02
4.740861749649048079e-02
4.731543993949890309e-02
4.688201928138732710e-02
4.757488512992858604e-02
4.769809675216674788e-02
4.777209758758545199e-02
4.755049824714660534e-02
4.748876738548278575e-02
4.772687911987304882e-02
4.765514516830444275e-02
4.715691781044006187e-02
4.718164157867431319e-02
4.711286950111388816e-02
4.785533642768859813e-02
4.721343612670898110e-02
4.731106424331665145e-02
4.586298561096191495e-02
4.559154438972472939e-02
4.711313295364379788e-02
4.764805817604064742e-02
4.751349472999572693e-02
4.740010690689087230e-02
4.832849550247192427e-02
4.734489035606384566e-02
4.780190205574035706e-02
4.803768181800842363e-02
4.798540902137756609e-02
4.755128097534179477e-02
4.710962867736816218e-02
4.672029924392700345e-02
4.751877045631408558e-02
4.694922518730163669e-02
4.749920654296874850e-02
4.685299539566040172e-02
4.715339875221252752e-02
4.727100372314452931e-02
4.734926724433898698e-02
4.669504690170288297e-02
4.672645854949951383e-02
4.660210013389587402e-02
4.645577263832092324e-02
4.700560283660888683e-02
4.653910732269286865e-02
4.667746806144714572e-02
4.657871437072753917e-02
4.642060589790344277e-02
4.620168876647949563e-02
4.624050617218017356e-02
4.722650003433227772e-02
4.731745219230652083e-02
4.747939133644103749e-02
4.704955840110779108e-02
4.669776129722594954e-02
4.603217959403991394e-02
4.613835644721984985e-02
4.609602522850036327e-02
4.590057539939880471e-02
4.612607431411742953e-02
4.590550994873046631e-02
4.602650308609008978e-02
4.578905153274535900e-02
4.612133455276488936e-02
4.602656412124633833e-02
4.628468680381774697e-02
4.622845101356506253e-02
4.586816120147704789e-02
4.608797097206115967e-02
4.599392151832580600e-02
4.610763072967529602e-02
4.613513374328613581e-02
4.617441630363464111e-02
4.593739438056945734e-02
4.627052879333495850e-02
4.613919806480407809e-02
4.598441910743713418e-02
4.604294371604919500e-02
4.635398387908935824e-02
4.641408491134643710e-02
4.677973008155823093e-02
4.664079999923705783e-02
4.662466478347778581e-02
4.676148343086242859e-02
4.647154283523559359e-02
4.662796950340270669e-02
4.679437756538391141e-02
4.699979352951049599e-02
4.672852253913879067e-02
4.670023894309997814e-02
4.670358276367187617e-02
4.662238645553588856e-02
4.702622556686401195e-02
4.688362717628478948e-02
4.686125683784484602e-02
4.679012203216553062e-02
4.693222999572754101e-02
4.676631522178650163e-02
4.711331367492675726e-02
4.676876521110534535e-02
4.686261773109436091e-02
4.690304064750671492e-02
4.634681439399718911e-02
4.673811316490173590e-02
4.692451190948486450e-02
4.688863730430602866e-02
4.707637977600097334e-02
4.785151529312133695e-02
4.725336933135986656e-02
4.770893406867980635e-02
4.758214426040649481e-02
4.745514082908630638e-02
4.757426071166992454e-02
4.593267750740051558e-02
4.757112979888915988e-02
4.713559269905090443e-02
4.747906732559203924e-02
4.757806015014648393e-02
4.729623937606811795e-02
4.770449876785278626e-02
4.787842416763305603e-02
4.737621879577636613e-02
4.735398697853088201e-02
4.732285857200622253e-02
4.732849621772765997e-02
4.760538196563720431e-02
4.803556537628173723e-02
4.775226688385009882e-02
4.750475358963012623e-02
4.745288443565368747e-02
4.655102014541626088e-02
4.765735626220703181e-02
4.752088117599487238e-02
4.776239657402038541e-02
4.741915869712829551e-02
4.755551815032958707e-02
4.787045145034789922e-02
4.760864710807800187e-02
4.762216901779174616e-02
4.799065279960632036e-02
4.761950159072875916e-02
4.748142099380493059e-02
4.677528929710388084e-02
4.743818378448486084e-02
4.777361273765563798e-02
4.731694889068603638e-02
4.787575984001159884e-02
4.786975002288818698e-02
4.747225642204284946e-02
4.747064971923828369e-02
4.805214381217956521e-02
4.752384829521179299e-02
4.776612210273742387e-02
4.787075376510620262e-02
4.768824911117553605e-02
4.792343807220458829e-02
4.804138112068176425e-02
4.786540865898132602e-02
4.809302353858947721e-02
4.775480914115905889e-02
4.764260959625243874e-02
4.723361682891845381e-02
4.767773461341857921e-02
4.767621350288391013e-02
4.762955236434936179e-02
4.784685540199280079e-02
4.686151742935180942e-02
4.720967364311218217e-02
4.763421487808227467e-02
4.752104544639587647e-02
4.800027513504028648e-02
4.768690919876098638e-02
4.638795781135558738e-02
4.737887597084045749e-02
4.786505532264709317e-02
4.759856057167053539e-02
4.821845936775207703e-02
4.804833173751830999e-02
4.694758033752441384e-02
4.762130284309386979e-02
4.754431200027466053e-02
4.769325327873229908e-02
4.788979935646057312e-02
4.772022533416748341e-02
4.815728235244751132e-02
4.762976336479186890e-02
4.788813900947570812e-02
4.766645216941833157e-02
4.780660367012024015e-02
4.798642206192016424e-02
4.765233159065246360e-02
4.668126726150512856e-02
4.777085566520691134e-02
4.816714620590210189e-02
4.774212074279785001e-02
4.736804914474487122e-02
4.799787330627441201e-02
4.809936428070068354e-02
4.778496241569519382e-02
4.779393911361694280e-02
4.785310029983520785e-02
4.793341541290283003e-02
4.776779937744140420e-02
4.816649436950683899e-02
4.803603601455688765e-02
4.836317992210387856e-02
4.827596831321716297e-02
4.765054750442505177e-02
4.774458575248718278e-02
4.763791775703430514e-02
4.791767740249634061e-02
4.818057966232299622e-02
4.757185864448547352e-02
4.816473436355590831e-02
4.777706241607666132e-02
4.800376844406127608e-02
4.809620618820190097e-02
4.752292370796203785e-02
4.782534933090210050e-02
4.799076318740844865e-02
4.802945542335509965e-02
4.828853631019592446e-02
4.810287618637085205e-02
4.811395239830017212e-02
4.827109932899475292e-02
4.817029547691345504e-02
4.800643587112427002e-02
4.821793580055237088e-02
4.778530478477478055e-02
4.761140561103820862e-02
4.788157963752746882e-02
4.828912949562072510e-02
4.823254561424255432e-02
4.831144833564758601e-02
4.820639872550964294e-02
4.800891518592834140e-02
4.756652140617370628e-02
4.746043300628662032e-02
4.845193839073181491e-02
4.810644602775573930e-02
4.809954094886779996e-02
4.797156143188476690e-02
4.820786213874816983e-02
4.820107769966125444e-02
4.781120634078979414e-02
4.799832916259765686e-02
4.850082111358642450e-02
4.866994547843932900e-02
4.845672464370727461e-02
4.861772918701171703e-02
4.819394946098327914e-02
4.813709664344787559e-02
4.819336414337158092e-02
4.856609487533568997e-02
4.810564422607421786e-02
4.829025483131408475e-02
4.828092908859252935e-02
4.817310976982116383e-02
4.835889697074890331e-02
4.848128008842468584e-02
4.820738482475280667e-02
4.797606658935547191e-02
4.790622448921203619e-02
4.794001746177673634e-02
4.785291266441345226e-02
4.791931152343750083e-02
4.786639928817749273e-02
4.846309137344360224e-02
4.827359557151794656e-02
4.798024392127990534e-02
4.797982621192932451e-02
4.821591663360595692e-02
4.825458669662475303e-02
4.807843828201294190e-02
4.844714403152465543e-02
4.852815318107604747e-02
4.782780408859253068e-02
4.825098752975463812e-02
4.803829884529113581e-02
4.821461033821106135e-02
4.857395434379577909e-02
4.814441514015197626e-02
4.820394682884216603e-02
4.799588203430175948e-02
4.804806590080261397e-02
4.819002795219421570e-02
4.822134828567505027e-02
4.845148134231567344e-02
4.897663402557372869e-02
4.821518778800964328e-02
4.845266652107238503e-02
4.826398849487304604e-02
4.848848772048950512e-02
4.877279782295226851e-02
4.865255141258239407e-02
4.793038105964660817e-02
4.812866401672363098e-02
4.809633374214172113e-02
4.831145334243774209e-02
4.836325263977050981e-02
4.851931905746460078e-02
4.832900142669677851e-02
4.838970851898193037e-02
4.820398807525634599e-02
4.755062866210937184e-02
4.888893771171570063e-02
4.824322962760925482e-02
4.835577368736267145e-02
4.811752438545226912e-02
4.855938792228698536e-02
4.775538682937621737e-02
4.772859668731689597e-02
4.831605911254882590e-02
4.812520980834961160e-02
4.817638731002807373e-02
4.865492939949035700e-02
4.850929045677185303e-02
4.821468424797058228e-02
4.790740203857422191e-02
4.795718955993652499e-02
4.861503028869628568e-02
4.799178004264831321e-02
4.722399783134460793e-02
4.898138260841369829e-02
4.839830946922302202e-02
4.775311183929443343e-02
4.827108359336852728e-02
4.768908476829528814e-02
4.889624261856079235e-02
4.816980028152465648e-02
4.869341135025024442e-02
4.820337557792663680e-02
4.866255259513854736e-02
4.811794614791869984e-02
4.861310029029846519e-02
4.872487092018127491e-02
4.827118825912475597e-02
4.831610345840454263e-02
4.817543745040893388e-02
4.859061908721924034e-02
4.834645962715149181e-02
4.852809023857116572e-02
4.877799463272095015e-02
4.861414289474487449e-02
4.826292777061462480e-02
4.865237951278686412e-02
4.874509882926941068e-02
4.870131468772888328e-02
4.883956909179687500e-02
4.852047300338745150e-02
4.823672127723693803e-02
4.816859841346740612e-02
4.829774284362792908e-02
4.840354299545288064e-02
4.822896075248718495e-02
4.857557201385497708e-02
4.822439551353454451e-02
4.828900694847106795e-02
4.927674365043640398e-02
4.833141636848449496e-02
4.797604703903197987e-02
4.845767354965210133e-02
4.841769289970397627e-02
4.909552788734435763e-02
4.836086511611938782e-02
4.834589982032776179e-02
4.822464323043823553e-02
4.819865822792053500e-02
4.705462479591369929e-02
4.848768329620361389e-02
4.857339215278625583e-02
4.853022551536560064e-02
4.846198105812072471e-02
4.847294950485229320e-02
4.819621658325195374e-02
4.824547100067138466e-02
4.865664982795715049e-02
4.867648100852966370e-02
4.879183220863342330e-02
4.851825571060180975e-02
4.896743130683899048e-02
4.839875912666320723e-02
4.850040888786315979e-02
4.736590790748596014e-02
4.863334441184997275e-02
4.855331087112426530e-02
4.855373930931091569e-02
4.867307996749877658e-02
4.866715788841247808e-02
4.821302866935729681e-02
4.864654898643493847e-02
4.855665063858032038e-02
4.880778241157531644e-02
4.798404669761657804e-02
4.850998187065124617e-02
4.851825261116027993e-02
4.864837765693664356e-02
4.884052896499634089e-02
4.874360060691833307e-02
4.825561141967773388e-02
4.865782546997070301e-02
4.824510860443115279e-02
4.863319110870361478e-02
4.875041294097900296e-02
4.853165030479431041e-02
4.868972516059875272e-02
4.828266119956970553e-02
4.849522137641906760e-02
4.845184803009033175e-02
4.815020990371703807e-02
4.857688522338866888e-02
4.882097649574279608e-02
4.832314872741699102e-02
4.834050989151000843e-02
4.829708313941955683e-02
4.817558503150939919e-02
4.884091305732726762e-02
4.896873712539672602e-02
4.855590438842773138e-02
4.852011156082153276e-02
4.877156639099121394e-02
4.847553372383117676e-02
4.872222971916198575e-02
4.842230892181396268e-02
4.833763003349304116e-02
4.854636311531066589e-02
4.858643698692322044e-02
4.881079220771789712e-02
4.878112363815307467e-02
4.846066498756408658e-02
4.812302947044372337e-02
4.874802684783935414e-02
4.861421513557433877e-02
4.883474779129028109e-02
4.875539422035217452e-02
4.861447453498840554e-02
4.841832900047302046e-02
4.880998492240905956e-02
4.885557818412780695e-02
4.870808362960815652e-02
4.906730580329894675e-02
4.908240962028503213e-02
4.893166780471801952e-02
4.883895659446716581e-02
4.906493949890136652e-02
4.896908926963806225e-02
4.872106766700744912e-02
4.862603282928466830e-02
4.847804260253905928e-02
4.892292594909668224e-02
4.877823162078857161e-02
4.911308336257934337e-02
4.957126832008362100e-02
4.925868153572082742e-02
4.887854909896850730e-02
4.895519661903381670e-02
4.865356183052062938e-02
4.860485863685608254e-02
4.875843119621276617e-02
4.706811285018920599e-02
4.902815365791320795e-02
4.927288365364074912e-02
4.905949139595031788e-02
4.868080210685730297e-02
4.868354249000549083e-02
4.912855386734008706e-02
4.896147561073303095e-02
4.878819680213928450e-02
4.870032858848571955e-02
4.902595520019531472e-02
4.897329688072204340e-02
4.909512591361999551e-02
4.869435214996337830e-02
4.901908493041991915e-02
4.864816355705261358e-02
4.880817532539367953e-02
4.849073672294616777e-02
4.950021815299987527e-02
4.892374420166015897e-02
4.901918101310730191e-02
4.896588063240051025e-02
4.897776985168456748e-02
4.871330785751342568e-02
4.850329422950744318e-02
4.886468410491943276e-02
4.906704044342041077e-02
4.879192447662353271e-02
4.884820461273193387e-02
4.861100172996520724e-02
4.861212778091430348e-02
4.852083587646484342e-02
4.866928052902221719e-02
4.944563579559325961e-02
4.866484928131103310e-02
4.906597352027892989e-02
4.916720032691955511e-02
4.824577212333679144e-02
4.878658437728881914e-02
4.908592963218688654e-02
4.912078809738159441e-02
4.872270679473877236e-02
4.889393901824951039e-02
4.927057719230652083e-02
4.896202635765075500e-02
4.893946480751037303e-02
4.892337226867676109e-02
4.879995536804199174e-02
4.870533275604248258e-02
