1.387281989367053257e+02
1.562009159963444347e+02
1.759282789410448800e+02
1.834896220796441639e+02
1.910327340597565069e+02
1.613362691632713677e+02
1.531169469100851757e+02
1.501477947430263669e+02
1.296803949148476818e+02
1.188171049950099700e+02
1.153990396350956473e+02
1.239558051723222292e+02
1.279106759297630163e+02
1.293828485110547888e+02
1.294635206725434386e+02
1.285331025806865739e+02
1.372484593114067479e+02
1.132515831134424502e+02
1.175098966440645825e+02
1.209619004361879746e+02
1.215447054924664769e+02
1.050674991018908031e+02
1.070397281077199381e+02
1.277667138531661095e+02
1.195954821789871687e+02
1.279641418891405920e+02
1.194427143828694255e+02
1.098354707687536802e+02
1.300948301571051502e+02
1.167201695593003876e+02
1.036029656305418030e+02
1.076118355155372655e+02
1.133269994607291977e+02
9.143443621231706686e+01
1.063672584179076779e+02
9.491142719494159508e+01
8.918433165581214439e+01
1.205580175400632470e+02
9.290113108805397246e+01
8.759314214970612511e+01
1.032197986880750875e+02
1.010361684233248099e+02
9.058904223432689662e+01
1.046549911110590614e+02
1.009177724721150611e+02
8.978683075767141020e+01
9.247652368806957668e+01
9.789985313996032801e+01
8.178368843145791800e+01
8.217534822458249266e+01
9.017622852581646953e+01
7.697093340185701038e+01
5.867887069129450595e+01
9.591003243701285896e+01
1.032555922467282983e+02
8.130390476371857744e+01
1.141799907022206355e+02
8.651199258623246635e+01
5.799998375541974127e+01
6.269759378066147093e+01
5.359914099668735332e+01
6.857005499128871406e+01
5.920286833859956488e+01
7.131212520449743408e+01
6.372206440156998752e+01
8.954435244307903474e+01
6.474463390289398035e+01
5.786747235147095836e+01
6.738235154502874025e+01
4.457586072487587359e+01
6.513382176085255537e+01
4.076086677216875387e+01
3.032570455752160754e+01
2.635759764498763502e+01
9.962929371085097330e+01
3.027060430049709794e+01
2.833467737334444791e+01
6.442319463513953792e+01
4.373696384014414207e+01
3.859445413822166415e+01
5.160890795588825597e+01
3.659369893687050990e+01
3.223574171166356450e+01
4.200707924506996704e+01
3.567600617788972528e+01
5.055221210552468847e+01
6.229072766186681775e+01
4.797124078088283028e+01
2.812475167609434834e+01
4.308024128992630608e+01
4.436942263614698589e+01
2.505115548124319957e+01
2.588788889657157100e+01
3.892837475933448133e+01
3.134198505827771086e+01
2.671066756943566034e+01
2.795671419310097860e+01
4.914069863755296552e+01
3.221318413229026589e+01
3.750121190328391663e+01
2.312844348933311878e+01
2.800777317996892890e+01
4.248442875692172294e+01
2.319509065407764936e+01
2.493449828764010689e+01
1.875232210767473262e+01
3.609161814229827314e+01
2.503115246923154302e+01
3.297460258782275133e+01
1.939288686453501853e+01
2.404169303916065559e+01
2.571023470035526159e+01
1.169917922530824939e+01
2.077059355421163289e+01
3.116377839958582641e+01
2.901371364074734416e+01
1.815246033316917718e+01
2.834650233744438808e+01
2.477957792732586384e+01
1.988012853264774193e+01
3.180756939778116177e+01
1.550781634644943630e+01
2.092791254260069778e+01
1.685572430582406511e+01
2.734536126596086447e+01
2.081798319461957902e+01
3.227827298526658240e+01
3.315733270881005268e+01
2.388812025260631700e+01
2.479415923169363012e+01
1.582093232772620972e+01
2.100688769119499710e+01
3.438856834108467098e+01
2.017768159739267375e+01
2.403440292266466827e+01
2.569827534174046235e+01
1.912171672235614039e+01
1.668319692894508677e+01
3.218683407285513454e+01
1.884537751211962231e+01
1.701385365677541017e+01
2.875236237917965454e+01
1.397917392596230002e+01
1.787080629779983454e+01
1.385814714246964918e+01
1.950605179620591301e+01
1.817128521007759190e+01
2.087471959372816954e+01
2.056062273568863219e+01
1.149852638217914702e+01
2.293679850789712660e+01
1.484416703696898843e+01
1.988914130174425310e+01
1.628486433259093857e+01
2.188079165201605392e+01
1.779064459353843475e+01
1.937467733290783656e+01
2.242678127081547501e+01
1.650840937791871710e+01
1.720527896380840360e+01
1.970645702020903656e+01
2.421802047474342601e+01
1.790900107756849735e+01
2.759471470258856485e+01
1.583882644225977998e+01
1.368452894688189225e+01
1.728630142412650983e+01
1.816554973107448134e+01
1.685977254621403532e+01
1.240270338786646676e+01
1.343484693808721353e+01
2.119515115753325318e+01
1.840413643491226736e+01
1.574165182690964038e+01
1.248731505622500926e+01
2.341770257848565606e+01
2.532428757403420505e+01
1.438126650135101414e+01
1.622930091683435450e+01
2.354009686958667302e+01
1.221502459861916456e+01
1.252818276541821696e+01
2.054964951562017106e+01
1.170003057700510318e+01
1.307458800930122500e+01
1.677583113014637917e+01
1.509344291931691195e+01
1.374219809752329802e+01
2.197310408039972884e+01
1.692873279193797487e+01
1.113256474144694685e+01
1.731335860586024822e+01
1.034630407411922093e+01
1.145965130047423131e+01
1.092016619215999285e+01
2.183376366416545267e+01
1.187149846474373760e+01
1.136836678441144954e+01
1.640816581569950472e+01
1.986980249402842702e+01
1.584135579713335318e+01
1.506739350596002502e+01
2.436243187554907763e+01
1.412172331774420897e+01
1.235515522555306411e+01
1.351141346524966558e+01
1.583311632608189790e+01
2.437227680709056088e+01
1.194829654208722225e+01
2.107487536067963418e+01
1.678478869974829735e+01
1.644783352099086926e+01
1.548108670524898578e+01
1.287529500299555707e+01
1.440890252067628907e+01
2.004161868606836805e+01
1.474863294360848975e+01
1.236706774209303639e+01
1.702281485030779251e+01
1.836499615958945242e+01
1.157526727069864059e+01
9.280185673099056842e+00
1.555669751068792728e+01
1.991004408848208485e+01
1.487158168026160077e+01
1.420826394781283142e+01
1.076765505424769387e+01
1.532473601733053314e+01
1.115825627915405605e+01
1.851896410798798343e+01
8.554692200506352151e+00
1.424888210458892246e+01
1.514768995298937071e+01
1.068291449359513479e+01
7.635069900364947593e+00
9.958114545129495454e+00
1.303497314801730944e+01
8.796565774634355961e+00
1.250056252372698218e+01
1.310503664754876141e+01
1.649158049087086297e+01
1.480337162925182426e+01
1.950054874979414521e+01
1.116771894807209264e+01
7.868076556011447842e+00
9.710101887624905004e+00
1.814722814055251732e+01
1.793764133091275781e+01
1.333470082820108793e+01
1.711385266388859705e+01
1.327618099992977996e+01
1.854713643270874712e+01
1.295299733858068159e+01
1.395626850808581665e+01
1.521216323527777803e+01
1.315146428500915654e+01
1.760678699211440801e+01
8.809564782889351520e+00
1.175506984196136351e+01
1.161321628311890919e+01
1.457788848586919883e+01
1.221402125645989578e+01
1.315965939303721655e+01
2.005218928785331656e+01
1.028483323079688638e+01
7.483837776005764830e+00
1.898801842918989280e+01
1.044409894700964259e+01
9.073482260245018693e+00
6.536532341261869661e+00
1.361787934242962628e+01
9.521351983836655819e+00
9.897603439181311913e+00
1.090219754888571302e+01
1.784340948642142877e+01
1.504354362151188162e+01
1.686042811179795464e+01
6.657053607953195673e+00
6.666794244397142855e+00
1.119154095640621982e+01
9.356018573962243678e+00
1.619715049842613297e+01
1.636714331092031216e+01
8.115609949898686892e+00
1.102496943939516427e+01
9.683606012178136879e+00
8.541805589278695265e+00
1.249681299040940807e+01
8.705906623970125935e+00
1.803308481631334104e+01
1.130155185779841354e+01
1.463894702688640059e+01
8.763781771279692379e+00
1.105846501888290589e+01
9.338255903500797928e+00
7.477222847026637531e+00
9.394570713740264978e+00
1.114358384573255378e+01
5.978870107501284892e+00
1.985414476674597140e+01
1.267105908527202551e+01
9.350939402150274304e+00
1.007861857496221525e+01
1.503327058725246523e+01
6.082609301579070760e+00
8.017710525568464419e+00
1.309985237319314422e+01
7.032427357693148195e+00
1.213907253549908738e+01
8.101863281214367163e+00
1.146463623513462515e+01
9.905568951733354055e+00
1.889860487370954090e+01
8.693605006134253799e+00
1.117852629845315349e+01
1.069756228041084256e+01
7.849871312230663811e+00
1.597052918679581346e+01
1.158671308968995817e+01
7.643755117920282061e+00
1.046850018074547606e+01
8.147639737764642121e+00
1.121025122769414040e+01
1.147351651073334722e+01
6.681216893041997729e+00
1.277682407064992098e+01
1.205390781455474958e+01
1.116322896748142668e+01
6.738091943338716305e+00
1.047862076751910898e+01
7.160574912823043370e+00
5.560589387570899156e+00
1.180096662913556926e+01
8.559558705786830757e+00
8.234601516115509057e+00
1.312122301226885490e+01
6.955135564542895388e+00
1.595640966047859521e+01
7.598785495257022404e+00
1.262858530413230795e+01
1.743916834131690408e+01
9.965262777834526631e+00
7.971195981593555580e+00
1.118533136810055240e+01
8.172701919116965641e+00
7.138656968347531162e+00
5.381157400531944468e+00
9.265529201326929254e+00
1.320957819724991644e+01
8.314080698146376847e+00
1.071194485406384800e+01
6.916043269532892168e+00
1.041465076406365498e+01
7.999094280512307087e+00
1.079456690623748294e+01
1.197558690340156318e+01
6.634159611102207421e+00
7.412487637108700511e+00
1.419431582358462407e+01
1.011056740585078195e+01
6.994106131072236110e+00
8.375379350976055903e+00
8.888413832782820378e+00
6.228874121044658096e+00
8.642269064666267653e+00
1.006754978709514781e+01
1.166573715922155152e+01
8.009697022277354250e+00
8.964952852105433578e+00
4.624979865121123801e+00
7.654136482342402736e+00
1.072926208091345401e+01
1.854802462009773834e+01
6.820711071746234033e+00
5.485114932664931331e+00
7.349474461537004899e+00
8.784749938610760367e+00
1.303591523932017004e+01
1.114644542790986748e+01
1.051525691827794695e+01
1.525807932403603218e+01
8.319341456753161168e+00
8.066294892969688490e+00
1.009820985360475909e+01
8.508760224695780749e+00
4.416701902781285938e+00
5.800910419513111371e+00
7.593044357121407906e+00
5.886294814104529038e+00
5.130654699283254239e+00
1.041472722972639353e+01
1.089610295448770216e+01
4.458309616617249560e+00
8.887068326209021762e+00
1.047082742804393085e+01
1.145131015668094676e+01
1.156173031645568372e+01
1.158370650953007797e+01
7.304701441883809210e+00
8.423822604639848777e+00
6.505068148329676170e+00
1.129444966488580349e+01
7.055779163666435316e+00
7.283944032598628660e+00
1.089092352824376952e+01
5.106019301313285297e+00
9.097860696893626198e+00
6.594732651547280611e+00
7.637316994521721192e+00
6.563255296884949352e+00
6.949658588252779268e+00
7.892662458994514907e+00
4.748105295694536210e+00
4.051669759148427197e+00
6.397334017427727559e+00
7.140773219019712847e+00
9.123252733773087542e+00
7.547471508053775757e+00
9.523251621596200422e+00
7.147287576229498285e+00
7.909663707186537884e+00
6.674733725874312462e+00
6.592548748030273131e+00
9.046743109283355011e+00
7.047871674297570443e+00
6.621049113454655632e+00
1.075734657763798552e+01
5.540148484247866101e+00
1.094532937884450696e+01
8.556824990183123703e+00
1.081705065350528550e+01
1.401267784575735753e+01
7.370189824633054165e+00
6.063049984456053032e+00
7.960793299629929543e+00
1.099713228591880210e+01
1.090234057230107823e+01
4.460499391565512006e+00
