2.272951042652130160e-01
5.505936574935912931e-02
5.418502402305602761e-02
5.384149599075317705e-02
5.406993794441223439e-02
5.403669905662536466e-02
5.425134992599487532e-02
5.447798824310302879e-02
5.422295784950256076e-02
5.433450102806091503e-02
5.418025708198547646e-02
5.425085997581481634e-02
5.392431497573852567e-02
5.436823368072509627e-02
5.437207865715026900e-02
5.405811882019043169e-02
5.429373812675476058e-02
5.435700607299804449e-02
5.451269173622131509e-02
5.435460805892944336e-02
5.437590694427490295e-02
5.496768498420715604e-02
5.460975146293640253e-02
5.456024742126464738e-02
5.479125666618347296e-02
5.486307311058044589e-02
5.512144613265991533e-02
5.486073160171509033e-02
5.473988509178161904e-02
5.466334629058838129e-02
5.456978774070739974e-02
5.466281032562255587e-02
5.498063254356384127e-02
5.500352048873901473e-02
5.464390563964843794e-02
5.449877643585204767e-02
5.506723904609680392e-02
5.515886092185973838e-02
5.495866942405700645e-02
5.475484299659728882e-02
5.488159036636352378e-02
5.463975739479064869e-02
5.482967567443847862e-02
5.453414368629455611e-02
5.513441324234008567e-02
5.516356873512268111e-02
5.483064174652099720e-02
5.528330492973327487e-02
5.513704252243042253e-02
5.519644117355346907e-02
5.534675860404968117e-02
5.523552894592285295e-02
5.531883668899536394e-02
5.471620082855224720e-02
5.525705003738403537e-02
5.541850590705871271e-02
5.531210303306579451e-02
5.461558532714843456e-02
5.526847362518310519e-02
5.492112612724304316e-02
5.440916419029236117e-02
5.534694004058837713e-02
5.485589933395385726e-02
5.530655336380004700e-02
5.565982985496521068e-02
5.543667697906494440e-02
5.594256663322448586e-02
5.528472685813903831e-02
5.488259267807006625e-02
5.582072091102600192e-02
5.488976931571960122e-02
5.529523301124572576e-02
5.514863872528075889e-02
5.591276645660400724e-02
5.585949707031249989e-02
5.528282022476196239e-02
5.565369939804077487e-02
5.515718626976013478e-02
5.471213436126708823e-02
5.506201457977295127e-02
5.528540802001952886e-02
5.514339828491211098e-02
5.552290630340576266e-02
5.556740117073059176e-02
5.539120054244995456e-02
5.536937808990478188e-02
5.575015449523925554e-02
5.389316987991332741e-02
5.573902034759521673e-02
5.545448708534241045e-02
5.438234901428222468e-02
5.560125422477722040e-02
5.584651279449463074e-02
5.581500530242920061e-02
5.532946538925170854e-02
5.504354834556579590e-02
5.540383696556091392e-02
5.554854464530945002e-02
5.554785346984863342e-02
5.564476847648620883e-02
5.568745374679565097e-02
5.581155252456664745e-02
5.577517437934875755e-02
5.568954420089721608e-02
5.553063201904297197e-02
5.537844824790954384e-02
5.564311528205871660e-02
5.555860137939452881e-02
5.568567371368408209e-02
5.538312530517577881e-02
5.546820807456970259e-02
5.589654469490051153e-02
5.560418200492858731e-02
5.555951189994812189e-02
5.581830430030822882e-02
5.571943116188049494e-02
5.509948348999023360e-02
5.528401064872741355e-02
5.495427417755126970e-02
5.534697413444519126e-02
5.557333469390868946e-02
5.519762539863586753e-02
5.582218456268310536e-02
5.536431145668029713e-02
5.586755132675171043e-02
5.573007559776305825e-02
5.597422981262206720e-02
5.594305872917175460e-02
5.581684517860412836e-02
5.552382063865661521e-02
5.547053837776184243e-02
5.523121213912964012e-02
5.549015164375305231e-02
5.476847124099731151e-02
5.581934785842895819e-02
5.513989758491515819e-02
5.632465100288391174e-02
5.569939184188842790e-02
5.606386637687683222e-02
5.503042721748351712e-02
5.610960817337035805e-02
5.640440177917480785e-02
5.579449629783630321e-02
5.624895405769347878e-02
5.607801318168639804e-02
5.605912184715271251e-02
5.567945384979248319e-02
5.625272345542907393e-02
5.614982700347900119e-02
5.576789522171020363e-02
5.523022484779357977e-02
5.600549864768981922e-02
5.591088247299194625e-02
5.599205303192138911e-02
5.611226558685302596e-02
5.591631150245666287e-02
5.601401185989379750e-02
5.590682506561279325e-02
5.593482780456542763e-02
5.640321826934814597e-02
5.546960043907165488e-02
5.583305454254150479e-02
5.598271989822387745e-02
5.582235169410705578e-02
5.492917084693908769e-02
5.566486692428589123e-02
5.542782950401305836e-02
5.484405255317687661e-02
5.537498617172241511e-02
5.618255758285522344e-02
5.404982948303222595e-02
5.529356956481933788e-02
5.584325933456420893e-02
5.617823672294616766e-02
5.609222269058227600e-02
5.582607841491699086e-02
5.598691868782043612e-02
5.607248187065124595e-02
5.637659955024719449e-02
5.624861454963683838e-02
5.610431623458862066e-02
5.613211226463318132e-02
5.635131072998046664e-02
5.441513442993164279e-02
5.600100970268249295e-02
5.581698703765869407e-02
5.568934082984924178e-02
5.649613595008850381e-02
5.606892776489257740e-02
5.646654176712036233e-02
5.605936288833618386e-02
5.618332362174988104e-02
5.620318055152893205e-02
5.586881494522094593e-02
5.602403950691223211e-02
5.572196555137634566e-02
5.637756967544555603e-02
5.628713941574096935e-02
5.621914815902710055e-02
5.617753934860229836e-02
5.635339093208312916e-02
5.641878080368042253e-02
5.584141635894775135e-02
5.644916629791259938e-02
5.614457893371582048e-02
5.649322676658630193e-02
5.620897746086120361e-02
5.623768949508666654e-02
5.645343303680419589e-02
5.623451161384582231e-02
5.644766926765441839e-02
5.650567436218261602e-02
5.667867183685302429e-02
5.797034573554992604e-02
5.651607942581176464e-02
5.596718525886535539e-02
5.669674634933472013e-02
5.599224805831909402e-02
5.615675115585327254e-02
5.639351248741149986e-02
5.604728436470031439e-02
5.491617178916931297e-02
5.697580432891845986e-02
5.645116615295410478e-02
5.676161909103393660e-02
5.663911676406860329e-02
5.676123881340026933e-02
5.667658495903014904e-02
5.651143598556518377e-02
5.671705579757690269e-02
5.638723945617675481e-02
5.622230744361877280e-02
5.542473506927490107e-02
5.670135831832885664e-02
5.657164931297302413e-02
5.584349203109741089e-02
5.625198292732238453e-02
5.647942042350768965e-02
5.623248553276061906e-02
5.620691037178039695e-02
5.543693184852600125e-02
5.589566016197204668e-02
5.619475984573363975e-02
5.620089268684386880e-02
5.578160572052001664e-02
5.596595811843872031e-02
5.603520941734314170e-02
5.656749939918517822e-02
5.537383103370666776e-02
5.609354114532470736e-02
5.620355987548827925e-02
5.610183072090148965e-02
5.591086268424987765e-02
5.573547339439392095e-02
5.590121626853943038e-02
5.612281751632690330e-02
5.611437821388244596e-02
5.646211624145507785e-02
5.628359723091125311e-02
5.578636550903320196e-02
5.564983272552490035e-02
5.545917725563049433e-02
5.566693520545959450e-02
5.575692892074585183e-02
5.566617369651794683e-02
5.569460701942444136e-02
5.541508603096008401e-02
5.492184019088745123e-02
5.504158329963684121e-02
5.515998220443725508e-02
5.506838631629944192e-02
5.460201930999755704e-02
5.508804869651794112e-02
5.528005695343017611e-02
5.463539814949035928e-02
5.478686547279357916e-02
5.488543510437011996e-02
5.474240183830261092e-02
5.490321874618530468e-02
5.476388955116272272e-02
5.470368385314941517e-02
5.474586415290832314e-02
5.514155268669128362e-02
5.632304644584655573e-02
5.610619235038757230e-02
5.628515434265136952e-02
5.693285131454467463e-02
5.661460423469543563e-02
5.654004359245300149e-02
5.668204236030578713e-02
5.644531536102295050e-02
5.647598242759704901e-02
5.676993823051452309e-02
5.697187781333923340e-02
5.704664516448974820e-02
5.700406122207641452e-02
5.485087966918945207e-02
5.633859419822692671e-02
5.641951346397399564e-02
5.624389266967773360e-02
5.670667290687560896e-02
5.661611533164977866e-02
5.633861446380615534e-02
5.636722517013549594e-02
5.645276975631714073e-02
5.634612035751342812e-02
5.592284297943115462e-02
5.624959278106689275e-02
5.613559031486511225e-02
5.642909598350524802e-02
5.629860806465149248e-02
5.645284748077392806e-02
5.712237787246703807e-02
5.788012099266052340e-02
5.720740771293639920e-02
5.721220207214355175e-02
5.718981170654297008e-02
5.763566160202026473e-02
5.693017983436584467e-02
5.672164487838744773e-02
5.702981567382812284e-02
5.656267595291137457e-02
5.670380401611328086e-02
5.714839482307434299e-02
5.653808832168578935e-02
5.674411892890929981e-02
5.664790558815002708e-02
5.703092288970947055e-02
5.687541317939757979e-02
5.704594588279723877e-02
5.695384621620178112e-02
5.851233935356139892e-02
5.698801755905151534e-02
5.686304807662963950e-02
5.692512869834900208e-02
5.656278848648071261e-02
5.486490607261657743e-02
5.571650338172912803e-02
5.705357813835144204e-02
5.685313701629638589e-02
5.715059757232666265e-02
5.701491165161132885e-02
5.682424306869506697e-02
5.688852453231811601e-02
5.693382573127746260e-02
5.732753872871398926e-02
5.732758331298828253e-02
5.721369791030883611e-02
5.708311009407043141e-02
5.651147794723510726e-02
5.694961786270141824e-02
5.739347624778747686e-02
5.751421189308166676e-02
5.709657430648804044e-02
5.718342447280883728e-02
5.680727648735046237e-02
5.707153511047362987e-02
5.730295753479004023e-02
5.696940040588378829e-02
5.692245602607726856e-02
5.714292645454406572e-02
5.676023721694946345e-02
5.670223736763000538e-02
5.675479555130005099e-02
5.694148182868957742e-02
5.713676261901855236e-02
5.635740876197815191e-02
5.714150190353393249e-02
5.702013349533081171e-02
5.719104266166687156e-02
5.695778656005859308e-02
5.713147830963134777e-02
5.734502506256103360e-02
5.694216227531433139e-02
5.698285031318664484e-02
5.717939949035644870e-02
5.690381693840027011e-02
5.697139906883239707e-02
5.686548781394958757e-02
5.693962550163268743e-02
5.703958511352538729e-02
5.690708351135254084e-02
5.665338826179504295e-02
5.653615021705627602e-02
5.711019253730773709e-02
5.742034077644347922e-02
5.700139999389648715e-02
5.696586084365844876e-02
5.694936561584472423e-02
5.744665694236755077e-02
5.698555850982665871e-02
5.691240692138671564e-02
5.685740900039672890e-02
5.726343202590942344e-02
5.678811883926391385e-02
5.697325110435486062e-02
5.722417259216308616e-02
5.740877079963684071e-02
5.729927062988281194e-02
5.683236432075500222e-02
5.685920715332030972e-02
5.664838600158691312e-02
5.695222878456115967e-02
5.727208042144775468e-02
5.668495702743530512e-02
5.649123764038085915e-02
5.732747936248779042e-02
5.719292283058166615e-02
5.630024933815002547e-02
5.691032981872558294e-02
5.665304303169250294e-02
5.734752607345581371e-02
5.744813704490661643e-02
5.708785915374756104e-02
5.747803783416748080e-02
5.693689489364624212e-02
5.743432259559631131e-02
5.721257352828979653e-02
5.819752907752990395e-02
5.697239327430725364e-02
5.787003040313720703e-02
5.700597834587096957e-02
5.715151000022888200e-02
5.700897502899170133e-02
5.609106254577636563e-02
5.666857886314392162e-02
5.738773274421692105e-02
5.705333447456360091e-02
5.735822510719299633e-02
5.733568263053893943e-02
5.729449057579040494e-02
5.738103556632995900e-02
5.685961961746215793e-02
5.722349834442138489e-02
5.756206011772155989e-02
5.709878206253051619e-02
5.732518768310546770e-02
5.717438125610351668e-02
5.712659001350402915e-02
5.748861742019653609e-02
5.756287765502930004e-02
5.724166727066039989e-02
5.766166400909424061e-02
5.796689486503601302e-02
5.742720103263854875e-02
5.719933938980102661e-02
5.754845786094665849e-02
5.714195609092712069e-02
5.741326689720153975e-02
5.720540881156921387e-02
5.741888308525085194e-02
5.733466649055481146e-02
5.746574616432190141e-02
5.756768345832824485e-02
5.783223700523376642e-02
5.799016833305358637e-02
5.726579403877258417e-02
5.760291528701782376e-02
5.775860857963562023e-02
5.788694143295287919e-02
5.771145892143249301e-02
5.763209867477416676e-02
5.743279433250426946e-02
5.754801511764526256e-02
5.740069627761840848e-02
5.743406796455383101e-02
5.686802363395691146e-02
5.548309564590454129e-02
5.793658208847046048e-02
5.776188063621520707e-02
5.704662656784057623e-02
5.736234235763550127e-02
5.735132598876953314e-02
5.750498199462890370e-02
5.757878541946410966e-02
5.708554768562316972e-02
5.766806221008300565e-02
5.772043919563293185e-02
5.748385810852051081e-02
5.703964042663574319e-02
5.763746666908264177e-02
5.728088426589966059e-02
5.767071652412414373e-02
5.760576391220093018e-02
5.759284591674804915e-02
5.728164124488830528e-02
5.751909732818603210e-02
5.726276111602783547e-02
5.758402895927429432e-02
5.747562289237975741e-02
5.762784290313720942e-02
5.773021364212035933e-02
5.740909409523010237e-02
5.756623053550720404e-02
5.728787636756896978e-02
5.766868400573730430e-02
5.781236195564270347e-02
5.764126563072204806e-02
5.809111928939819647e-02
5.749367809295654469e-02
5.695646095275878895e-02
5.780061888694763145e-02
5.765209722518920693e-02
5.767693161964416310e-02
5.758822226524352994e-02
5.715872454643249750e-02
5.758036732673645075e-02
5.729239487648010026e-02
5.788866043090820646e-02
5.751301741600036571e-02
5.763666057586670083e-02
5.775099492073058893e-02
5.755714225769043013e-02
5.732976889610290339e-02
5.776473855972290294e-02
5.763152551651001126e-02
5.757053399085998446e-02
5.759750437736511214e-02
5.756664609909057512e-02
5.730645275115966997e-02
5.768095517158508545e-02
5.735018563270569136e-02
5.746699333190918163e-02
5.783853149414062284e-02
5.771081018447875993e-02
5.771703624725341847e-02
5.787449622154235834e-02
5.777489614486694403e-02
5.732092928886413363e-02
5.685381293296813687e-02
5.753444528579711864e-02
5.766350913047790794e-02
5.772062301635742104e-02
5.747422862052917192e-02
5.804872274398803489e-02
5.754171156883240018e-02
5.730115652084350614e-02
5.765218043327331732e-02
5.765574598312377813e-02
5.747960996627807934e-02
5.755382823944091980e-02
5.783787202835082714e-02
5.664002609252929976e-02
5.735059952735900579e-02
5.780663657188415266e-02
5.766908907890319624e-02
5.722937059402465748e-02
5.755106568336487011e-02
5.741089415550231639e-02
5.755350637435913130e-02
5.783691477775573797e-02
5.783624744415283292e-02
5.652636384963988930e-02
5.754047369956970248e-02
5.543577241897582747e-02
5.763450956344604720e-02
5.793868970870971746e-02
5.786077523231506620e-02
5.695621228218078480e-02
5.753739118576049749e-02
5.750051546096801580e-02
5.752737069129943565e-02
5.763728928565978876e-02
5.789179587364196716e-02
5.774935317039489591e-02
5.775143122673034868e-02
5.828370618820190308e-02
5.753780174255371249e-02
5.758461332321167248e-02
5.786783957481383966e-02
5.757379341125488242e-02
5.727832937240600469e-02
5.747457385063171192e-02
5.762474131584167242e-02
5.784000039100647278e-02
5.776527190208435164e-02
5.762810325622558932e-02
5.769287467002868347e-02
5.732408857345581282e-02
5.824994826316833713e-02
5.796645092964172047e-02
5.794556283950805936e-02
5.792620205879211309e-02
5.783384203910827553e-02
5.769650697708129938e-02
5.789977264404296692e-02
5.818593192100524752e-02
5.791261076927185086e-02
5.738354849815368447e-02
5.760619068145751698e-02
5.814781212806701544e-02
5.821532511711120794e-02
5.786945462226867481e-02
5.760292720794677607e-02
5.788964581489562666e-02
5.773150396347045965e-02
5.767767381668090915e-02
5.810973715782165316e-02
5.820283198356628745e-02
5.777041196823120422e-02
5.813008856773376615e-02
5.808685874938964572e-02
5.810098385810852362e-02
5.749512648582458252e-02
5.759674549102783425e-02
5.797960495948791676e-02
5.748548722267150801e-02
5.798648142814636502e-02
5.806754016876220642e-02
5.807118248939514144e-02
5.787997007369995173e-02
5.786090302467346291e-02
5.784205079078674067e-02
5.763004994392394859e-02
5.779720878601074530e-02
5.826655912399292259e-02
5.718921923637389909e-02
5.812227034568786393e-02
5.752374863624572926e-02
5.736414504051208507e-02
5.774965214729309293e-02
5.773485612869262706e-02
5.775955128669738731e-02
5.799905371665954601e-02
5.791838717460632419e-02
5.780173277854919189e-02
5.762217020988464472e-02
5.778410935401916831e-02
5.777556443214416221e-02
5.769354534149170183e-02
5.793230652809142761e-02
5.794456887245177934e-02
5.773519849777221380e-02
5.820922422409057634e-02
5.795688438415527027e-02
5.808619785308837685e-02
5.777280926704406877e-02
5.802724623680114574e-02
5.803810763359069924e-02
5.741773080825805786e-02
5.807231211662292752e-02
5.836102771759033025e-02
5.811300349235534735e-02
5.804719758033752286e-02
5.803407526016235440e-02
5.797776556015014904e-02
5.819297337532043646e-02
5.733201265335083341e-02
5.775768709182739491e-02
5.806882762908935347e-02
5.796420288085937789e-02
5.797334265708923434e-02
5.799994349479675043e-02
5.818089103698730752e-02
5.799739813804626748e-02
5.801443433761596657e-02
5.820064234733581671e-02
5.847000885009765586e-02
5.799550700187683372e-02
5.851992344856261907e-02
5.772076272964477700e-02
5.816946244239807468e-02
5.810219359397888333e-02
5.807019162178039817e-02
5.795427083969115906e-02
5.717161512374877713e-02
5.814577102661133007e-02
5.828893136978149231e-02
5.864892005920410017e-02
5.813734412193298506e-02
5.821598553657531677e-02
5.879245376586914040e-02
5.804026699066162226e-02
5.785108566284179882e-02
5.782439112663269321e-02
5.738989663124084706e-02
5.719986057281493952e-02
5.664612650871277133e-02
5.766123056411743414e-02
5.851425743103027405e-02
5.782714128494262362e-02
5.804956889152526611e-02
5.834116482734680309e-02
5.817020678520202354e-02
5.810395765304565696e-02
5.795761513710021712e-02
5.814253354072571045e-02
5.875548815727233559e-02
5.791931724548339544e-02
5.832738161087035883e-02
5.829666543006897100e-02
5.802159881591796575e-02
5.856896281242370689e-02
5.831058263778686468e-02
5.827668094635009982e-02
5.822363972663879145e-02
5.829287672042846730e-02
5.817898440361023160e-02
5.749206519126891929e-02
5.823134732246398881e-02
5.854121041297912637e-02
5.818666005134582458e-02
5.809937596321106124e-02
5.841238689422607183e-02
5.879126930236816539e-02
5.876911854743957497e-02
5.844852805137634028e-02
5.855396699905395658e-02
5.864541482925415133e-02
5.826944994926452903e-02
5.852599215507507668e-02
5.843376135826110901e-02
5.824632835388183355e-02
5.772832798957824862e-02
5.768606400489807023e-02
5.781035017967223882e-02
5.766322875022888289e-02
5.753127193450927740e-02
5.756864523887634394e-02
5.786189055442809981e-02
5.740525579452514932e-02
5.771691727638244424e-02
5.866467094421386891e-02
5.850421833992004716e-02
5.820316052436828869e-02
5.788571619987487732e-02
5.809659266471862982e-02
5.799797129631042297e-02
5.856294035911559920e-02
5.813914561271667225e-02
5.802116942405700917e-02
5.833185148239136003e-02
5.840501904487609836e-02
5.775157380104065097e-02
5.794419622421264487e-02
5.786381959915161410e-02
5.795629048347473306e-02
5.796207976341247875e-02
5.848932862281799178e-02
5.829820632934570174e-02
5.843085455894470037e-02
5.796207928657531872e-02
5.786877155303955106e-02
5.809754514694213945e-02
5.812028527259826410e-02
5.856917810440063349e-02
5.816341686248779203e-02
5.819978666305541948e-02
5.719070959091186734e-02
5.807770681381225347e-02
5.862813091278076122e-02
5.814029788970947327e-02
5.838150143623352384e-02
5.813081955909728954e-02
5.800491452217101940e-02
5.776416826248168684e-02
5.809829258918762507e-02
5.732562494277954057e-02
5.866044473648071578e-02
5.869696879386902127e-02
5.823832869529724232e-02
5.776407480239868081e-02
5.790999174118041659e-02
5.802502703666687078e-02
5.834909558296203641e-02
5.766693282127380304e-02
5.806679463386535400e-02
5.829292178153991366e-02
5.837741923332214616e-02
5.858617782592773215e-02
5.815224552154540927e-02
5.830251622200012529e-02
5.854401707649230929e-02
5.856761384010315125e-02
5.816357350349426331e-02
5.814394450187682778e-02
5.848618769645690801e-02
5.863235545158386464e-02
5.793656134605407876e-02
5.721499156951904280e-02
5.738779067993163979e-02
5.830135893821716125e-02
5.642987108230591159e-02
5.652857041358947537e-02
5.815934514999389349e-02
5.840577244758606013e-02
5.813268423080444197e-02
5.853640174865722828e-02
5.906011366844177157e-02
5.831363701820373863e-02
5.806848597526550332e-02
5.824566197395324857e-02
5.838085389137268044e-02
5.857493066787719527e-02
5.832841873168945201e-02
5.826312637329101457e-02
5.838532948493957431e-02
5.816013455390930259e-02
5.837543606758117953e-02
5.861175632476806757e-02
5.839949536323547213e-02
5.857465028762817716e-02
5.824737334251403609e-02
5.821395707130432029e-02
5.757313227653503701e-02
5.796464681625366350e-02
5.854836797714233626e-02
5.810214877128601352e-02
5.854838871955871799e-02
5.808452081680298001e-02
5.875769734382629145e-02
5.826619577407837064e-02
5.836671471595764049e-02
5.860007810592651051e-02
5.833207631111145264e-02
5.805844235420227345e-02
5.853503680229187045e-02
5.829687333106994829e-02
5.888671946525574075e-02
5.837921071052551425e-02
5.879044198989868270e-02
5.869727563858032071e-02
5.836250734329223588e-02
5.853626918792724509e-02
5.860593652725219760e-02
5.855771040916443043e-02
5.839781951904297191e-02
5.818872690200805470e-02
5.809795999526977395e-02
5.872787690162658419e-02
5.842421388626098389e-02
5.853148531913757169e-02
5.874649310111999811e-02
5.851316690444946511e-02
5.855517983436584611e-02
5.823782753944396762e-02
5.867026090621948325e-02
5.879916143417358160e-02
5.860780858993529935e-02
5.883934593200683405e-02
5.846373796463012751e-02
5.850646567344665316e-02
5.818573927879333585e-02
5.872291064262390170e-02
5.884868550300598189e-02
5.865186738967895219e-02
5.915788602828979392e-02
5.868980431556701516e-02
5.867448520660400318e-02
5.863953185081481612e-02
5.864123058319091475e-02
5.866879892349242953e-02
5.848067331314087125e-02
5.890147137641906644e-02
5.903821635246277177e-02
5.879695940017699851e-02
5.882298159599304299e-02
5.877413105964660739e-02
5.841317462921142428e-02
5.805341744422912870e-02
5.848842000961303883e-02
5.890199804306030240e-02
5.860663771629333330e-02
5.897205543518066473e-02
5.877673482894897605e-02
5.879478001594543729e-02
5.870374655723571700e-02
5.843479537963867237e-02
5.684149551391601274e-02
5.867431139945984003e-02
5.893548154830932639e-02
5.799680685997009311e-02
5.905984449386596918e-02
5.867539715766906944e-02
5.709411668777465698e-02
5.788531899452209473e-02
5.872015261650085499e-02
5.886807465553283575e-02
5.872095918655395597e-02
5.861262702941894692e-02
5.872233533859252952e-02
5.894651603698730646e-02
5.868932461738586570e-02
5.882839298248290771e-02
5.853213953971862782e-02
5.855320620536803855e-02
5.829266476631164706e-02
5.882867169380188305e-02
5.802120351791381636e-02
5.806924986839294422e-02
5.926219701766968079e-02
5.831754589080810625e-02
5.851240420341491388e-02
5.822315669059753562e-02
5.857835149765014404e-02
5.878808236122131520e-02
5.857520675659179388e-02
5.815694975852966214e-02
5.832080125808716126e-02
5.840035915374755526e-02
5.851917290687561057e-02
5.876547527313232683e-02
5.841215944290160944e-02
5.874506187438964522e-02
5.915031552314758273e-02
5.855042505264282382e-02
5.877236056327819758e-02
5.870065498352050604e-02
5.878049492835998868e-02
5.878578472137450939e-02
5.851691508293151850e-02
5.836048555374145214e-02
5.844997096061706199e-02
5.909937334060669234e-02
5.875460648536682401e-02
5.863417625427246038e-02
5.919059348106384122e-02
5.909873270988464516e-02
5.873148918151855497e-02
5.854265689849853793e-02
5.888898396492004556e-02
5.910066723823547558e-02
5.912777924537658547e-02
5.937755513191222967e-02
5.916158175468445163e-02
5.936917877197265409e-02
5.937854552268981984e-02
5.877259516716003274e-02
5.894727706909179410e-02
5.892599368095397666e-02
5.921185874938964672e-02
5.928309059143066495e-02
5.893825221061706199e-02
5.857188820838928056e-02
5.852032685279846130e-02
5.942988348007201965e-02
5.898958516120910572e-02
5.923461556434631015e-02
5.924678826332092224e-02
5.895763111114502020e-02
5.860899448394775446e-02
5.887662649154663114e-02
5.906255221366882302e-02
5.885299587249755854e-02
5.888787150382995828e-02
5.889140033721923517e-02
5.947218275070190185e-02
5.908171176910400474e-02
5.877884578704833940e-02
5.876241421699524015e-02
5.862814950942993319e-02
5.849681329727172974e-02
5.858942008018493824e-02
5.914627647399902516e-02
5.940334486961364874e-02
5.937764215469360646e-02
5.922746253013611017e-02
5.913740396499633789e-02
5.883757543563843118e-02
5.863962292671203586e-02
5.866315245628356961e-02
5.911846804618835216e-02
5.888239240646362532e-02
5.908620166778564414e-02
5.934492588043212974e-02
5.869884943962096896e-02
5.914183092117309554e-02
5.926498866081237465e-02
5.915556073188781711e-02
5.896669220924377619e-02
5.901389908790588557e-02
5.908431100845337042e-02
5.880874252319336082e-02
5.896875071525573692e-02
5.922848105430603138e-02
5.928191637992858559e-02
5.921917438507080106e-02
5.913568449020385753e-02
5.909341239929199324e-02
5.898556423187256009e-02
5.951025462150573431e-02
5.910621881484985629e-02
5.921059179306030484e-02
5.896789050102233670e-02
5.771388006210326910e-02
5.807732439041137645e-02
5.676814508438110529e-02
5.907339525222778109e-02
5.913224053382873380e-02
5.910120034217834772e-02
5.884957814216613958e-02
5.853146481513977345e-02
5.905918359756470032e-02
5.862678337097167874e-02
5.910678672790527222e-02
5.947048473358153980e-02
5.928188920021057462e-02
5.893146896362305015e-02
5.902746653556823625e-02
