1.593737962133843382e+02
1.386713353149158934e+02
1.328190390418047571e+02
1.473841998682765109e+02
1.509053310540273003e+02
1.690072492342644068e+02
1.477609730329068043e+02
1.490131772900644194e+02
1.446709446277541247e+02
1.270831186749170172e+02
1.346219715577847467e+02
1.336505053533343244e+02
1.265927460706260490e+02
1.171347317741625744e+02
9.674641226753082890e+01
1.069185158968050899e+02
7.370962153625760038e+01
6.779909579114122664e+01
7.631447089050973887e+01
5.403423353114133931e+01
5.360653396736643828e+01
4.849021738052761066e+01
4.832543663894239216e+01
3.622984135620596646e+01
4.009873038799389633e+01
4.019418057038508607e+01
3.349814072091815831e+01
2.936133329948648552e+01
3.326447576227605651e+01
3.897172784623339226e+01
3.270549831739582203e+01
3.083147901423058101e+01
6.715268691296689951e+01
2.469001973110692916e+01
1.633524043220123900e+01
2.178174116639243607e+01
2.055036932398138561e+01
1.693610435220963595e+01
3.275940479377617010e+01
1.794024515404929687e+01
5.335936117014961155e+01
1.519317952381299897e+01
2.047247263839941311e+01
2.608045638449267756e+01
2.897406860535431150e+01
7.534323942061131163e+01
2.548146487297273310e+01
2.117650401574199392e+01
2.323592687794144140e+01
3.237503350024725535e+01
2.351985766823854718e+01
1.377107228403558992e+01
1.608502858887238673e+01
3.250095814007704575e+01
2.029321326093449329e+01
1.504732440814273886e+01
1.856729250862436587e+01
1.821902695968758934e+01
1.621405596697951879e+01
1.337904576061218620e+01
2.104837514814033739e+01
1.868212116795015376e+01
2.957281352847049760e+01
1.625752617913269660e+01
2.740167393657758410e+01
1.632681614191391617e+01
2.712852806578160525e+01
1.534783795771257786e+01
2.741616983838328991e+01
3.920708279343308789e+01
2.734033795194341465e+01
1.445974495540566629e+01
1.639810456421932372e+01
1.298393785957284230e+01
5.940747578947808449e+01
1.997630855022944019e+01
3.071848807009593330e+01
2.049167292879082680e+01
2.280856924019921195e+01
2.974032823213580912e+01
1.256977774180635699e+01
2.929754396314872977e+01
1.612521703360880920e+01
2.420528701742326660e+01
1.979997828598024867e+01
2.487368094427458942e+01
3.670404801334111511e+01
2.428706001667753256e+01
1.216132607096785989e+01
1.451787762532731918e+01
1.941663800852039401e+01
2.214614961450385522e+01
1.306012878795245769e+01
2.565792581009974427e+01
2.445504454044424492e+01
2.364379625442221666e+01
1.321820631148178116e+01
9.263392137135353366e+00
2.317180475647938565e+01
1.200031807511686210e+01
1.292626639773595087e+01
1.019685348906452305e+01
1.367426684696955341e+01
1.920943768652522010e+01
1.885240642977262837e+01
9.882353171784087564e+00
1.514840602297655003e+01
1.484108868742940501e+01
2.772704155753272559e+01
1.398648971396887042e+01
1.705251494607005824e+01
1.406173680257177949e+01
7.719092874967445894e+00
1.744505977773237149e+01
1.512178418960520254e+01
1.112361156000253004e+01
1.484064849121538288e+01
1.436736752797997774e+01
1.192315623395662705e+01
9.434518859128145252e+00
1.799560029999559063e+01
1.252818809615456708e+01
1.950235815916284920e+01
8.995498640319755879e+00
1.030874626494164126e+01
7.386476608183921932e+00
9.790675641983705546e+00
1.291932456616914138e+01
1.567459876127521490e+01
8.162382524049956345e+00
1.098248526774143663e+01
5.180888905449782200e+00
7.360345276560726901e+00
9.746534245183285705e+00
1.347946952169730217e+01
8.879967023147479210e+00
1.469784301107761060e+01
8.778492713361346844e+00
1.067173538538242816e+01
9.578713322460666646e+00
7.497687091805929960e+00
1.098433923309442584e+01
7.788511926449360523e+00
1.468432117020144645e+01
9.448058377561723731e+00
1.111904304333395821e+01
1.073961162114319379e+01
6.191690406657667900e+00
1.178441244693698842e+01
7.775986418557662816e+00
9.688231518988921209e+00
1.307457465283670928e+01
8.393437311440882453e+00
1.080742009524672298e+01
6.599346543155469647e+00
4.582140219439933659e+00
1.040365508308686771e+01
7.011760727381283864e+00
6.465285766381662746e+00
9.460835616171378248e+00
1.398310496853335572e+01
5.935516364558364621e+00
5.578863556341006280e+00
6.100620140865402163e+00
6.269870458727955231e+00
1.759133648091725277e+01
8.490795616673821655e+00
7.596081664584842130e+00
7.453911309434665178e+00
7.961360008047917880e+00
7.677705825928978989e+00
7.145200287702945907e+00
5.221640902184271127e+00
8.202291022512456564e+00
1.012764148174800205e+01
1.290709123920436419e+01
1.139626274806855299e+01
7.511318919210913769e+00
6.006061550232792534e+00
7.357358937061761139e+00
7.498572483882743889e+00
9.057667086844571003e+00
1.069908881158569969e+01
6.447882601876710140e+00
8.064175102795964278e+00
7.746138245216806162e+00
6.588796297356165788e+00
1.302080877238814338e+01
4.460925571523662647e+00
9.060934916791413940e+00
6.280394905653905901e+00
8.388770815916799961e+00
1.621813056474491788e+01
9.350545654672771434e+00
1.811363449019951943e+01
1.042637229926504894e+01
9.015902290378672745e+00
9.267120820367573231e+00
6.473165676138561864e+00
9.578285929711693569e+00
4.073076236561474772e+00
6.802171235966980589e+00
4.367350171221651145e+00
6.960466328339513176e+00
8.357592412955851202e+00
8.874732440474947026e+00
5.693192888642373717e+00
6.194962964464671984e+00
6.062433838917693940e+00
5.011183624385472157e+00
7.298993107708680483e+00
1.009868700513790429e+01
5.326011713302825079e+00
5.084413490724639217e+00
7.182563286517255285e+00
1.091986521890723516e+01
7.708404936728416423e+00
5.955684084336554385e+00
7.009998130090729695e+00
6.749274349385546046e+00
1.091375849528340147e+01
9.747552888745119049e+00
5.496515716701771304e+00
8.993651083563438675e+00
7.455896299172554365e+00
1.181307110465350974e+01
4.347851373758817140e+00
5.393111206723488316e+00
7.162648674612956512e+00
5.465513148820746459e+00
6.305573914729855289e+00
6.039773994118548650e+00
5.419187139306057333e+00
7.000224349571665172e+00
6.187264661155394307e+00
6.624348018408315220e+00
1.316315379446694855e+01
1.486877425693706378e+01
6.096327814732459771e+00
3.761852027134971799e+00
1.410620071352692051e+01
5.579998916067599346e+00
4.533645448019743895e+00
6.453046790579824332e+00
6.232300343525840169e+00
6.435681398012711441e+00
1.208321635969818608e+01
7.548399082130243798e+00
7.778359550184228866e+00
7.697791506508089299e+00
5.277502924037129617e+00
7.900253022812695036e+00
6.867588202541000442e+00
1.746412221030989542e+01
9.250627623901440444e+00
9.508568312109410670e+00
1.023517282709911314e+01
8.265094323535425502e+00
8.025766599918842559e+00
5.107006501787807906e+00
7.209246567177137521e+00
1.301744724237650885e+01
6.393009658741953594e+00
5.915278966425783658e+00
7.632298842570691910e+00
6.460755985766930998e+00
6.014549917183232175e+00
8.159518608017521046e+00
8.371685483699380370e+00
7.907757490616821983e+00
5.001505550228883656e+00
7.212690596085773009e+00
6.870089669554318768e+00
7.740343836277583378e+00
5.201898156215516877e+00
5.674690304738436275e+00
8.866362573254424007e+00
5.792410118001442676e+00
9.093055033896613182e+00
9.775999937050192656e+00
6.046654998844932294e+00
5.687494146653691907e+00
4.134019152286104060e+00
1.521509061963497977e+01
6.689409569358998553e+00
7.764494869042869674e+00
4.515501713452175103e+00
8.922742405360345685e+00
5.934696501577153782e+00
7.112868718265326073e+00
2.015512642251070474e+01
9.888418440136222287e+00
6.166843373683541962e+00
3.897968967468960599e+00
7.270048640815469199e+00
4.175470208489373114e+00
7.739684139509487970e+00
5.075716882382955042e+00
6.586362475571411856e+00
7.192977408328647293e+00
6.064367520542689682e+00
1.132628240668410768e+01
5.010873053904094654e+00
1.182765942595514908e+01
8.497819606298815387e+00
6.314414419867269146e+00
8.371556903305176434e+00
1.137091576045294516e+01
6.258383042701804122e+00
4.535330072299680992e+00
1.003137673981857780e+01
4.517174711051882952e+00
1.438861513690824623e+01
6.377481231215552882e+00
1.033868064974619294e+01
1.079653711416919037e+01
5.361511821665664534e+00
7.077341926752191981e+00
5.775265819352926933e+00
9.023218420486101010e+00
9.888123297618330199e+00
4.401567477089065150e+00
1.054405198759443429e+01
7.646535720017230808e+00
5.677739089718203402e+00
7.588346752819041363e+00
5.370383630165874500e+00
8.221973629970253938e+00
4.506055357581900900e+00
6.002456799984931202e+00
5.792466708951164556e+00
1.424310668946849212e+01
6.068205282343715368e+00
6.235556396836466675e+00
6.495610217517304719e+00
1.200081110861039413e+01
5.727702976759749376e+00
6.370869804368128442e+00
7.927763493145061346e+00
5.090553242068042827e+00
1.756314170919759832e+01
6.282020354433263343e+00
6.514485595565743914e+00
1.495335616832783820e+01
6.867320154653003605e+00
9.214339287536574830e+00
5.436063944793554370e+00
7.629776844635406619e+00
7.020553785775406119e+00
1.030505962657162655e+01
6.327975417974805339e+00
8.456038737519358861e+00
4.251402569649935792e+00
6.020485065111173206e+00
4.958341537660587051e+00
1.276558284932865384e+01
8.795243636931523667e+00
5.136171826270868657e+00
6.352842316161298797e+00
9.184097191260159221e+00
6.353496749012650824e+00
6.410904217848123032e+00
7.741406823183935693e+00
8.229673994887578559e+00
6.142910177477616251e+00
7.595395619736565962e+00
9.217856503407666935e+00
8.861980504658198754e+00
1.027049370264759531e+01
9.406131996404957007e+00
4.873608935612441684e+00
7.801086946178932280e+00
6.341672765260745415e+00
1.116550635795412028e+01
7.362005643031547031e+00
5.407482299159302563e+00
5.644689933549698502e+00
7.961974076940204981e+00
1.084331198754923165e+01
5.276769220548485961e+00
6.686269019813888548e+00
6.021406891161531050e+00
5.970725577716041066e+00
9.034335368055453230e+00
6.731201833245056498e+00
1.558941471008178326e+01
6.640430755929218165e+00
9.494293914093725917e+00
9.110025643651235683e+00
4.889148282031054116e+00
5.263662518830250825e+00
5.848029707096757512e+00
9.947775541538092625e+00
1.024994986820720122e+01
1.046579268063648982e+01
6.726890371603944985e+00
1.594110237789258377e+01
6.660205402701563138e+00
1.314393093432666504e+01
1.079620750692150466e+01
2.036769495257380669e+01
2.298661278380997786e+01
5.817618124615371755e+00
2.397777578809575161e+01
1.601098986901689258e+01
8.444509415847376133e+00
6.395896231624372597e+00
1.001241488569630178e+01
5.003779934497631032e+00
1.366982964202925821e+01
1.612266767628113229e+01
7.360806472627897890e+00
1.211224251546383002e+01
2.824791226334757255e+01
7.009822274632777628e+00
7.345057331005892642e+00
7.026910115656107791e+00
8.732359550348972377e+00
5.564851056027123377e+00
8.869000249025294380e+00
7.212226812521116415e+00
6.641004992901850201e+00
8.379306695147590744e+00
1.681565897681291588e+01
7.926548492570587356e+00
1.029043513950088418e+01
8.096857825171834833e+00
7.887987752821805643e+00
6.345829466678817532e+00
6.695088270943704956e+00
4.725662070878724030e+00
1.486519206914285718e+01
7.217641523759596112e+00
6.550283335658787287e+00
9.948410415380317673e+00
6.419341843708394890e+00
8.939951233410402764e+00
6.829427288759574388e+00
8.107227575866394531e+00
1.347435067347598903e+01
1.018608664936864017e+01
1.000253602143247100e+01
9.446133871373264768e+00
8.009882651137072429e+00
8.388659402893541284e+00
1.039397170284618177e+01
6.474977937801291716e+00
9.417656827425089361e+00
1.480249999882887479e+01
1.165755220082973764e+01
8.461521040069316157e+00
1.981970670361858566e+01
1.193779384124748510e+01
1.070693333251096746e+01
6.374970994233951416e+00
6.082668361226335030e+00
5.018924489122111865e+00
1.070291629760622065e+01
8.719412993027047420e+00
1.845102626860697015e+01
9.256273011086115332e+00
7.130111054740337906e+00
6.284540394066294056e+00
6.663230563472355428e+00
1.159661990225288264e+01
1.758246015948938989e+01
1.574893228647630927e+01
6.562887853776818936e+00
9.595352196074951934e+00
8.625700103535439922e+00
8.763324496801992325e+00
7.724456512215081005e+00
4.777562058350645735e+00
1.302464014026869776e+01
5.211327106813684829e+00
6.622836204355223799e+00
8.266320140299272978e+00
5.811489860946633890e+00
1.348191102104934735e+01
1.401004178590424409e+01
9.241248189645277833e+00
1.258241303709453973e+01
1.997672950404725611e+01
6.458200792505110144e+00
7.630587060357938434e+00
1.036257588315171851e+01
1.458545265659375367e+01
1.758507496898774392e+01
1.811169927923936029e+01
1.117316721149173375e+01
2.566800320061474494e+01
9.946599299286575047e+00
8.024738345452011146e+00
3.719819965064110612e+00
7.221667426517674571e+00
6.348302476823922014e+00
7.089320656609946703e+00
5.442896716445835281e+00
9.508874545677389989e+00
9.688980412488076510e+00
1.760996619481774061e+01
1.336821102974049147e+01
6.580038217278389112e+00
7.398600152074710223e+00
6.758205209308077777e+00
7.228857674223966079e+00
5.627610579078709208e+00
5.618277925404974837e+00
1.705194349225687844e+01
8.635855246003787400e+00
1.257957319676342323e+01
2.554886476205807000e+01
1.083928190207951481e+01
1.015061955988345410e+01
9.091995103806567613e+00
1.260725923962887762e+01
8.108442188652881910e+00
7.465498876449834675e+00
6.958326540907346924e+00
8.226802721229880433e+00
1.078936168752373703e+01
6.177862174945201623e+00
1.093626876996264130e+01
1.333087783965099504e+01
7.649169848672675798e+00
9.363983060182366813e+00
7.649427802477310578e+00
1.916121918440786942e+01
1.287323025935085496e+01
1.053556118994556812e+01
9.805033345717621529e+00
1.502581562515842784e+01
8.072145742998438678e+00
1.222529561425164779e+01
8.037987866269324044e+00
2.157141342117634153e+01
1.154492144797417552e+01
6.037496611619711295e+00
7.597773568122736521e+00
1.292479056592384801e+01
8.462293185208645596e+00
1.450661102864476781e+01
1.285473258474369374e+01
1.006958316846782964e+01
1.328545674070472415e+01
2.107331993324821440e+01
1.074055126545331262e+01
1.192341207875444553e+01
8.953657931317897223e+00
6.554676802463270668e+00
2.228141499433332129e+01
1.667928215781413570e+01
1.020319846126982988e+01
1.216016161012101549e+01
1.037500362225655692e+01
9.603280013488786793e+00
5.492803842742565834e+00
1.509054417775217871e+01
9.551478860103951973e+00
7.258564671699262227e+00
1.373497549001391427e+01
9.167189841328854172e+00
2.054080585447526275e+01
8.022929061277862317e+00
9.875816580908802322e+00
8.401398512683464048e+00
1.627619855752313072e+01
8.416063968974539122e+00
1.551883807675020677e+01
4.789054068107381568e+01
8.709756288198384766e+00
1.199265265359103694e+01
2.741794641600562343e+01
1.751783178338752833e+01
1.975528433282152818e+01
3.538107317507776628e+01
1.559696622313429692e+01
2.306307272602004232e+01
1.007809482313083826e+01
5.790427505421743781e+00
1.396496698386518531e+01
1.723786756108863827e+01
1.188180838904090386e+01
2.654502013825427653e+01
2.390667656607431368e+01
1.426320928892766915e+01
1.671574165274246226e+01
6.499891010849128570e+00
9.614921902212202554e+00
8.201406769898801130e+00
2.282404389845997628e+01
1.452402260041617410e+01
1.084795287097159822e+01
1.520419668687098103e+01
1.246919906710761872e+01
9.152839290325381683e+00
8.825971924983184280e+00
6.442991480252661773e+00
2.088250140667737753e+01
1.006315556655765242e+01
1.055626395344335400e+01
7.810798522556361867e+00
1.015570649243315771e+01
7.307308235797354001e+00
6.278484239867130334e+00
2.692120421217175874e+01
4.185354951631782683e+01
9.149980715352153737e+00
5.100263706893310456e+01
9.395180289126237483e+00
1.144987547634477387e+01
6.836506287256129966e+00
1.543308417029196811e+01
7.996517617324323091e+00
1.450463347990455176e+01
7.688685279446287879e+00
7.964814712459577173e+00
8.181297806011782470e+00
1.420345765800870730e+01
1.505882923817185670e+01
1.001369077571760613e+01
1.612316138068766236e+01
1.521778847929840417e+01
1.288625813004800058e+01
6.884311720707827043e+00
9.792632044446415662e+00
8.154049579665258562e+00
7.785239885947485838e+00
1.095170507178477948e+01
1.553050513689933609e+01
1.362219848290203572e+01
1.008092194174093592e+01
7.494956397981362706e+00
1.659802345704944671e+01
2.082979068306249815e+01
1.226444727312495964e+01
1.549116282097936548e+01
3.325408497217416937e+01
1.641187981356500103e+01
9.068236147233887934e+00
1.111235375146449300e+01
1.239307136913549101e+01
1.985251419706183640e+01
7.891914000833748055e+00
4.009300399809455939e+01
1.626254155433149506e+01
2.993767566369280431e+01
1.467770307985737333e+01
1.107831607714918221e+01
9.642539159437941265e+00
3.774475099511746379e+01
1.233081899036816154e+01
2.156335341612066969e+01
1.390954443775285476e+01
2.380598222249214757e+01
1.775746039182598324e+01
1.149723252843522481e+01
2.684980923057096547e+01
2.730517708067352345e+01
1.466321284975322925e+01
1.528081028438959876e+01
4.603354155297346040e+01
1.133804178710269994e+01
3.314382135989770717e+01
9.265668935346603519e+00
4.175107775730469228e+01
1.174932315600195132e+01
3.740964848557003819e+01
5.035584753985515505e+01
1.862272252927476401e+01
2.013882709487318934e+01
6.311163241929982348e+01
1.420045064244707866e+01
2.221198060630654325e+01
1.781964960115783114e+01
1.796875122964238969e+01
1.620570707533273946e+01
2.398875700859873561e+01
3.280874500580347330e+01
5.748917853584875282e+00
1.624617417882167203e+01
8.597559523953853144e+00
1.963295563327781323e+01
3.630855939109574848e+01
4.564546723739071155e+01
2.975880662345783279e+01
4.780012871456082735e+01
7.993552943936787614e+00
1.207204882019406611e+01
1.217827903070518580e+01
1.577186749771865237e+01
2.241132724805400755e+01
1.854790790705949988e+01
8.982084786880788485e+00
1.648680224394564320e+01
2.001693635772679869e+01
1.492275770577890093e+01
1.421212850005330175e+01
1.963541690399059902e+01
2.208179801929984265e+01
2.529506842592983418e+01
3.446734937822935763e+01
2.428212898267245023e+01
3.136383052543132166e+01
3.720225337127020993e+01
1.053778945042497739e+01
1.877154380389635335e+01
1.588693763034229534e+01
2.509128007420973461e+01
1.638188078757295685e+01
1.394572018050665285e+01
1.593554718152173599e+01
3.236335944097459816e+01
3.386111501510596611e+01
1.590494000972456767e+01
2.603257954775157756e+01
1.021085145749845680e+01
1.900049406082513670e+01
3.496975043693095131e+01
1.225989759527020695e+01
2.089403035736658154e+01
1.625427671894480142e+01
1.556701641372914047e+01
3.616382216938151117e+01
1.765591365442985960e+01
1.887401895520064343e+01
1.843605735536124612e+01
8.268861278477505294e+00
1.531007363660869380e+01
2.195660049159858929e+01
2.023711583094441124e+01
1.410411456566862043e+01
1.190957588902860032e+01
1.655981913238565184e+01
3.700571951825777717e+01
3.482495295275567315e+01
1.753589619336328198e+01
4.762185950628575881e+01
4.950808886414225896e+01
8.645471392440672531e+00
4.920453487628619627e+01
1.252554759398513440e+01
2.528300349180448592e+01
2.968233335745008361e+01
1.528372245333265056e+01
9.183229104031651602e+00
7.073347307691899744e+01
1.750146659004696659e+01
1.114327683619865894e+01
2.548956828386758389e+01
1.612481255674154923e+01
1.353161681394757743e+01
1.172889390064986337e+01
2.047215310041013581e+01
