3.439116339683532808e-01
9.413162541389465121e-02
9.377946996688843462e-02
9.367092418670654175e-02
9.340132617950439031e-02
9.374250769615173617e-02
9.336899828910827370e-02
9.312927293777466253e-02
9.309673547744751199e-02
9.314152836799621804e-02
9.323626208305359209e-02
9.327416658401489757e-02
9.309813117980957065e-02
9.310761499404907049e-02
9.320328998565673151e-02
9.308199930191039806e-02
9.314466142654419245e-02
9.320604848861693825e-02
9.310150694847106612e-02
9.315610575675964400e-02
9.316055321693419988e-02
9.331649613380432751e-02
9.317753100395202714e-02
9.312164616584778232e-02
9.325131082534790505e-02
9.324021077156066650e-02
9.318781161308288541e-02
9.330805993080139304e-02
9.318941092491149492e-02
9.326087546348571511e-02
9.328865981101990001e-02
9.329862117767334651e-02
9.334783601760864025e-02
9.333720779418945568e-02
9.333866214752196966e-02
9.335853314399719660e-02
9.341612815856933927e-02
9.337054133415222112e-02
9.332951545715331698e-02
9.338234543800354170e-02
9.331111836433410300e-02
9.332311224937439587e-02
9.341166996955871382e-02
9.338214755058288352e-02
9.366531085968017589e-02
9.342906498908996882e-02
9.325430297851562689e-02
9.325055885314940951e-02
9.342787742614745705e-02
9.337834334373473766e-02
9.339985513687133756e-02
9.339865422248840032e-02
9.339369034767150413e-02
9.348549461364745461e-02
9.339118790626525779e-02
9.336715674400329623e-02
9.337839102745056075e-02
9.338768053054809226e-02
9.334089779853821378e-02
9.348741650581360307e-02
9.339785242080687888e-02
9.339877033233642822e-02
9.346640276908874112e-02
9.343032956123352439e-02
9.357724189758301336e-02
9.369425845146178711e-02
9.361451673507691085e-02
9.354935884475708285e-02
9.349172616004944314e-02
9.360877466201782127e-02
9.354268145561218939e-02
9.348878264427185059e-02
9.352326440811156716e-02
9.356734514236450528e-02
9.356138777732848910e-02
9.358295512199402144e-02
9.363694715499877586e-02
9.349560856819152943e-02
9.368474268913269676e-02
9.356351161003112482e-02
9.368217945098876454e-02
9.372831273078918723e-02
9.359225249290466231e-02
9.355410647392273238e-02
9.349703502655029586e-02
9.362865614891052735e-02
9.356524276733398093e-02
9.344215178489685691e-02
9.352610993385314375e-02
9.355046963691711348e-02
9.351383233070373335e-02
9.361387038230896407e-02
9.351033234596252408e-02
9.360195970535278853e-02
9.357011437416076771e-02
9.353769254684447809e-02
9.357152462005614846e-02
9.381308960914612471e-02
9.372993779182434149e-02
9.382162070274352450e-02
9.365079259872435835e-02
9.369496560096740589e-02
9.355863332748412531e-02
9.366993665695190485e-02
9.362376189231871870e-02
9.373877930641173750e-02
9.359653735160827770e-02
9.372640967369079423e-02
9.356676673889159634e-02
9.369814467430115368e-02
9.380201864242553034e-02
9.378816533088683849e-02
9.378361248970032427e-02
9.364099979400634932e-02
9.361359548568726208e-02
9.368741369247436668e-02
9.387407755851745472e-02
9.394740700721740390e-02
9.368232679367065330e-02
9.370647883415221535e-02
9.369976353645324829e-02
9.362409281730652011e-02
9.371746897697448564e-02
9.370026183128356279e-02
9.380188226699828768e-02
9.360920095443725497e-02
9.372365856170654375e-02
9.388456344604492743e-02
9.390316271781921909e-02
9.386374664306640359e-02
9.382282137870788519e-02
9.384704685211181507e-02
9.386919808387755859e-02
9.396310091018676702e-02
9.409660840034485274e-02
9.397599267959594327e-02
9.389691710472107544e-02
9.376919722557067183e-02
9.387142229080200351e-02
9.392476511001586481e-02
9.388138961791991921e-02
9.390716862678527566e-02
9.390336298942565663e-02
9.400094747543334683e-02
9.383500742912292969e-02
9.387936043739318615e-02
9.403996300697327337e-02
9.390402221679687578e-02
9.403251123428345293e-02
9.403240132331848466e-02
9.392341876029967895e-02
9.411377406120299827e-02
9.401683807373047153e-02
9.405576252937317139e-02
9.403098917007446378e-02
9.377304220199585150e-02
9.403586435317992653e-02
9.408248424530028797e-02
9.402583098411559925e-02
9.395336341857910001e-02
9.414569020271301714e-02
9.399623274803162176e-02
9.390423965454101907e-02
9.390326261520386131e-02
9.388658618927002431e-02
9.396180129051208418e-02
9.390739250183105513e-02
9.394390153884887851e-02
9.392079901695250810e-02
9.393143820762633878e-02
9.383297014236449685e-02
9.388405799865723322e-02
9.406231594085692760e-02
9.410847663879394476e-02
9.413513112068176703e-02
9.386951065063477151e-02
9.403044080734253296e-02
9.397985363006591819e-02
9.388118338584899858e-02
9.397930669784546054e-02
9.403432941436767889e-02
9.392165160179137551e-02
9.395430445671081043e-02
9.397738075256348300e-02
9.406394720077514149e-02
9.403823804855346302e-02
9.397841310501098278e-02
9.401875519752501964e-02
9.407382440567016446e-02
9.405610799789428100e-02
9.404952144622802379e-02
9.397546553611754727e-02
9.405145692825317427e-02
9.405476236343383867e-02
9.402731680870056452e-02
9.405384612083435292e-02
9.416277956962584850e-02
9.417641448974609086e-02
9.410307002067565263e-02
9.412247395515441206e-02
9.415147018432616643e-02
9.405993056297302923e-02
9.406088805198668801e-02
9.412531924247741211e-02
9.406871247291564986e-02
9.421314144134521062e-02
9.413373398780822132e-02
9.409963440895080522e-02
9.424969482421874378e-02
9.418441486358643255e-02
9.417018604278563909e-02
9.442627096176146873e-02
9.408395743370055742e-02
9.419351863861083474e-02
9.415930485725403087e-02
9.421149706840514781e-02
9.407163572311401378e-02
9.415389490127563932e-02
9.416179490089417181e-02
9.421349382400512340e-02
9.425067567825316794e-02
9.426992511749267278e-02
9.463001155853272006e-02
9.429424071311950928e-02
9.421189403533936080e-02
9.430902028083801292e-02
9.405380773544311235e-02
9.428837847709656272e-02
9.423113274574279608e-02
9.416282749176024813e-02
9.422367644309997958e-02
9.432523202896117565e-02
9.432357859611510686e-02
9.430625224113464711e-02
9.433951115608214810e-02
9.433666944503783791e-02
9.434627461433410522e-02
9.421552896499633956e-02
9.439148235321044578e-02
9.435234642028808572e-02
9.436620330810546742e-02
9.431762695312499722e-02
9.430512738227844749e-02
9.449821400642395564e-02
9.454989933967590521e-02
9.435346245765685591e-02
9.425078010559082009e-02
9.432553482055663907e-02
9.444859004020690618e-02
9.435179710388183483e-02
9.436348962783813743e-02
9.446694493293762707e-02
9.448612833023070645e-02
9.450034618377685380e-02
9.452052068710327382e-02
9.444573807716369340e-02
9.432073831558226984e-02
9.440339350700378829e-02
9.441599106788635398e-02
9.456435847282410045e-02
9.454967904090881559e-02
9.467179536819457508e-02
9.461475515365599942e-02
9.454830622673034146e-02
9.456530380249023038e-02
9.455936455726624001e-02
9.457306027412414051e-02
9.453695178031921997e-02
9.454806661605834328e-02
9.471976828575134899e-02
9.447197699546813765e-02
9.453825378417968217e-02
9.442859959602356579e-02
9.456770110130309492e-02
9.459518337249755993e-02
9.467700457572937600e-02
9.457127428054809548e-02
9.462078857421875322e-02
9.459167695045471447e-02
9.462480330467223921e-02
9.459487700462340665e-02
9.465414285659790039e-02
9.494966125488281394e-02
9.482481145858764893e-02
9.472468161582946189e-02
9.467566061019896950e-02
9.489813446998596191e-02
9.476655721664428711e-02
9.477158761024474798e-02
9.453369331359863514e-02
9.455964946746826805e-02
9.455669617652892600e-02
9.459636330604553889e-02
9.459850788116455633e-02
9.461229109764099365e-02
9.469511246681212857e-02
9.463850402832031661e-02
9.466144537925720581e-02
9.465151619911194025e-02
9.469899988174437788e-02
9.468770027160644531e-02
9.477957916259766025e-02
9.470640182495117243e-02
9.476246786117553667e-02
9.469058394432067205e-02
9.465043210983276056e-02
9.477230763435363914e-02
9.465425133705139549e-02
9.474185729026794733e-02
9.462937903404235185e-02
9.486512207984924838e-02
9.467608690261840321e-02
9.481011748313904197e-02
9.482217836380005260e-02
9.475881910324096546e-02
9.480316352844238292e-02
9.492470669746398693e-02
9.491353297233581787e-02
9.479285597801208330e-02
9.477221584320068282e-02
9.487129378318787110e-02
9.497248315811157582e-02
9.478679132461548251e-02
9.492540740966796953e-02
9.497761774063109841e-02
9.481292057037353505e-02
9.481688261032104881e-02
9.483374834060669112e-02
9.489413213729858132e-02
9.486405038833618797e-02
9.479820108413695989e-02
9.484861159324646518e-02
9.496423268318175681e-02
9.516871023178100075e-02
9.481606197357177190e-02
9.489832949638367376e-02
9.477916502952575539e-02
9.481927585601807040e-02
9.507666468620300237e-02
9.501537799835205189e-02
9.502028131484985263e-02
9.478090405464172086e-02
9.489424562454223944e-02
9.492059803009032792e-02
9.494422578811645419e-02
9.499316096305847335e-02
9.513287138938904264e-02
9.508663749694824807e-02
9.506855893135070235e-02
9.503747677803039973e-02
9.500646924972534768e-02
9.484282636642456243e-02
9.496126651763915627e-02
9.502381777763366233e-02
9.492236423492431130e-02
9.492486429214477828e-02
9.509343361854552534e-02
9.492606735229491832e-02
9.502054643630981901e-02
9.520928215980530018e-02
9.505811595916748014e-02
9.491916751861571855e-02
9.496267366409301414e-02
9.505769491195678600e-02
9.509121894836425337e-02
9.508569574356079412e-02
9.497555208206176491e-02
9.500292491912841475e-02
9.501333618164062300e-02
9.508889484405518011e-02
9.505590772628784435e-02
9.513512682914733454e-02
9.506209492683410922e-02
9.509258341789245117e-02
9.517831778526306130e-02
9.508935260772705123e-02
9.512951374053954523e-02
9.525966691970824685e-02
9.513909029960632147e-02
9.518100261688232366e-02
9.516504502296448120e-02
9.529501008987427413e-02
9.515419244766235018e-02
9.513271427154540438e-02
9.508820438385010010e-02
9.503946828842163574e-02
9.500415229797362637e-02
9.505287981033325173e-02
9.514867568016052712e-02
9.509605312347411965e-02
9.515087628364563010e-02
9.509925556182861894e-02
9.514401698112487371e-02
9.512031674385071356e-02
9.501699256896972701e-02
9.512076282501220892e-02
9.513998460769652887e-02
9.525138664245605402e-02
9.517859053611756048e-02
9.523211193084717141e-02
9.520221495628357344e-02
9.516431713104248069e-02
9.506445527076720636e-02
9.509806489944458430e-02
9.500416207313537587e-02
9.507075881958007568e-02
9.505478835105896085e-02
9.511124110221862160e-02
9.525124979019164440e-02
9.531792330741882535e-02
9.518062853813170909e-02
9.524065899848938033e-02
9.511760067939757646e-02
9.522226166725158980e-02
9.522107839584351141e-02
9.536052751541138073e-02
9.536007165908813588e-02
9.522963094711303644e-02
9.520185184478759111e-02
9.529680871963501498e-02
9.522698426246642422e-02
9.533317875862121205e-02
9.546903562545776267e-02
9.524860191345214944e-02
9.540871405601501765e-02
9.533092927932738936e-02
9.521777439117432018e-02
9.526436233520507724e-02
9.531932497024536710e-02
9.546120262145996183e-02
9.532046723365783514e-02
9.533828806877135686e-02
9.540720367431640425e-02
9.535144591331481956e-02
9.533261728286743231e-02
9.535484600067138661e-02
9.528933835029601562e-02
9.545126271247864058e-02
9.552600383758544367e-02
9.551838707923888949e-02
9.545063138008118286e-02
9.546181678771972767e-02
9.551620101928710860e-02
9.544575738906860285e-02
9.542473435401915838e-02
9.550820636749267345e-02
9.575278949737549283e-02
9.564763402938843140e-02
9.559075498580932306e-02
9.551465487480163830e-02
9.554521131515503196e-02
9.549673342704773082e-02
9.547836565971375145e-02
9.546283888816833874e-02
9.547276687622070768e-02
9.541497826576232633e-02
9.552442479133606279e-02
9.549605894088744606e-02
9.547923874855041015e-02
9.566636657714844283e-02
9.562849307060242166e-02
9.562707757949828746e-02
9.555898642539978338e-02
9.553547787666320790e-02
9.551430344581604559e-02
9.552802658081054055e-02
9.553598141670227584e-02
9.552657103538512995e-02
9.554135465621947654e-02
9.565290737152098988e-02
9.570320582389831021e-02
9.559354114532470081e-02
9.561134147644043124e-02
9.559807538986206388e-02
9.557831382751465210e-02
9.569878911972046209e-02
9.579563736915588934e-02
9.570184278488158558e-02
9.571004557609558150e-02
9.569414615631104126e-02
9.577658176422118586e-02
9.574956083297729570e-02
9.575108480453491111e-02
9.568782329559326338e-02
9.569319200515746804e-02
9.563754248619080189e-02
9.580287241935729614e-02
9.571545076370238658e-02
9.562466239929198752e-02
9.564347815513610240e-02
9.569549393653870029e-02
9.598596310615539751e-02
9.564482140541076538e-02
9.564273858070374001e-02
9.574336075782775846e-02
9.573385787010192660e-02
9.569737744331359430e-02
9.575728082656860540e-02
9.575826835632324230e-02
9.577968668937683616e-02
9.574016833305358520e-02
9.589097857475280262e-02
9.587835597991943570e-02
9.590558314323424649e-02
9.578196573257445612e-02
9.572837519645691073e-02
9.580382537841797275e-02
9.588966774940491100e-02
9.586273312568664717e-02
9.577703404426574085e-02
9.571667647361754849e-02
9.583739900588988947e-02
9.579087591171264737e-02
9.577503824234008534e-02
9.574029803276061512e-02
9.579735040664673351e-02
9.572671008110046620e-02
9.592215657234191839e-02
9.579667806625366544e-02
9.574531507492065052e-02
9.590107560157776212e-02
9.581462216377258090e-02
9.582555246353149925e-02
9.578052902221680098e-02
9.578537940979003906e-02
9.573926401138305176e-02
9.574751543998717696e-02
9.571371269226074119e-02
9.579740977287291848e-02
9.581046462059021607e-02
9.589312410354614014e-02
9.577595400810241799e-02
9.578434824943542203e-02
9.596049737930298362e-02
9.592401432991028154e-02
9.582472085952759011e-02
9.578561520576477084e-02
9.595012283325195235e-02
9.592532420158386697e-02
9.586375856399535766e-02
9.585067367553710971e-02
9.585282969474792636e-02
9.592061352729797097e-02
9.580924129486083352e-02
9.588559484481810891e-02
9.605924248695373036e-02
9.592620611190795510e-02
9.593063235282897616e-02
9.585853409767150501e-02
9.598756527900695334e-02
9.590906238555908792e-02
9.599062776565552013e-02
9.593450498580932684e-02
9.585411405563354359e-02
9.605639004707336448e-02
9.605041456222533636e-02
9.589371895790099742e-02
9.590097498893737638e-02
9.587374019622803278e-02
9.588909029960632213e-02
9.595339989662170221e-02
9.600975990295410045e-02
9.611029291152954623e-02
9.602879762649535467e-02
9.608434724807739247e-02
9.609806203842162498e-02
9.614205908775329268e-02
9.617846655845642412e-02
9.621374559402465221e-02
9.625778818130492631e-02
9.603492665290833119e-02
9.604510045051574407e-02
9.614748764038086315e-02
9.612706160545349265e-02
9.615960574150085594e-02
9.618793940544127785e-02
9.620381236076354370e-02
9.612002015113831066e-02
9.618091344833373801e-02
9.623287701606750288e-02
9.613170957565307650e-02
9.619692540168761630e-02
9.632965278625488237e-02
9.628055906295776567e-02
9.629779982566832874e-02
9.612086653709411843e-02
9.631089830398559259e-02
9.621556520462036521e-02
9.608678412437439420e-02
9.618623161315917325e-02
9.615410161018371482e-02
9.641200113296509444e-02
9.628715229034423562e-02
9.625843596458434626e-02
9.638243675231933372e-02
9.626473689079284579e-02
9.637894678115845049e-02
9.629018497467041471e-02
9.638369917869567260e-02
9.634672808647155862e-02
9.636537861824036322e-02
9.619570326805114424e-02
9.625851058959961071e-02
9.695633006095885631e-02
9.625093865394591941e-02
9.616184043884277999e-02
9.624674177169799394e-02
9.632683467864990023e-02
9.635749244689940929e-02
9.632006359100342419e-02
9.634566831588745051e-02
9.629870200157165938e-02
9.623998618125916005e-02
9.634782290458679399e-02
9.648273825645446722e-02
9.643809127807617676e-02
9.627130603790283458e-02
9.640819883346557484e-02
9.634721541404724088e-02
9.639860582351685026e-02
9.651300024986267379e-02
9.641700267791747381e-02
9.631552243232727184e-02
9.638632631301879972e-02
9.635366439819335882e-02
9.652185225486754894e-02
9.648455739021301325e-02
9.646091675758361461e-02
9.654085016250610329e-02
9.660031676292418767e-02
9.646037149429320667e-02
9.627867174148559137e-02
9.641971850395202048e-02
9.651326131820678333e-02
9.646900272369385299e-02
9.643601846694946356e-02
9.637186765670775757e-02
9.642373657226561978e-02
9.676143169403075839e-02
9.665057134628296520e-02
9.646331548690795232e-02
9.671011352539062023e-02
9.675564551353454945e-02
9.651878619194030617e-02
9.647495198249816939e-02
9.645078969001770475e-02
9.648258614540100586e-02
9.652924680709838723e-02
9.653661441802978416e-02
9.650636506080627341e-02
9.652504825592041204e-02
9.659251165390014826e-02
9.664222860336303678e-02
9.657387804985045898e-02
9.653792786598205944e-02
9.653169608116149436e-02
9.669468879699706643e-02
9.661914086341857888e-02
9.655624842643738270e-02
9.662208390235900446e-02
9.660894441604614413e-02
9.663536095619201793e-02
9.661147499084472845e-02
9.653145480155944647e-02
9.661736345291137285e-02
9.660565257072448175e-02
9.665913486480712247e-02
9.655289077758788530e-02
9.658708071708679843e-02
9.650017714500427890e-02
9.667511224746704046e-02
9.665251255035400835e-02
9.665082454681396540e-02
9.661150169372557939e-02
9.658278107643127053e-02
9.662850475311279830e-02
9.669205212593078025e-02
9.656590151786803577e-02
9.652628827095031949e-02
9.668524861335754672e-02
9.665857625007628906e-02
9.669415068626403820e-02
9.677051186561584639e-02
9.669094276428222279e-02
9.663221311569214489e-02
9.660087990760803101e-02
9.670443725585937955e-02
9.670188379287719682e-02
9.671890449523926070e-02
9.678409147262573287e-02
9.684699821472167458e-02
9.670953011512756214e-02
9.671117401123047186e-02
9.662926220893859608e-02
9.678396916389465920e-02
9.661565589904784479e-02
9.673300909996032648e-02
9.662474560737609186e-02
9.671739959716796342e-02
9.676036334037781128e-02
9.675997352600097801e-02
9.672899031639099754e-02
9.680041432380676047e-02
9.666097497940064065e-02
9.659126162528991477e-02
9.661845803260803167e-02
9.671441388130187777e-02
9.679546117782593384e-02
9.667817664146423351e-02
9.660406517982482455e-02
9.666333365440368808e-02
9.666096496582031461e-02
9.684602189064026034e-02
9.688949584960937500e-02
9.686781167984008512e-02
9.679788208007812644e-02
9.678048634529114180e-02
9.665381407737731745e-02
9.687823224067687589e-02
9.685306119918822565e-02
9.673313665390013971e-02
9.668236088752746316e-02
9.674974250793456909e-02
9.667996883392333818e-02
9.676918387413024902e-02
9.667101764678955045e-02
9.678581023216246970e-02
9.679807090759277866e-02
9.683242535591125855e-02
9.677579951286316429e-02
9.685544657707213789e-02
9.697499752044677623e-02
9.677026987075805498e-02
9.665617322921753185e-02
9.683578824996948164e-02
9.681274461746215698e-02
9.676362061500549949e-02
9.679081535339355280e-02
9.673779582977294622e-02
9.679706478118896285e-02
9.681184720993042669e-02
9.694677805900574208e-02
9.684443831443786954e-02
9.689368915557861062e-02
9.681407141685485773e-02
9.679155755043029885e-02
9.693222045898437778e-02
9.682924652099608731e-02
9.687655043601989258e-02
9.677305531501770308e-02
9.690057992935180442e-02
9.697166705131531061e-02
9.687129855155944547e-02
9.686917352676391313e-02
