1.496106893815842795e+02
1.282836174575565735e+02
1.460975522476291530e+02
1.565304911870142348e+02
1.470164292380236475e+02
1.391407071020696264e+02
1.381277117611218728e+02
1.266568649791836663e+02
1.207783246524222136e+02
1.238864101809296585e+02
1.290509225059294351e+02
1.196962040140435022e+02
1.020545710121478180e+02
1.249761438089201278e+02
1.124636518364005298e+02
8.501392846089360944e+01
7.485970389892887056e+01
7.596531281710224448e+01
9.713054578443448861e+01
9.018352572584556981e+01
1.112280749014185375e+02
9.072175398508599642e+01
8.733612996469187806e+01
8.755053474827967364e+01
4.609831339819180585e+01
9.584708192362326429e+01
3.749346401653575356e+01
5.549236279713356623e+01
6.719050635741092492e+01
5.172426278981115644e+01
7.367439687277421001e+01
3.346452085057501336e+01
3.079852830471861935e+01
2.421210125991186146e+01
2.773561422021452216e+01
2.884837900214665041e+01
1.595549561507038483e+01
1.938331206758688907e+01
1.810438669466616801e+01
4.806606091134014491e+01
2.347666797179454079e+01
1.967050368097634916e+01
1.916299155620981409e+01
1.051648404978777585e+01
2.916293630737173359e+01
1.248806912011062309e+01
3.158569889037735479e+01
1.892195276521817249e+01
1.544972253568663945e+01
2.636849994136719388e+01
2.023950455264967019e+01
1.324750681364527338e+01
1.534791986045533640e+01
1.651089243543962226e+01
1.363699674716839105e+01
2.055733037289242304e+01
9.772888219407576571e+00
1.338742735725561950e+01
1.249904174263374479e+01
1.353054192915081977e+01
1.147951438620281372e+01
1.075144798373755073e+01
1.961424735579122114e+01
1.031013459856482761e+01
2.019917094186712703e+01
1.256982905492824187e+01
1.224532088994578771e+01
1.010288455079460057e+01
9.831016791124811860e+00
1.358648661420462211e+01
1.771348614552356437e+01
1.217912117915087045e+01
1.238458093020027562e+01
1.491420495221584019e+01
1.699652840133976639e+01
1.242757817823363098e+01
7.258946772518139134e+00
9.621840530714989015e+00
9.697138291320708703e+00
1.272372750517897799e+01
1.162864132519996829e+01
1.766674220908650739e+01
1.083063122847648430e+01
1.094546071986368396e+01
1.529475923658297809e+01
2.140806728025238570e+01
1.003163436023303134e+01
8.448227984778501565e+00
1.245785426779955607e+01
8.563761482363826616e+00
1.204749438572017084e+01
1.356990661934310971e+01
9.300751516754877102e+00
2.162377988305005871e+01
6.321430004656009238e+00
7.963108664070265519e+00
1.411740119777269520e+01
8.525080230484693544e+00
8.135993021895050248e+00
1.389619238432301707e+01
1.556633187414029607e+01
9.863401997817618394e+00
1.558138280054754254e+01
1.149469822215865911e+01
2.525314625077133712e+01
2.170226916471682799e+01
1.395886820834726372e+01
6.690180142445665723e+00
1.849233347374159919e+01
5.646476362908253499e+00
8.412025681449826209e+00
8.455505217834092591e+00
1.234644030119048352e+01
1.312743268816646136e+01
1.026171313193111700e+01
6.618632580156385892e+00
1.107124052162705219e+01
8.226661428090034534e+00
8.247261494939683857e+00
1.515468079077855634e+01
1.286391219171085254e+01
7.399731486822004989e+00
1.015187412831330604e+01
9.170525249359252840e+00
1.767217790567074687e+01
1.085398024759439117e+01
1.718447188499402145e+01
1.511810727192366244e+01
1.546891363927025154e+01
1.447013328942613164e+01
7.198581127434008131e+00
1.116857772780833180e+01
9.339835121899756842e+00
9.592551836952385003e+00
1.021681404373441282e+01
1.447762849160720400e+01
1.283439980043999107e+01
8.408835978185358329e+00
7.660119631284515229e+00
1.763023422394646644e+01
1.077535367563440261e+01
1.418153901476811818e+01
8.629220436985635345e+00
1.348179494863403072e+01
6.122369306088726759e+00
1.110201489874991765e+01
9.555172001032993023e+00
1.264342076518704872e+01
1.496880065722745279e+01
1.214640223648307682e+01
1.157835514026664825e+01
8.083217625333132261e+00
6.551190032884133707e+00
8.508331328308175401e+00
5.639073248004847549e+00
5.577688814637156156e+00
1.276474574201875178e+01
7.617975661043423941e+00
1.387521286688367539e+01
9.706688567983363214e+00
8.995790034524992151e+00
7.753029151626882332e+00
8.425005656989492664e+00
8.165716354764061435e+00
7.928126276765949498e+00
1.083579004552188252e+01
1.209975560343784018e+01
6.725379925772477563e+00
1.049589571283821421e+01
7.040757017731174017e+00
1.957769693806149647e+01
6.968623831536476132e+00
1.262974442208254011e+01
1.098957051467172263e+01
1.072711492983916415e+01
7.772861776488444008e+00
1.935263163621980453e+01
7.304111761351353316e+00
5.665745126397755627e+00
5.973514290396219728e+00
1.309459347270384555e+01
1.271407845639619083e+01
1.178981420405976266e+01
9.359378185805386607e+00
4.740375129046165092e+00
1.231349698095849199e+01
6.216108911190429964e+00
8.274010989021531870e+00
1.134453826955835787e+01
8.826445979086344096e+00
4.900874242605135933e+00
5.064787291287337290e+00
6.693919233197385132e+00
7.655709953622130470e+00
7.145887588746974828e+00
7.509645130791022360e+00
5.342428959184984727e+00
6.068330314767774958e+00
5.389842400983778425e+00
8.127458431125440086e+00
5.618095247360261446e+00
7.393780826179208177e+00
8.813434929903301907e+00
8.740739716215548682e+00
5.542424128705486730e+00
3.805516518443789131e+00
8.554268744891452059e+00
7.381313936461724623e+00
6.640826488189058630e+00
8.987769578771064971e+00
5.752305851899296663e+00
5.313939464335697416e+00
7.295509563105223805e+00
9.135467017732956663e+00
6.470341814325016649e+00
5.667512926221030867e+00
1.226019268620663993e+01
5.697569667080069955e+00
8.822450681764486546e+00
8.952542044044452751e+00
4.951153279248962313e+00
5.822219004236923290e+00
6.281628347051840144e+00
7.033784097199698770e+00
4.551613528626206495e+00
4.126138858370147489e+00
1.150492055196401964e+01
1.241760944595712601e+01
5.538322869466643539e+00
7.468596291364081985e+00
1.039374738382721652e+01
4.328018961845058854e+00
5.790502446357046473e+00
1.188947067083248221e+01
9.405559101102475950e+00
6.640579342637598970e+00
6.671580710448730578e+00
5.410256772774884482e+00
5.390133122030090540e+00
5.974283280055742829e+00
7.640777013462343170e+00
5.780381899901033016e+00
4.840860222204309338e+00
7.001124667522713452e+00
4.021194778836764350e+00
7.163866222444529974e+00
4.322125747178963806e+00
4.611491493722430057e+00
4.065001258290745767e+00
8.952287803155204671e+00
3.682733728866674827e+00
8.000611803077358530e+00
8.865342070447320921e+00
8.103420947998554169e+00
8.406631340242528339e+00
5.524010773820330122e+00
7.743063362650075554e+00
6.020633237883375344e+00
4.853026855637733838e+00
5.192477962222232790e+00
4.359878483806113536e+00
7.536429602696942176e+00
3.885951767386578215e+00
5.412548992237034007e+00
5.965045802553250454e+00
7.110370927861544565e+00
6.629756075318208097e+00
1.137541810505755357e+01
6.220802496903863776e+00
4.533059044072112798e+00
4.211920624612417896e+00
5.790315670803108716e+00
7.131718564807685290e+00
3.460175249121106855e+00
1.059905496367799671e+01
3.717521875337546078e+00
5.464364463021406770e+00
6.118570746455092468e+00
5.791573696506746138e+00
6.130321733601022949e+00
1.612749197613083041e+01
4.075422574089326844e+00
5.824599073481313560e+00
3.554812357290620728e+00
4.530767372851137509e+00
4.229565138589676643e+00
4.730307223130409966e+00
4.078435883659394356e+00
7.406195504904423466e+00
3.316323020924840659e+00
3.195205740427125463e+00
5.222811865993383762e+00
4.032097346217267564e+00
5.336701091860551749e+00
7.527837659983257268e+00
9.117196852022031450e+00
6.538452406863241251e+00
6.008956723631345476e+00
6.267573941910667301e+00
5.023299740823508053e+00
1.040679638678849095e+01
6.999441011416474900e+00
4.540421462845564804e+00
7.649871948145738898e+00
9.928959756674961667e+00
5.454595965531661150e+00
3.908334459935730809e+00
8.359984145148805723e+00
3.780434930836648721e+00
1.128856065025756550e+01
5.747250086314038775e+00
7.128342141127517628e+00
4.814597713330037720e+00
4.580463784854678089e+00
5.533220911117743057e+00
9.231237681220930469e+00
7.854487760620854075e+00
5.644417356440611933e+00
4.717923674366198306e+00
4.178546913033561516e+00
7.443011593324856179e+00
3.843535998290632083e+00
4.588489605526367754e+00
6.057792584586144002e+00
6.811609172101737997e+00
6.122616274349077514e+00
5.405312254575038722e+00
3.525636112095902774e+00
5.000893656020715561e+00
4.903737781012496022e+00
1.015373325697270523e+01
4.377042930005719867e+00
3.353270151143338040e+00
6.728829396702160182e+00
5.164239423968290055e+00
1.112262852067034480e+01
5.695704640084811032e+00
5.599751978623137560e+00
5.468874213228413161e+00
4.334669251391789047e+00
7.497616674744637777e+00
2.901839527142428654e+00
6.321593863450646111e+00
4.260285226077360043e+00
3.111840511394177611e+00
4.166728514450884546e+00
7.402600409894234623e+00
8.559153669317565161e+00
9.220865421108195292e+00
5.047242406509591994e+00
7.839557473038065716e+00
4.452421798189748259e+00
9.875760024247369984e+00
9.270612917308577394e+00
8.851560383491625217e+00
3.487311479245405632e+00
8.754482404729358791e+00
1.334791224346355420e+01
8.933929961400107089e+00
4.134706108660904711e+00
3.645182384097688466e+00
3.347918815773029966e+00
3.419533649425144262e+00
7.942867628031321736e+00
5.447700702980974086e+00
2.981061016897477156e+00
3.146636286148175365e+00
8.826842330627327371e+00
4.082546727783110008e+00
8.791791892111428197e+00
6.810144834176420581e+00
6.152167480433043067e+00
6.925586811938686083e+00
6.015641338343949762e+00
5.848513924687416043e+00
4.194434286284141500e+00
1.046123380107970213e+01
5.139786256436539524e+00
7.153830440318330375e+00
5.874966523964820553e+00
4.559881089952188660e+00
4.927604625382103976e+00
3.860521384512940024e+00
6.046203542656943597e+00
6.932743943491214367e+00
4.378974827729397390e+00
3.669382747501930275e+00
3.020011143409103038e+00
4.247564167677295721e+00
4.204737136643593942e+00
9.161811919584435415e+00
3.968383040731293665e+00
2.888531804397961089e+00
4.238382944625884718e+00
5.577222349750553754e+00
3.154302936063503093e+00
4.134986158808314549e+00
4.336110902570275094e+00
8.167996479722519965e+00
3.665376208413780645e+00
5.775107901682790867e+00
5.767864466572730997e+00
6.477762502064851269e+00
4.306838830402862861e+00
5.493891146934424263e+00
4.765410410271591068e+00
7.245828149301567933e+00
3.654805391206055631e+00
8.504429543851978579e+00
5.218714834845826545e+00
3.712793150755845151e+00
7.619614588318674997e+00
6.657629494262912395e+00
5.500364511253116540e+00
3.941904236829194552e+00
4.114287152205791998e+00
5.850703970842669577e+00
4.599604118303786571e+00
4.704379946287331471e+00
5.882198579287450713e+00
3.828059772105593339e+00
4.864189368448570860e+00
4.353708947433791110e+00
4.459088477910193582e+00
7.756191410878167325e+00
6.151097864021283002e+00
6.387784904282752585e+00
8.606972498518961956e+00
4.506888762565150586e+00
4.874857591943539070e+00
3.899727709131116438e+00
3.380171274870019005e+00
7.006071433662749648e+00
7.106819269413976237e+00
8.680954964025046294e+00
5.308821221496386578e+00
6.094024689547782536e+00
8.787650672284208042e+00
4.641950464648522789e+00
6.105163050575153072e+00
4.657970016179342920e+00
2.971051895101409102e+00
9.195580548340542393e+00
5.724525307328734769e+00
5.735694639287004293e+00
8.498955853030528473e+00
5.372534484620197226e+00
5.441169819473358871e+00
5.799613722141462091e+00
7.998363395639145779e+00
6.271165992997801197e+00
7.072685883220949599e+00
1.178273851896159030e+01
9.404396815537422682e+00
8.215551092876783201e+00
6.129481213102467407e+00
3.739477224601744698e+00
7.391099978191901343e+00
1.076328510898094848e+01
3.526817786963023060e+00
5.725932129242444546e+00
3.570110876868197725e+00
1.716771048270223687e+01
1.273128669560133375e+01
5.077857468151811382e+00
4.866403670512998048e+00
1.264534355999525239e+01
8.713605437308888924e+00
4.437947417842861064e+00
6.484051127309389706e+00
8.540450250532229504e+00
4.501288865745618928e+00
5.839003478634964495e+00
3.499054957272945465e+00
4.122955195552624019e+00
2.876763073669520221e+00
4.336248219392728309e+00
1.011620502201732563e+01
6.975705217882890885e+00
3.980407264599156836e+00
8.119758757377800507e+00
5.142028091414656110e+00
6.951915971540485017e+00
7.656316744081420822e+00
6.626408064198312964e+00
1.027581914144709430e+01
4.730796986467172616e+00
5.656084839023805877e+00
4.451691160371411549e+00
4.164867785585976812e+00
5.169885617518291454e+00
4.840458238268656288e+00
7.297958442182032712e+00
3.287353972364919663e+00
5.439236030468333816e+00
6.787690366301062816e+00
1.306829334587070868e+01
7.301122745710606488e+00
4.402119573765866711e+00
8.596178384106151427e+00
3.599144266056708563e+00
3.509417834769902989e+00
7.342799672803318245e+00
4.591487094200452646e+00
5.240900134111512010e+00
6.749655209911102460e+00
5.133527850754981081e+00
9.481211696285827273e+00
6.579374729844156278e+00
6.886269234032881492e+00
6.492648406761638569e+00
4.456488448903167310e+00
4.192813318884976326e+00
4.770377107055754351e+00
1.307830087598479096e+01
3.326779555806299360e+00
4.967756399785615784e+00
3.239134021746946868e+00
4.628438479936233918e+00
5.609008818940136365e+00
6.072407962015716976e+00
5.442837708269776975e+00
4.417162643186652637e+00
1.124430268946978906e+01
4.915828055676275454e+00
7.370468333473501943e+00
1.537461195709620299e+01
6.865520255907775038e+00
7.296867756317651832e+00
6.194536972910965389e+00
3.544035844885789821e+00
3.432204582700295603e+00
6.056298748890605488e+00
3.795869116935523202e+00
7.001274080574391157e+00
5.316519633407587264e+00
6.817064939462627038e+00
1.018234881315304641e+01
1.464299470862045105e+01
4.204536205462360954e+00
3.370981176869935592e+00
4.978461921391539313e+00
8.311494790503218155e+00
6.172323459691082981e+00
8.239230858402756041e+00
4.506106483918983052e+00
9.144944983295383523e+00
4.990452072687618035e+00
4.811679146276605756e+00
6.794651850708359753e+00
1.127587318833255203e+01
3.359483183403226825e+00
3.554839043427719059e+00
2.976479059706115926e+00
5.488345059030460327e+00
3.510897958553630183e+00
4.230199924213120077e+00
3.601540160507303856e+00
1.093339380081888912e+01
1.158631607003700026e+01
7.520717079012772643e+00
5.488391165744438638e+00
7.186922732522680768e+00
1.573686193590823912e+01
8.940507946411425877e+00
5.862228883141122004e+00
6.514276016185913676e+00
5.053275083788919986e+00
4.133793819820795079e+00
8.156579856334483125e+00
5.525867277063979621e+00
3.237468267288186929e+00
8.544005345303002485e+00
8.350407270047751851e+00
9.704077933275545575e+00
3.803365738656298234e+00
3.850756258566558898e+00
5.108643174811986931e+00
1.025747106012056875e+01
6.115082240026038285e+00
7.140443339613994134e+00
3.728719812655467258e+00
4.751829725985697195e+00
5.875517673313827238e+00
4.866426958638112588e+00
6.310277204630931891e+00
6.015776447522406478e+00
5.731647139437420435e+00
3.753356833934418102e+00
6.682497643929380615e+00
5.142638487145495318e+00
6.763132105523014914e+00
6.203902242050080673e+00
4.445794753810003996e+00
6.921396379602846594e+00
2.544944735127749436e+00
8.665081503908417915e+00
4.246892079855118851e+00
3.660312935360618969e+00
6.818930568241138523e+00
4.946831932354076145e+00
4.676430334877235140e+00
2.824644942918456358e+00
5.394113643352278942e+00
5.836410303409748757e+00
4.224765709603891750e+00
7.386909361605582980e+00
4.511385450870182723e+00
4.037071532542106489e+00
5.351759258992774271e+00
4.838179896682839320e+00
4.297180938540068773e+00
5.897443409074845988e+00
4.975988506557193602e+00
2.933498030492297737e+00
4.641749063965271205e+00
9.386725037376598024e+00
3.639307180967927380e+00
5.859776556981745266e+00
4.996436044012967592e+00
9.952991565934068419e+00
4.933413445182623036e+00
5.980228425803283621e+00
3.712687700442979022e+00
1.218371988772422299e+01
9.474769218461267073e+00
4.324612456411886185e+00
3.378091547904086500e+00
3.298830796673709820e+00
8.329713665577282100e+00
1.129178324254585775e+01
7.514625687459740355e+00
6.513243724918015509e+00
6.427870249184332252e+00
8.877036857526718450e+00
9.199825508145977437e+00
4.401864437185018630e+00
4.879436244965721592e+00
3.855520971210450121e+00
1.020616233163868358e+01
7.571268777900753477e+00
2.731387154559685282e+00
3.549618283596059243e+00
7.711105263128558818e+00
8.836305543403787155e+00
5.048245865866186399e+00
2.718131413142535369e+00
9.116027076899966275e+00
6.351559784635816719e+00
2.778989981015838939e+00
8.530747891605940936e+00
3.337095228448566875e+00
4.590415180777404736e+00
3.537873156283287468e+00
6.957303185547433877e+00
3.943615972278382120e+00
4.659084289429212156e+00
3.188202086188955064e+00
3.001193039773572657e+00
9.775985137490106780e+00
4.756581411728205033e+00
3.378739987260360067e+00
1.018917276802076444e+01
1.366416510116170357e+01
3.964206572369004977e+00
6.028060787749158322e+00
3.344617038961001931e+00
3.204130332873680764e+00
6.694082356079020357e+00
5.074705336864568928e+00
5.971611213484571579e+00
4.366209647015848461e+00
4.470539651679934501e+00
4.159137387050107826e+00
8.757761507370533494e+00
6.369705104939969331e+00
3.741368291075194197e+00
1.581555623089401230e+01
6.792181997924120473e+00
3.424925317729174079e+00
8.678329505482306416e+00
4.853401523396524198e+00
6.502719281868571954e+00
4.689432792015950646e+00
1.418030026703490520e+01
2.360082560348392366e+00
5.243652992198687635e+00
4.354228614786073592e+00
4.990558383818033406e+00
8.906947860310502563e+00
3.564980005103441929e+00
4.310415423697333104e+00
9.410508872315945794e+00
8.516274423022464291e+00
1.388881373845338807e+01
4.044252117410652048e+00
6.979345268162277627e+00
3.049522692516132061e+00
8.725088118701716411e+00
8.002967019623348222e+00
3.255748726151879158e+00
2.546933002952016523e+01
5.569996943850848758e+00
4.505122853469264221e+00
7.791563763341104121e+00
3.436408638359693235e+00
4.594700243224161262e+00
7.114240161134080864e+00
4.113085196431798707e+00
9.157169789000016991e+00
4.664528894366445577e+00
6.863520522653110412e+00
2.259586804189449794e+01
7.164822300999159843e+00
6.022177623352209075e+00
2.483494836945443041e+00
3.103151546299934171e+00
9.090446974222240684e+00
6.938633514347208653e+00
1.020269680860686279e+01
7.459045018557633355e+00
5.482580133152884727e+00
1.120685061301322349e+01
8.076022967197280522e+00
7.375019952061171224e+00
5.536857486849457111e+00
3.417208063330164691e+00
8.886798734222784546e+00
5.050796887557178039e+00
6.099298089081802487e+00
9.651684974163881492e+00
4.555442648850628551e+00
8.202306348460636443e+00
6.817631401883684106e+00
1.103469049309260619e+01
1.199869241288440413e+01
6.836571269098733694e+00
3.946152314010491935e+00
4.990369720907145812e+00
5.586100570336711257e+00
1.007998617172345490e+01
4.716283216305585668e+00
6.781446035562686880e+00
4.590220576842862776e+00
5.547246672914157628e+00
1.670489929108351035e+01
4.722944486220876925e+00
4.623885506490515773e+00
1.009222949080755072e+01
3.679887569268549985e+00
4.501444371468489969e+00
7.950159857568222854e+00
6.184139421666891678e+00
3.919270450426164842e+00
8.396001750993251633e+00
7.290745562295258608e+00
5.537833830283442893e+00
6.780148466241723071e+00
1.116599201586906354e+01
6.894492192380720752e+00
4.348850827404916686e+00
9.767522293754087315e+00
1.116968242616650819e+01
7.716828186797657807e+00
7.563789461185452367e+00
4.989205431997736362e+00
4.443512982122115318e+00
6.458261578182010965e+00
1.113424427731907329e+01
1.539843275899349706e+01
1.068757325952231163e+01
5.253293209067814828e+00
4.521010029820135223e+00
5.569098299497468041e+00
3.137810838395775903e+00
1.260735708307026037e+01
3.285959544945780131e+00
1.080505002752041754e+01
4.855844112662460077e+00
8.874360036763539128e+00
4.651277044076516987e+00
5.177593112498668937e+00
5.201803444216104744e+00
7.253848366034056028e+00
5.979418850175943767e+00
4.548752304693501891e+00
5.770905362389621374e+00
1.064550576029225049e+01
3.491475121589561859e+00
4.801927877453281646e+00
7.370497093724059035e+00
5.073533356712155218e+00
1.408655639747955490e+01
1.590953938685461644e+01
1.181777883120330763e+01
6.152308050321483535e+00
8.999268125463114387e+00
9.278131445442221903e+00
6.525863722425566671e+00
6.164973777638292241e+00
1.695047853235258373e+01
1.723152299902632478e+01
2.407324020804604814e+01
7.012351875017433400e+00
6.853563267250272872e+00
2.738774471781223685e+00
4.740860742494938940e+00
8.948366663840209512e+00
5.411447395751121547e+00
1.506372574058233482e+01
6.638565466009833216e+00
4.272751207546508390e+00
3.725179590648961980e+00
4.952668667012112280e+00
4.324604672426057839e+00
8.624183163432027399e+00
1.094622406666598735e+01
4.609581295121950362e+00
1.514383856304417009e+01
2.215694986214345974e+01
6.302976638466016190e+00
7.525418457602730982e+00
4.835468530622923922e+00
5.743174214394451305e+00
6.902207015166667681e+00
6.446443130683061185e+00
7.510561212290100208e+00
6.286165031996489461e+00
6.032353987570377107e+00
5.139215253097046521e+00
4.711258494981517053e+00
4.814460031691063513e+00
8.915559101421330013e+00
4.550579886684517739e+00
1.732920378691311214e+01
2.397446858941046699e+01
7.034664087080145123e+00
1.071007480216665719e+01
3.351845849173517689e+00
4.365363543209364039e+00
7.465987226740419480e+00
6.652292593731060855e+00
4.680607833057242040e+00
3.834756643561882505e+00
7.465191830341563417e+00
1.029594217827698621e+01
6.474397209557877453e+00
1.165923629855515209e+01
3.466064940658528659e+00
4.587233192498323398e+00
1.018575575506960895e+01
4.915902027386612083e+00
6.675987729569761164e+00
5.056941161910262217e+00
3.360857851466517943e+00
4.108543253458403655e+00
6.175967857900741542e+00
4.990162721559086911e+00
4.487054978343490319e+00
5.237225209821130711e+00
1.290680149105081931e+01
4.617239330817956677e+00
2.292089957035646819e+01
4.903301880901014265e+00
1.032760461880634040e+01
3.723634316259993859e+00
6.860207080528597068e+00
6.174297955636482982e+00
3.797529642992643506e+00
4.136357102963957644e+00
3.680846308274463130e+00
1.057453354427908820e+01
6.378113938956490259e+00
6.691189272952659195e+00
5.576043554742667219e+00
3.026378102276871207e+00
3.770221847929049019e+00
5.148294685610019350e+00
4.180001150616767802e+00
9.242697413960698327e+00
7.691754688074293078e+00
1.146814939966558455e+01
3.047271827161178503e+00
1.110598001900848786e+01
6.590340903177760445e+00
3.808522236401156835e+00
4.047424826224908401e+00
3.719365249868381795e+00
1.487231753133684897e+01
4.596761930921241301e+00
5.177753047227121819e+00
3.320689465378074523e+00
5.320646135080269623e+00
7.304659688487691760e+00
1.606639415579912011e+01
8.333373870048060184e+00
6.272854204885661034e+00
9.120228487441641718e+00
1.908573697725577034e+01
4.473069977809086772e+00
3.935029477101493534e+00
1.831690602694473569e+01
6.161536310455789867e+00
4.733330914015409618e+00
4.002412215051852407e+00
1.762034634263572386e+01
4.719040982200231049e+00
6.736527486201815407e+00
7.708066487957075275e+00
4.273103640446520579e+00
5.821957169842705504e+00
5.918601499669743582e+00
1.537586026001831385e+01
2.807565814178761610e+00
4.840783602442844114e+00
6.996547835548079242e+00
1.019167260494315386e+01
6.322298532155842921e+00
5.052275776616061087e+00
6.815465005045257207e+00
5.521869520319778069e+00
4.402399256461491106e+00
1.288018217958924261e+01
4.400498968927911037e+00
5.512012216874331294e+00
5.745195298558747332e+00
1.694558914053910925e+01
3.740221706133889157e+00
3.467194859045424238e+00
9.346252359893860273e+00
5.637405806157136823e+00
1.942835129152075169e+01
3.919543860612092256e+00
6.543387197045150927e+00
6.475019986079559864e+00
1.039583253647798777e+01
4.670621822744265295e+00
7.219242199017250172e+00
4.256466632422883478e+00
3.318768157561379883e+00
7.501542078524543022e+00
4.483823005662792127e+00
4.435500739179510710e+00
3.100253271618218953e+00
7.421491562663921293e+00
7.470033674971196191e+00
1.297013465089760054e+01
6.764464282566105879e+00
9.547251837936457264e+00
6.163961836639880509e+00
3.337057809387369289e+00
6.084661580880330156e+00
5.905144040000726235e+00
1.311239839702994736e+01
7.161042042252091733e+00
6.565764268710774232e+00
3.060413799408838731e+00
4.877524936319728610e+00
2.341479168379792242e+01
3.679463477324305565e+00
5.051344820599351415e+00
3.935374456034505641e+00
1.060328410819475309e+01
4.254610038259281524e+00
5.195321787198289520e+00
7.573946896799671258e+00
4.605483298471694020e+00
5.422352141184247465e+00
8.006079154453910718e+00
6.603641408792391587e+00
3.077088928220830244e+00
5.051355229267812774e+00
2.813239497480084950e+00
3.955205276225799871e+00
3.842655566305524406e+00
9.930321505241598956e+00
3.420267395548986844e+00
1.180940103007146114e+01
4.474404026509765764e+00
1.081893315065170746e+01
4.381042681870184197e+00
9.380464860852008258e+00
5.417574035300596336e+00
1.013733003922033049e+01
3.537220635444253691e+00
5.597496484520450899e+00
4.962831683347221023e+00
4.308141626728212437e+00
8.021764671319601803e+00
7.338213857645443206e+00
5.670152919055317042e+00
2.637422639471033836e+00
2.780421934024047026e+00
6.804705024233521193e+00
9.306306813447179138e+00
7.585943340721184924e+00
4.067444474877897065e+00
4.731454326532577248e+00
1.381895351352132195e+01
