2.095485584735870266e-01
3.036388921737670846e-02
2.973296928405761569e-02
2.915307068824768075e-02
2.915023088455200029e-02
2.918751740455627353e-02
2.933038735389709509e-02
2.934179401397704959e-02
2.924449157714843761e-02
2.942773079872131395e-02
2.939664649963378770e-02
2.915443229675292874e-02
2.924068117141723558e-02
2.943589591979980588e-02
2.929906940460205028e-02
2.915441703796386660e-02
2.941173839569091730e-02
2.948293781280517459e-02
2.924732089042663546e-02
2.969457840919494801e-02
2.956544613838195737e-02
2.953973007202148268e-02
2.928409957885742126e-02
2.959053635597229046e-02
2.979072141647338967e-02
2.938706350326538222e-02
2.985372376441955411e-02
2.987334108352661041e-02
2.957546544075012260e-02
2.968813562393188624e-02
2.965898156166076743e-02
2.965424656867981026e-02
2.953579592704773035e-02
2.982332086563110191e-02
2.943918967247009105e-02
2.978509926795959439e-02
2.994275712966918898e-02
3.003257369995117332e-02
2.980489897727966325e-02
3.029595398902893214e-02
2.967534685134887856e-02
2.994970703125000161e-02
2.995677971839904793e-02
2.956403684616088975e-02
2.985629343986511211e-02
2.994122433662414415e-02
2.989469456672668585e-02
2.968998694419860973e-02
2.945912480354308943e-02
3.001494121551513683e-02
3.046560263633727936e-02
3.019584727287292353e-02
2.941224265098571836e-02
3.033128666877746640e-02
3.018406915664672771e-02
3.009927248954772858e-02
3.009212231636047494e-02
3.039154577255248971e-02
3.023416566848755038e-02
3.019607043266296295e-02
2.998837709426879772e-02
3.027891039848327678e-02
2.999022936820983781e-02
3.026154780387878274e-02
3.054969120025634657e-02
2.974201607704162614e-02
3.026892304420471247e-02
2.994862771034240839e-02
3.045179724693298368e-02
3.043143773078918479e-02
3.043215823173522905e-02
3.031192493438720700e-02
3.006575393676757732e-02
3.052028465270996069e-02
3.041429924964904677e-02
2.997657036781311082e-02
2.958484768867492704e-02
3.010317969322204648e-02
3.020511007308960064e-02
3.050285887718200833e-02
3.052635288238525479e-02
3.063075304031372126e-02
3.031883645057678253e-02
3.012390398979187048e-02
3.021120810508727897e-02
3.072343611717224046e-02
2.998436117172241164e-02
3.052951931953430328e-02
3.049642586708068911e-02
3.029848670959472620e-02
3.082689642906188965e-02
3.032444715499877860e-02
3.090117287635803234e-02
3.067764830589294472e-02
3.037744212150573705e-02
3.048835229873657349e-02
3.069709300994873102e-02
3.058633208274841309e-02
3.049070715904235798e-02
3.068076014518737737e-02
3.067002916336059731e-02
3.027480387687683100e-02
3.060497808456420776e-02
3.068685340881347617e-02
3.035286188125610463e-02
3.051210880279540960e-02
2.975405097007751548e-02
3.011623978614806976e-02
3.043796873092651303e-02
3.034683966636657695e-02
3.058195519447326829e-02
3.017217159271240109e-02
3.012028527259826699e-02
2.979410600662231456e-02
2.956401991844177096e-02
2.889439010620117182e-02
2.968302154541015495e-02
3.025530958175659188e-02
3.032904529571533309e-02
3.041807985305786111e-02
3.066649270057678067e-02
3.032878470420837316e-02
3.013359427452087444e-02
2.999878811836242595e-02
2.989086985588073828e-02
3.013068771362304582e-02
2.936743855476379311e-02
2.999338746070861692e-02
3.012706089019775296e-02
2.958089041709899975e-02
3.014393210411071833e-02
3.007080388069152677e-02
3.020487499237060544e-02
3.021143794059753460e-02
3.006288003921508620e-02
2.968381357192993036e-02
3.020533132553100686e-02
2.989513969421386808e-02
2.954726934432983301e-02
3.013609242439270128e-02
3.015828967094421470e-02
3.041183996200561360e-02
3.016724538803100542e-02
2.986488366127014113e-02
2.996885490417480410e-02
3.017880392074584819e-02
3.004116892814636189e-02
3.002514243125915458e-02
3.007867598533630477e-02
2.988168931007385148e-02
2.979581785202026212e-02
2.897020149230956909e-02
2.998475360870361470e-02
2.977608013153076189e-02
2.950249266624450570e-02
2.960535740852356101e-02
2.994443202018737954e-02
2.989955139160156358e-02
3.002790594100952087e-02
2.982502913475036654e-02
2.975318288803100591e-02
2.950874948501586853e-02
2.978899502754211309e-02
3.011262226104736289e-02
3.002400279045104939e-02
2.973446536064148008e-02
2.966610670089721638e-02
2.957374286651611242e-02
2.973605275154113728e-02
3.010015916824340665e-02
3.024994587898254331e-02
2.987721633911132740e-02
3.032265567779541052e-02
3.013917922973632924e-02
3.036005163192748851e-02
2.940023016929626393e-02
2.995941877365112388e-02
2.984242081642150823e-02
2.879944252967834434e-02
2.915622448921203688e-02
3.023250889778137177e-02
3.006043457984924200e-02
2.989638590812683169e-02
2.979226994514465321e-02
3.006646060943603607e-02
2.962265753746032640e-02
3.000738501548767118e-02
2.999192833900451646e-02
2.984708976745605383e-02
2.980648303031921409e-02
2.997936725616455120e-02
3.011646842956542877e-02
3.010079789161682062e-02
2.921189332008361852e-02
2.944326877593994238e-02
3.018769335746765078e-02
3.003149819374084303e-02
2.900098991394042813e-02
2.996240520477294958e-02
3.014054918289184662e-02
3.024106264114380035e-02
3.025542664527892944e-02
3.016293835639953513e-02
3.016775035858154305e-02
3.009339284896850666e-02
2.929247283935546703e-02
2.995971369743347101e-02
2.981079530715942394e-02
3.008884072303771862e-02
2.995768451690673795e-02
2.984861993789672888e-02
3.008368563652038738e-02
2.978296351432800290e-02
2.964833593368530404e-02
2.937823224067687838e-02
2.990544509887695449e-02
2.984333443641662767e-02
2.974984669685363722e-02
2.951414465904235798e-02
2.991507196426391665e-02
2.957125401496887157e-02
2.939967226982116710e-02
2.939779186248779250e-02
2.948618841171264660e-02
2.928768992424011369e-02
2.945454168319702054e-02
2.980211734771728502e-02
3.005915021896362477e-02
3.000468158721923684e-02
2.992385458946228080e-02
2.993472862243652319e-02
2.988717889785766704e-02
2.979131269454956057e-02
2.979641938209533561e-02
2.981548881530761766e-02
2.980739235877990709e-02
2.977141523361205924e-02
2.990695714950561412e-02
3.006018614768981786e-02
2.988829708099365393e-02
2.949549484252929690e-02
2.954728651046752835e-02
3.003085017204284654e-02
2.951659131050109880e-02
3.002528357505798370e-02
3.014389324188232466e-02
2.989570617675781083e-02
2.987600946426391749e-02
2.997862315177917542e-02
2.968402624130249065e-02
2.999969768524169897e-02
3.001861906051635914e-02
2.959597563743591314e-02
2.990794301033020131e-02
2.989078664779663136e-02
3.028562855720520058e-02
3.006486034393310650e-02
3.009603381156921234e-02
3.042015767097473039e-02
3.012355041503906108e-02
2.985956597328185899e-02
3.014365029335022012e-02
2.997027564048767093e-02
3.033295845985412714e-02
3.019884514808654843e-02
3.026660442352294839e-02
3.024734497070312444e-02
2.991073465347290211e-02
2.997156310081481798e-02
3.021516871452331610e-02
3.021738624572753787e-02
3.018765687942505035e-02
3.041462993621826122e-02
3.000278878211974989e-02
3.019250226020812888e-02
2.996676325798034585e-02
3.020942187309265045e-02
3.035416221618652405e-02
3.025491070747375610e-02
3.017938637733459314e-02
2.985434818267822255e-02
3.005687570571899392e-02
2.991276955604553131e-02
3.019933366775512731e-02
3.032555055618285991e-02
3.030047917366027882e-02
3.056504106521606284e-02
3.049094200134277316e-02
3.030959343910217402e-02
3.004519677162170374e-02
3.056400251388549649e-02
3.021785688400268483e-02
3.025536346435546767e-02
3.000673937797546445e-02
3.044496440887451208e-02
3.057758212089538644e-02
3.021550965309142966e-02
3.034280538558959892e-02
3.043102240562439026e-02
3.026685810089111209e-02
3.064482808113098283e-02
3.050845003128051930e-02
3.065733051300048931e-02
3.015347504615783700e-02
2.965051507949829218e-02
2.887392067909240814e-02
2.994641733169555592e-02
3.064629745483398587e-02
3.036513519287109206e-02
3.040315151214599554e-02
3.048046064376831038e-02
3.050109934806823769e-02
3.067076015472412071e-02
3.064972949028015037e-02
3.103559446334838712e-02
3.108226680755615118e-02
3.098645925521850697e-02
3.038901591300964197e-02
3.107615113258361747e-02
3.078545403480529782e-02
3.054575395584106443e-02
3.092167043685913053e-02
3.098837041854858240e-02
3.088780117034911968e-02
3.022413182258605960e-02
3.071897125244140575e-02
3.075554466247558752e-02
3.104387474060058688e-02
3.102560019493103005e-02
3.079586911201476901e-02
3.098912096023559437e-02
3.029912567138672019e-02
3.095601677894592452e-02
3.079351115226745469e-02
3.078745460510253981e-02
3.120458889007568515e-02
3.085113382339477531e-02
3.113259696960449241e-02
3.098649597167968742e-02
3.093094158172607355e-02
3.099458289146423198e-02
3.125816130638122553e-02
3.094523096084594860e-02
3.092513990402221552e-02
3.081219267845153667e-02
3.124524331092834450e-02
3.102900576591491669e-02
3.061313343048095714e-02
3.102020359039306743e-02
3.112572693824768033e-02
3.083703494071960566e-02
3.094062590599060136e-02
3.089741301536559973e-02
3.099054598808288416e-02
3.066130805015563829e-02
3.042098331451415991e-02
3.114255499839782559e-02
3.111482930183410642e-02
3.118254518508910972e-02
3.102963185310363831e-02
3.060136532783508390e-02
3.139312505722045843e-02
3.137430906295776700e-02
3.109102892875671362e-02
3.076077175140380995e-02
3.098815274238586256e-02
3.074799799919128440e-02
3.121063280105590768e-02
3.093313860893249362e-02
3.104897642135620237e-02
3.113200235366821167e-02
3.125202536582946666e-02
3.118177103996276969e-02
3.080096411705017176e-02
3.077882075309753412e-02
3.114776325225829950e-02
3.141017484664916648e-02
3.115232110023498369e-02
3.082634329795837236e-02
3.130673623085022256e-02
3.120250868797302263e-02
3.104731893539428716e-02
3.078120970726013275e-02
3.011247420310974102e-02
3.108285593986511233e-02
3.113684821128845370e-02
3.127484917640686174e-02
3.109098982810973993e-02
3.112790966033935486e-02
3.109113526344299203e-02
3.089411664009094130e-02
3.133921623229980746e-02
3.101718688011169400e-02
3.139818978309631692e-02
3.155932283401489263e-02
3.096302318572997925e-02
3.104067921638488728e-02
3.123966741561889568e-02
3.121700358390808172e-02
3.115644502639770483e-02
3.054814791679382260e-02
3.123167371749878060e-02
3.083226490020752122e-02
3.110628700256347703e-02
3.132961058616638012e-02
3.121294498443603557e-02
3.128349208831786993e-02
3.122244501113891763e-02
3.113410592079162570e-02
3.104765200614929138e-02
3.129389142990112588e-02
3.139337086677550931e-02
3.086470890045165880e-02
3.105432677268981853e-02
3.168833875656128229e-02
3.151831817626953025e-02
3.144435906410217307e-02
3.128901743888855280e-02
3.161938905715942078e-02
3.138270235061645791e-02
3.168815255165099987e-02
3.135398149490356556e-02
3.028597760200500352e-02
3.114003610610962050e-02
3.099855208396911505e-02
3.137783145904540771e-02
3.127421212196350442e-02
3.147989940643310808e-02
3.161917853355407371e-02
3.179968023300171198e-02
3.154977273941039773e-02
3.162379765510558993e-02
3.107674288749694841e-02
3.088099098205566301e-02
3.156810665130615340e-02
3.134614229202270508e-02
3.149812150001525535e-02
3.172713470458984192e-02
3.149570941925048523e-02
3.137520122528076466e-02
3.145394611358642845e-02
3.161730957031250178e-02
3.175384879112243958e-02
3.140862989425659280e-02
3.168715095520019398e-02
3.153235769271850453e-02
3.157570815086364890e-02
3.165740895271301064e-02
3.174929356575012518e-02
3.152328538894653281e-02
3.150207614898681979e-02
3.141623663902282787e-02
3.183664226531982694e-02
3.137771725654601995e-02
3.150313448905944780e-02
3.169678711891174561e-02
3.164656567573547602e-02
3.162038493156433400e-02
3.143081903457641685e-02
3.180714750289916765e-02
3.208967375755310270e-02
3.154981899261474765e-02
3.156186246871948292e-02
3.188185477256774703e-02
3.176397252082825001e-02
3.171456766128540050e-02
3.164612054824829379e-02
3.168763065338135038e-02
3.251864767074585244e-02
3.199363207817077642e-02
3.157258129119872719e-02
3.172919058799743980e-02
3.208745145797729792e-02
3.211193037033081149e-02
3.199133419990539406e-02
3.186830830574035461e-02
3.232560563087463062e-02
3.187885546684265242e-02
3.195883679389953380e-02
3.180169248580932279e-02
3.247961401939392090e-02
3.212197995185851751e-02
3.195227217674255493e-02
3.190026593208312999e-02
3.228158521652221835e-02
3.095911693572998141e-02
3.165768980979919572e-02
3.181256604194641208e-02
3.175942420959472490e-02
3.197290396690368602e-02
3.200661373138427579e-02
3.189456295967101757e-02
3.190020298957824824e-02
3.186737108230591059e-02
3.176836299896240029e-02
3.143597412109375155e-02
3.223093008995055880e-02
3.207396626472473061e-02
3.222770166397094516e-02
3.188441467285156594e-02
3.194122314453125278e-02
3.239428687095641940e-02
3.188421201705932823e-02
3.214344143867492454e-02
3.250788331031799483e-02
3.200969958305358715e-02
3.187941861152648881e-02
3.227488970756530601e-02
3.199774670600891158e-02
3.222977352142333829e-02
3.238923215866088695e-02
3.206382417678833169e-02
3.202268218994140658e-02
3.212881064414978283e-02
3.212215876579284368e-02
3.218079471588134594e-02
3.242625665664673057e-02
3.178195858001708896e-02
