2.673212664127349592e-01
6.592308616638183072e-02
6.436206626892089500e-02
6.402259469032287043e-02
6.397938370704650546e-02
6.394118404388428323e-02
6.418561077117919400e-02
6.377524065971373890e-02
6.412415575981139648e-02
6.418337607383728383e-02
6.420464420318602872e-02
6.415449881553650369e-02
6.435964417457580578e-02
6.436884903907776068e-02
6.433678555488586692e-02
6.389875864982605402e-02
6.434112167358398138e-02
6.457945179939270086e-02
6.437321162223816340e-02
6.424254488945006780e-02
6.436909270286560181e-02
6.466041755676268932e-02
6.419709730148315252e-02
6.413041543960570912e-02
6.381538057327271196e-02
6.406142473220825806e-02
6.397774958610534524e-02
6.409661650657653975e-02
6.419704294204711670e-02
6.370956397056579124e-02
6.371640586853027921e-02
6.384460091590880848e-02
6.345249485969543801e-02
6.348528981208800825e-02
6.333618950843811213e-02
6.301137757301331077e-02
6.352996277809143388e-02
6.311546349525451460e-02
6.330156016349793024e-02
6.297866010665893743e-02
6.297815561294556330e-02
6.320664334297179665e-02
6.329945039749144964e-02
6.340335321426392168e-02
6.349743390083313621e-02
6.326309704780579135e-02
6.366995716094971114e-02
6.352757763862609819e-02
6.314022159576415660e-02
6.345406103134154652e-02
6.340004277229309426e-02
6.340084528923034535e-02
6.332909870147705733e-02
6.312253999710082386e-02
6.332770037651061501e-02
6.377345013618469782e-02
6.366081333160400479e-02
6.342327189445495783e-02
6.339430451393127108e-02
6.337247776985167891e-02
6.361721086502075684e-02
6.360889959335326582e-02
6.339253211021422807e-02
6.353095507621765725e-02
6.366266679763793457e-02
6.366067814826965876e-02
6.373100519180298351e-02
6.339552688598633357e-02
6.324523830413818215e-02
6.353864049911499279e-02
6.615645217895507746e-02
6.531157493591308039e-02
6.573092246055603494e-02
6.519441699981690097e-02
6.500711417198180853e-02
6.558465003967285656e-02
6.446236133575439231e-02
6.473418927192688133e-02
6.562139701843261452e-02
6.474302697181701094e-02
6.504700422286986694e-02
6.542414212226867198e-02
6.532958555221557440e-02
6.502156686782836759e-02
6.548855209350586126e-02
6.407220554351807096e-02
6.499484205245971424e-02
6.577477169036864690e-02
6.599652147293090521e-02
6.589817595481872736e-02
6.532547044754027921e-02
6.609832787513733598e-02
6.568391776084900324e-02
6.565974617004394220e-02
6.533261704444885687e-02
6.491455388069153343e-02
6.367561244964599354e-02
6.453877067565917669e-02
6.602385926246642778e-02
6.572377038002014116e-02
6.592902112007141546e-02
6.536752343177795743e-02
6.549777841567992753e-02
6.585518670082092518e-02
6.584586572647094238e-02
6.618472146987915139e-02
6.577241539955139271e-02
6.573631429672241455e-02
6.610529470443725353e-02
6.635130238533019920e-02
6.595974898338317904e-02
6.584320354461670188e-02
6.607865357398987061e-02
6.564242124557495561e-02
6.506662416458129650e-02
6.599988341331482211e-02
6.530870413780212602e-02
6.539570188522339511e-02
6.573201990127564009e-02
6.593175554275512718e-02
6.597956252098083341e-02
6.599106979370117365e-02
6.585685157775879317e-02
6.551985001564025746e-02
6.580203413963317538e-02
6.582867312431335549e-02
6.495478153228759211e-02
6.586957573890686590e-02
6.631019759178161110e-02
6.583767890930175559e-02
6.580399012565613104e-02
6.610934543609618685e-02
6.566586780548096247e-02
6.576814508438109941e-02
6.590619683265686035e-02
6.561457800865173884e-02
6.586333847045898471e-02
6.487330055236815995e-02
6.642983150482177634e-02
6.510374116897582608e-02
6.571056604385376587e-02
6.624983859062194558e-02
6.628527665138245206e-02
6.613143014907836570e-02
6.643116617202758645e-02
6.587620854377745916e-02
6.645916700363159457e-02
6.627829480171203158e-02
6.598254156112670632e-02
6.623253774642944014e-02
6.625695371627807195e-02
6.631690478324890614e-02
6.536617398262023482e-02
6.695176458358764737e-02
6.588536810874938421e-02
6.551779127120971324e-02
6.565222001075744773e-02
6.621160864830016868e-02
6.624437403678894165e-02
6.520712685585021429e-02
6.607718992233276023e-02
6.549318361282348289e-02
6.550667190551758001e-02
6.629227590560912708e-02
6.640223383903504084e-02
6.645806574821472301e-02
6.658127689361571788e-02
6.609415197372436879e-02
6.563581180572509999e-02
6.640833687782288219e-02
6.657304501533507779e-02
6.562519764900207053e-02
6.640746259689331299e-02
6.653258132934569691e-02
6.619250512123107943e-02
6.651188135147094449e-02
6.622371101379394276e-02
6.663014936447143877e-02
6.589519214630126798e-02
6.583166527748107733e-02
6.632307910919189864e-02
6.607577681541443315e-02
6.573666906356812056e-02
6.529381537437438376e-02
6.600587010383605902e-02
6.621105551719665139e-02
6.617144370079040827e-02
6.601365590095520375e-02
6.622842001914977517e-02
6.660608625411987282e-02
6.620821595191955788e-02
6.611207413673400590e-02
6.656757283210754106e-02
6.679786205291747547e-02
6.639478182792662997e-02
6.452446913719177279e-02
6.667809319496155462e-02
6.620917129516601385e-02
6.636604285240173262e-02
6.606063485145569070e-02
6.602962636947631858e-02
6.635309576988220048e-02
6.672379088401794722e-02
6.655273389816283858e-02
6.673986792564391701e-02
6.672313618659973800e-02
6.660094451904297053e-02
6.654373311996460150e-02
6.623827648162841641e-02
6.632074332237243575e-02
6.653295040130614846e-02
6.659907603263855169e-02
6.539122247695923484e-02
6.585720920562744551e-02
6.552184724807738614e-02
6.664829683303832852e-02
6.660591483116150291e-02
6.658484387397765880e-02
6.653747105598449563e-02
6.691001868247985207e-02
6.634010696411132835e-02
6.594629931449889904e-02
6.610532641410828136e-02
6.668200850486755149e-02
6.656678009033202559e-02
6.660789418220519620e-02
6.696806430816650002e-02
6.692118406295775868e-02
6.508769488334656406e-02
6.637638449668883944e-02
6.644192934036255438e-02
6.667097640037536466e-02
6.667297840118407981e-02
6.673261070251465532e-02
6.650870490074158037e-02
6.659670233726501520e-02
6.655059671401977739e-02
6.688646149635314730e-02
6.639720726013183250e-02
6.565287733078002674e-02
6.565809273719787342e-02
6.568896698951720570e-02
6.665269231796264182e-02
6.445990586280822554e-02
6.554149341583251354e-02
6.527026247978209850e-02
6.566605520248412764e-02
6.670740914344787387e-02
6.644340205192565685e-02
6.648535275459289962e-02
6.604442191123961747e-02
6.624105191230773848e-02
6.689066672325134910e-02
6.679572439193726119e-02
6.648592805862427180e-02
6.664254927635192283e-02
6.529044604301452448e-02
6.590917420387268355e-02
6.668952703475952704e-02
6.651762938499450328e-02
6.666747331619263250e-02
6.681669640541076927e-02
6.684769845008850520e-02
6.700613284111023304e-02
6.660484409332274869e-02
6.624415779113769498e-02
6.619852209091187101e-02
6.613900423049927368e-02
6.635575723648071134e-02
6.644999694824219039e-02
6.651361370086669722e-02
6.656515192985534846e-02
6.544630503654480513e-02
6.669980120658874911e-02
6.696009683609008278e-02
6.684833979606628895e-02
6.641213488578796842e-02
6.658680129051208763e-02
6.642786812782287831e-02
6.631571149826050171e-02
6.645871806144713900e-02
6.594419884681701483e-02
6.555043554306030917e-02
6.647955369949340443e-02
6.665776562690735318e-02
6.641425991058350076e-02
6.495099854469299494e-02
6.543478584289551259e-02
6.587194514274596902e-02
6.635712313652038230e-02
6.600146245956420299e-02
6.664064621925354370e-02
6.590946865081787065e-02
6.578154635429382668e-02
6.570078873634338512e-02
6.565214705467224687e-02
6.477034211158752552e-02
6.550431919097900180e-02
6.530053091049194125e-02
6.500661134719848411e-02
6.479500770568848156e-02
6.493589067459105968e-02
6.468467378616332697e-02
6.450496125221252819e-02
6.507944369316101541e-02
6.503075385093688709e-02
6.518196988105773304e-02
6.523570632934570790e-02
6.483176493644714211e-02
6.560673856735230181e-02
6.551851034164428433e-02
6.538127136230469094e-02
6.572333192825317860e-02
6.563351607322692738e-02
6.565516209602355324e-02
6.551901340484618530e-02
6.491515612602233309e-02
6.511695265769958108e-02
6.537014341354370484e-02
6.534029006958007313e-02
6.559901571273803189e-02
6.548473191261292015e-02
6.536927938461303822e-02
6.584715247154235285e-02
6.553538990020751909e-02
6.481870508193969538e-02
6.557842683792114435e-02
6.521263027191162576e-02
6.524029326438904319e-02
6.554000997543335538e-02
6.537827897071837868e-02
6.541081976890564254e-02
6.538841533660888494e-02
6.557611441612243297e-02
6.510370159149170277e-02
6.538194417953491211e-02
6.724982810020446733e-02
6.702968335151672508e-02
6.696232700347901079e-02
6.714713048934936590e-02
6.729622101783752641e-02
6.630996060371398271e-02
6.743521428108215088e-02
6.688458371162414595e-02
6.695424342155456565e-02
6.530218887329101995e-02
6.553685545921325573e-02
6.697318100929260110e-02
6.593955683708191406e-02
6.571901369094848566e-02
6.714397263526916682e-02
6.721338105201721258e-02
6.740593600273132868e-02
6.756493520736694958e-02
6.729828977584838279e-02
6.760831046104430475e-02
6.720869445800781161e-02
6.642366266250609996e-02
6.684934186935424794e-02
6.733429145812988570e-02
6.758108448982239058e-02
6.713826847076416471e-02
6.760310673713684770e-02
6.634887862205506026e-02
6.743818235397339156e-02
6.738083052635192305e-02
6.735296821594238814e-02
6.709349322319030362e-02
6.716924881935119884e-02
6.756958580017090321e-02
6.699646234512329768e-02
6.676338362693787221e-02
6.766483926773071700e-02
6.708803701400756214e-02
6.737946605682372525e-02
6.738572239875793846e-02
6.748839187622070190e-02
6.701339554786682473e-02
6.595090579986571944e-02
6.729769325256347579e-02
6.711297869682311679e-02
6.716676068305969804e-02
6.716584038734435547e-02
6.721001148223876287e-02
6.711292600631714456e-02
6.739336109161377097e-02
6.746287274360657227e-02
6.644295072555542192e-02
6.723272800445556641e-02
6.740137100219727173e-02
6.733621716499328669e-02
6.749725818634033647e-02
6.717054152488707852e-02
6.727865457534790150e-02
6.758288741111755094e-02
6.772618556022644287e-02
6.711621308326720658e-02
6.741267704963684049e-02
6.699346399307251620e-02
6.723283910751343129e-02
6.731978201866149758e-02
6.762439513206482122e-02
6.767072105407714866e-02
6.646768188476562256e-02
6.563557910919189109e-02
6.749898266792297985e-02
6.736528944969177868e-02
6.690312910079955488e-02
6.653384041786193637e-02
6.742550563812256537e-02
6.752655005455017456e-02
6.746394014358519930e-02
6.750455093383789240e-02
6.748456358909607489e-02
6.747802853584289329e-02
6.748518848419189642e-02
6.783939266204834506e-02
6.764027070999145685e-02
6.742577385902405462e-02
6.741250562667847057e-02
6.747907590866088212e-02
6.749059009552002553e-02
6.720447349548340499e-02
6.799541139602660600e-02
6.708562755584716875e-02
6.810411047935485684e-02
6.678050494194030795e-02
6.663900208473205744e-02
6.779311084747315086e-02
6.768167734146118830e-02
6.801949405670165705e-02
6.787591147422790405e-02
6.750881004333496305e-02
6.770836067199706432e-02
6.748280739784240367e-02
6.808558845520019942e-02
6.694078969955444269e-02
6.749216461181641036e-02
6.745003271102904818e-02
6.724698328971863426e-02
6.722381830215454213e-02
6.706904125213622447e-02
6.723502874374390204e-02
6.688934373855591475e-02
6.617827606201172330e-02
6.629932355880736872e-02
6.586180067062377685e-02
6.616545200347900835e-02
6.641871643066406261e-02
6.589150905609131303e-02
6.638601040840148848e-02
6.657150602340698720e-02
6.600386404991150091e-02
6.574736118316650002e-02
6.578183364868163407e-02
6.557437252998352117e-02
6.555910158157349232e-02
6.541501212120055808e-02
6.516816210746764759e-02
6.530725240707396795e-02
6.530538702011108587e-02
6.530461335182190241e-02
6.504857945442199529e-02
6.522465348243713934e-02
6.513165569305419400e-02
6.556171774864197332e-02
6.481229424476624146e-02
6.521662521362305009e-02
6.784850430488587048e-02
6.754577231407166149e-02
6.764406704902649337e-02
6.746734428405762318e-02
6.734619450569152843e-02
6.685743188858031538e-02
6.782844185829162154e-02
6.767381596565245905e-02
6.741556215286255427e-02
6.764528369903564931e-02
6.762387251853943515e-02
6.753237962722778709e-02
6.754738283157347978e-02
6.805189657211303811e-02
6.730386304855347224e-02
6.638476991653442794e-02
6.685658407211303444e-02
6.609880328178405207e-02
6.653428268432616532e-02
6.763219714164733776e-02
6.772388482093810724e-02
6.726663970947265037e-02
6.681442451477050126e-02
6.707244515419005793e-02
6.517550611495971646e-02
6.664305520057678400e-02
6.518859791755676758e-02
6.750225090980530029e-02
6.809270572662352861e-02
6.797096061706542347e-02
6.808494853973388883e-02
6.793496251106262429e-02
6.730586981773375999e-02
6.787920689582824241e-02
6.780134391784667369e-02
6.735567307472228871e-02
6.772439789772033425e-02
6.704815745353698286e-02
6.818482089042664229e-02
6.611618089675903864e-02
6.527919721603393788e-02
6.672782778739928811e-02
6.790888023376465132e-02
6.793562531471251942e-02
6.751836514472961404e-02
6.765565133094787742e-02
6.782917618751525823e-02
6.757592749595642267e-02
6.798716473579406727e-02
6.787123203277588279e-02
6.813583111763001077e-02
6.797710704803466841e-02
6.796724677085876076e-02
6.814412951469421553e-02
6.793802833557129051e-02
6.769700169563293290e-02
6.789543819427490412e-02
6.772845792770386397e-02
6.780410909652709317e-02
6.816350889205932684e-02
6.801950526237487971e-02
6.835994935035705211e-02
6.777390146255493630e-02
6.796213626861571933e-02
6.768805694580078136e-02
6.795133924484253463e-02
6.736657834053039196e-02
6.781435775756836093e-02
6.787745785713196478e-02
6.786177587509155396e-02
6.859273576736450717e-02
6.812878036499023238e-02
6.797846770286559981e-02
6.765825915336608209e-02
6.829808902740477916e-02
6.772265362739562922e-02
6.769456291198730491e-02
6.816157317161559981e-02
6.795444226264953091e-02
6.824647450447082764e-02
6.804372024536133046e-02
6.804222917556762562e-02
6.731353092193603782e-02
6.833742690086365423e-02
6.804370307922363859e-02
6.861356234550476663e-02
6.851338672637939664e-02
6.785826683044433871e-02
6.834529638290405551e-02
6.916574430465698142e-02
6.810617828369140703e-02
6.843341445922851429e-02
6.817140650749206610e-02
6.864660000801085793e-02
6.826569581031799450e-02
6.817619061470031605e-02
6.804500555992126776e-02
6.779707670211791715e-02
6.834536027908325040e-02
6.814867830276488680e-02
6.829571962356567605e-02
6.817712473869323719e-02
6.713548183441161998e-02
6.842881989479064619e-02
6.819680237770080200e-02
6.828912138938904308e-02
6.832413196563720537e-02
6.831574249267578780e-02
6.837662863731384932e-02
6.852327227592468206e-02
6.920940923690796498e-02
6.747799444198608609e-02
6.681293416023253995e-02
6.839337110519409790e-02
6.819751000404357388e-02
6.848182511329650723e-02
6.879327392578124534e-02
6.855242013931274470e-02
6.869917440414428922e-02
6.874465966224670155e-02
6.826893591880797696e-02
6.750338649749755560e-02
6.797149133682250932e-02
6.810993766784667613e-02
6.833074355125427768e-02
6.729207420349121727e-02
6.763523221015929621e-02
6.806166315078734930e-02
6.789543175697326793e-02
6.756268119812011697e-02
6.828726887702941950e-02
6.808759117126464422e-02
6.777659726142883090e-02
6.861017036437988548e-02
6.724778962135315175e-02
6.880755639076233110e-02
6.735837483406066639e-02
6.657601547241211171e-02
6.851819324493407803e-02
6.913098359107970603e-02
6.884034037590026911e-02
6.887487196922302546e-02
6.876614952087402310e-02
6.816367506980895719e-02
6.866780209541320512e-02
6.861257910728454923e-02
6.850801682472229537e-02
6.666443991661072377e-02
6.765785908699036011e-02
6.826285696029663064e-02
6.881294417381286777e-02
6.812710022926329878e-02
6.791033601760863847e-02
6.902625012397765880e-02
6.874110531806945645e-02
6.846028542518615978e-02
6.830720973014831054e-02
6.870870590209961215e-02
6.896415710449219083e-02
6.844285511970520097e-02
6.790034556388854781e-02
6.885278153419494007e-02
6.868295788764954002e-02
6.859224510192871160e-02
6.870493674278259355e-02
6.903880167007446500e-02
6.863329482078552035e-02
6.660672068595886730e-02
6.878298449516295765e-02
6.869960403442382235e-02
6.864790844917297019e-02
6.881268191337584772e-02
6.866338920593262340e-02
6.874201488494872947e-02
6.845350503921508734e-02
6.874702239036560580e-02
6.885460638999939265e-02
6.907192873954773327e-02
6.881342172622680053e-02
6.877299380302429044e-02
6.850467395782471047e-02
6.868819832801818792e-02
6.856062054634094738e-02
6.903243160247803101e-02
6.870537734031677279e-02
6.911204004287720137e-02
6.879271864891052524e-02
6.871503901481627874e-02
6.832611513137817894e-02
6.878334784507751654e-02
6.845467948913573630e-02
6.863174390792846358e-02
6.859505248069763805e-02
6.866890573501586992e-02
6.849775719642639538e-02
6.857117938995360706e-02
6.850569605827332154e-02
6.898140215873718728e-02
6.850000786781311468e-02
6.755851197242736250e-02
6.813940286636352428e-02
6.893895649909972945e-02
6.916089701652526622e-02
6.877770829200745284e-02
6.881027984619141058e-02
6.900171995162963923e-02
6.670630574226379950e-02
6.865844082832336936e-02
6.865231871604919600e-02
6.905680513381957930e-02
6.888132596015930642e-02
6.902549386024475764e-02
6.901428532600402399e-02
6.901996326446532826e-02
6.936482977867126920e-02
6.881848049163818981e-02
6.891558623313903675e-02
6.900508308410643887e-02
6.894854497909545799e-02
6.821112298965453791e-02
6.880559110641479292e-02
6.898139977455139404e-02
6.872327828407287509e-02
6.840405106544494851e-02
6.857538294792175915e-02
6.862054204940795654e-02
6.825178980827331654e-02
6.772810983657837069e-02
6.906347846984862981e-02
6.859796881675719882e-02
6.849263405799865811e-02
6.899095034599303511e-02
6.876055788993835904e-02
6.846286249160767057e-02
6.847841167449951472e-02
6.828410720825195401e-02
6.877976489067078036e-02
6.828382539749144886e-02
6.765589570999144819e-02
6.831066060066223744e-02
6.875265812873840310e-02
6.907949733734131126e-02
6.863285994529724765e-02
6.762711644172668402e-02
6.858677387237549494e-02
6.850448775291442804e-02
6.812010788917541304e-02
6.804272675514221047e-02
6.774003553390503529e-02
6.805679321289062611e-02
6.831779861450194835e-02
6.781038045883178156e-02
6.714098405838012096e-02
6.757503151893615168e-02
6.720854520797729659e-02
6.687292647361754716e-02
6.724843263626098522e-02
6.691606712341308105e-02
6.662950396537781206e-02
6.655074787139893255e-02
6.659619927406311424e-02
6.581437325477600131e-02
6.680404543876647394e-02
6.679443717002868375e-02
6.715502905845642523e-02
6.862905287742614158e-02
6.794896817207336792e-02
6.839098143577575228e-02
6.808401322364807107e-02
6.739089155197143521e-02
6.834277534484863026e-02
6.772859215736388994e-02
6.818085718154907882e-02
6.772585606575012851e-02
6.787937784194945923e-02
6.801757264137267556e-02
6.808221149444580733e-02
6.823343038558959961e-02
6.770013141632079401e-02
6.801168656349182440e-02
6.811310696601867443e-02
6.765965080261229780e-02
6.805130028724670765e-02
6.722564148902893111e-02
6.804236602783203525e-02
6.759287118911742887e-02
6.801585912704467829e-02
6.759782195091247614e-02
6.754055738449096791e-02
6.760603737831115401e-02
6.758379459381103072e-02
6.753071570396423917e-02
6.885171079635619973e-02
6.870624566078185891e-02
6.871327757835388184e-02
6.869417166709899936e-02
6.852861452102661233e-02
6.930575037002563443e-02
6.916329693794250055e-02
6.949413681030273959e-02
6.936537122726441074e-02
6.890487432479858176e-02
6.908998441696166670e-02
6.887267160415649903e-02
6.942051959037780218e-02
6.934258389472960915e-02
6.859912276268005649e-02
6.906764221191406816e-02
6.900175762176513627e-02
6.931795930862426347e-02
6.917443633079528587e-02
6.888155531883240201e-02
6.903823614120482843e-02
6.910833501815795421e-02
6.919344663619994562e-02
6.931954503059387096e-02
6.856676459312438521e-02
6.908767533302306862e-02
6.933615851402283314e-02
6.927216911315918491e-02
6.943877553939818703e-02
6.994718909263611395e-02
6.917034411430358909e-02
6.864631485939025335e-02
6.872938084602356335e-02
6.982710433006286688e-02
6.958068156242371016e-02
6.919399333000182672e-02
6.914061498641967118e-02
6.929530024528503251e-02
6.927134823799133145e-02
6.923519682884216042e-02
6.972372221946716853e-02
6.953105163574219150e-02
6.948645806312561679e-02
6.958009123802184892e-02
6.957192826271056674e-02
6.907456231117248269e-02
6.926713156700134433e-02
6.900677180290222534e-02
6.928160476684570857e-02
6.940024185180664051e-02
6.932508230209349920e-02
6.888384985923766413e-02
6.940859389305115146e-02
6.946566438674926791e-02
6.984345030784606945e-02
6.981733441352844238e-02
6.977378344535827004e-02
6.969686079025268211e-02
6.934827995300292536e-02
6.986304616928100397e-02
6.935785818099975131e-02
6.996172976493834905e-02
6.936305069923401345e-02
6.947279262542724321e-02
6.969777560234069469e-02
6.942794919013976773e-02
6.950113463401794145e-02
6.968976950645447421e-02
6.936935877799987882e-02
6.925512647628784269e-02
6.931991624832153920e-02
6.953561139106750888e-02
6.979966711997985518e-02
6.916922760009765192e-02
6.932534623146056896e-02
7.025380992889404541e-02
6.954019904136657382e-02
6.969212555885315186e-02
6.971264243125915860e-02
6.977847266197204079e-02
6.992617392539977883e-02
6.983446073532104115e-02
6.935433936119080045e-02
6.943924689292907404e-02
6.982765316963196467e-02
7.002486729621887340e-02
6.977185177803039984e-02
6.951785302162170888e-02
6.974726295471191106e-02
7.000230383872986517e-02
6.976753139495849021e-02
6.958767080307007302e-02
6.962592101097106467e-02
6.988367295265197898e-02
6.924503684043883944e-02
6.916866827011108887e-02
6.901295089721679044e-02
6.988373184204101085e-02
6.868561244010924771e-02
6.929822254180907637e-02
6.914246225357055520e-02
6.886425232887267989e-02
6.933256030082703136e-02
6.929030466079712236e-02
6.920401072502135875e-02
6.958266782760620661e-02
6.999538850784302324e-02
6.922176504135131581e-02
7.000376629829406505e-02
6.982875275611877264e-02
6.910563135147095026e-02
6.969306802749633545e-02
6.975984144210815863e-02
6.988704133033751820e-02
6.983237147331237960e-02
6.962602663040161344e-02
6.973110866546630704e-02
6.985874557495116988e-02
6.993186926841735152e-02
6.957048201560973866e-02
6.928471159934997126e-02
6.963927984237670843e-02
6.962963914871216076e-02
7.022491264343261319e-02
6.979840540885925981e-02
6.964883279800415661e-02
6.986679911613463689e-02
6.980607676506042636e-02
6.987160873413085505e-02
6.975674176216126177e-02
6.979298043251037920e-02
6.963336586952209584e-02
7.006264638900756847e-02
6.956620454788207952e-02
7.002470421791076594e-02
7.012804317474365112e-02
7.017406272888183916e-02
6.992555642127991355e-02
6.956015419960022428e-02
6.979108071327209950e-02
7.054508018493652055e-02
7.000097036361693781e-02
7.013882255554199086e-02
6.967934799194336337e-02
7.002053117752074507e-02
7.050539255142211637e-02
7.045110249519348500e-02
7.055954957008361839e-02
6.979868912696837735e-02
7.018162131309509111e-02
7.012613344192504539e-02
6.980753612518310336e-02
6.995777249336242176e-02
7.018855118751525513e-02
7.041348767280578014e-02
6.969219279289246005e-02
7.020414900779724243e-02
6.967825412750244807e-02
7.030383157730102361e-02
6.949619770050048662e-02
7.012936067581176935e-02
7.036846470832824885e-02
6.988047385215759300e-02
6.847240424156189609e-02
6.995728564262390647e-02
7.005282425880432484e-02
6.997906184196471535e-02
7.030832076072693337e-02
7.010726475715636785e-02
6.971283864974975319e-02
7.000370454788208685e-02
6.985731530189513705e-02
6.995244646072387718e-02
7.026730513572693182e-02
6.990507531166076371e-02
6.998942852020263727e-02
7.011422348022461337e-02
7.012257099151611439e-02
7.018949866294860174e-02
7.024678540229797874e-02
7.044877290725708174e-02
7.076002335548400857e-02
7.070577311515807706e-02
6.976798915863037520e-02
6.984687495231628462e-02
7.005820894241332475e-02
7.003318023681640025e-02
7.017483401298522938e-02
7.023092746734618808e-02
7.001241064071654641e-02
7.015930867195128984e-02
7.030340003967285034e-02
7.025996446609497625e-02
6.978917717933655340e-02
7.003674435615539484e-02
6.988895368576049372e-02
6.910956859588622547e-02
6.971342968940734408e-02
6.956069183349609941e-02
6.939192438125610374e-02
6.933890056610107766e-02
6.906719493865966231e-02
6.890962839126586748e-02
6.889330101013182994e-02
6.857769393920898349e-02
6.883244705200194935e-02
6.911545705795288375e-02
6.843843960762023559e-02
6.838259696960449774e-02
6.875286746025086049e-02
6.863606667518615256e-02
6.877938413619995306e-02
6.999805021286011064e-02
7.041074681282043224e-02
6.998470783233642911e-02
7.068165278434752896e-02
7.030368828773499168e-02
7.007298541069030551e-02
6.983168005943297951e-02
7.042472219467163508e-02
6.992225360870361894e-02
6.977098464965819646e-02
6.989692473411560081e-02
6.945484137535094804e-02
6.940574502944946156e-02
6.922940397262573875e-02
6.944887280464172308e-02
6.938581466674804965e-02
6.940012288093566628e-02
6.907148361206054410e-02
6.946972227096558095e-02
6.931767797470092529e-02
6.849656057357787764e-02
6.918416023254395086e-02
6.913777613639832120e-02
6.890102958679199252e-02
6.871694159507751865e-02
6.858706235885619895e-02
6.855408024787902621e-02
