1.488835279217059622e+02
1.348981273550431865e+02
1.638964089844338332e+02
1.563474071936494170e+02
1.512695178448321656e+02
1.355009998266158675e+02
1.270465228643961950e+02
1.299730047575093010e+02
1.205552827977974459e+02
1.100089756328945043e+02
1.080315438526016720e+02
8.879965976039100894e+01
8.511747730770886733e+01
7.364666135953000037e+01
6.993646797103994572e+01
7.289250951722077332e+01
7.635130592045013032e+01
5.543155984716040052e+01
7.400206120456311965e+01
4.381846257027687130e+01
5.444121531549419757e+01
3.492143275908347988e+01
3.367728586596479090e+01
3.562493635598983843e+01
3.672559838502667873e+01
2.461243705767611800e+01
3.775938798662969731e+01
3.112340280187610020e+01
2.778474337903504932e+01
2.383793728985759586e+01
3.782539220429204363e+01
2.232050424480195616e+01
2.517031005682819611e+01
3.395567205191495219e+01
2.088780907915260698e+01
2.333323962924476191e+01
1.918069828124918530e+01
4.561928371257690173e+01
3.329258711201678977e+01
2.521316788989346236e+01
1.968224887361331099e+01
2.840507092165550418e+01
2.407228081901764227e+01
2.869857038087850398e+01
1.273554229927209569e+01
3.138909603385129188e+01
2.293136603519856820e+01
2.276259655800533110e+01
2.189438045782548414e+01
1.500466455283632250e+01
1.502636279631271776e+01
3.857364072345193051e+01
5.696997558614164348e+01
2.741446958788505484e+01
8.083156195626060025e+00
3.318050567040619114e+01
1.189396026289015396e+01
1.512191103453044860e+01
1.085384090905170318e+01
2.914175903911383969e+01
9.690237985124987574e+00
1.278875751591148635e+01
1.789935433907750095e+01
1.557569832261828680e+01
2.174413427822379319e+01
3.120562658670749556e+01
2.151581784927161678e+01
1.123218175399651919e+01
1.030885324288253813e+01
9.632571486395946181e+00
1.537462965700702355e+01
3.134607685792339637e+01
1.581946764683731921e+01
1.347017692195151994e+01
2.800863211978632350e+01
1.445397191184130570e+01
1.294506983006704992e+01
1.348590723222433851e+01
9.511131720084327057e+00
1.211801301855562585e+01
1.985550992601239528e+01
1.666632692627857892e+01
1.149346860133033665e+01
1.492251983860274045e+01
1.971694545103808593e+01
1.834545040223702372e+01
1.862157194822416528e+01
2.796059033628662860e+01
8.294483686795199873e+00
1.469364666884650639e+01
2.003421170833997778e+01
1.689756191071619895e+01
7.574728951961878565e+00
2.108943262017485054e+01
1.467474510853281444e+01
1.364458077128950286e+01
2.017903490345708306e+01
1.406050717082862533e+01
1.155194678298433075e+01
1.741848565630857948e+01
1.608951404050482736e+01
1.368984242936968698e+01
1.021498837771795998e+01
1.852160514131252356e+01
1.091645907124779313e+01
1.735664844014721453e+01
1.384095921785644734e+01
1.228159838986883834e+01
1.712763794981974996e+01
2.379482367352715855e+01
2.268209056888679243e+01
1.596542140318598513e+01
5.755393805343862468e+00
1.640238794438103298e+01
2.330852648077580369e+01
1.048992072631934391e+01
9.434203597784618367e+00
1.178227233257252315e+01
1.129589782886842109e+01
2.008882773268402033e+01
1.236462235106713159e+01
1.074301642558446446e+01
1.181947450005293554e+01
1.622054991495561893e+01
1.195014632382353881e+01
1.985884204419669530e+01
1.957447137875561438e+01
1.796593395206985733e+01
1.499363712030307383e+01
9.783018613663136520e+00
1.560310028233338819e+01
1.290732805179941600e+01
1.248746897045924165e+01
1.762578950677720613e+01
8.703684223049576119e+00
1.559062118614514247e+01
1.479489802136528631e+01
1.481708310569189813e+01
2.175606235304694280e+01
1.014984603467923030e+01
1.145088622851253746e+01
2.250989814870315797e+01
1.888021507100822305e+01
3.268275503349021704e+01
1.466266849393418248e+01
1.666813168692328162e+01
3.225205999031620507e+01
7.572093750991201411e+00
1.151384585759248225e+01
1.115871697784453076e+01
1.339076161378394758e+01
8.327933230536810782e+00
1.293652653665161090e+01
2.553553049625392646e+01
1.374175050922537267e+01
1.574244103472494949e+01
1.070036329355368210e+01
1.814052451444263525e+01
1.340814559315103693e+01
2.017679937019984138e+01
7.614781377431926401e+00
1.120552554786264920e+01
1.162488710348771548e+01
1.649526232758276834e+01
1.946875589106438653e+01
1.035791801748826835e+01
1.605724463660705226e+01
1.236912881824876997e+01
1.059948733754490213e+01
2.539311049882061155e+01
7.414455719568788794e+00
1.205757898536185913e+01
2.137077951592727487e+01
7.679506024532024355e+00
7.434421293277559961e+00
1.684329622056238307e+01
9.116987970514031758e+00
9.259892368763747328e+00
7.469045927206113156e+00
8.921873085137578485e+00
2.068061893021146602e+01
1.645664426808258440e+01
8.666721740154184062e+00
1.186360141572829008e+01
8.843294930483978078e+00
1.412382828306598448e+01
9.875011256076955846e+00
1.152285805789479411e+01
1.221747231736917527e+01
6.789356889476040102e+00
1.108815054228579378e+01
8.950116563400664305e+00
1.460099813776131050e+01
6.003693766028654899e+00
6.977685833203307375e+00
6.684132027630901973e+00
1.017121792636963917e+01
1.030847257015320118e+01
8.141785773669383275e+00
1.085021761145618946e+01
1.340932853196639130e+01
9.435073094349796463e+00
8.625079543578518582e+00
2.094135351798229294e+01
1.637009715620425254e+01
1.058985828011902974e+01
5.521240984289749854e+00
1.361723795085223720e+01
1.745900245887289159e+01
8.920618212593812046e+00
1.392980499323582499e+01
1.049555288486306104e+01
1.079601616103455441e+01
9.556462010635529580e+00
6.535038809244394287e+00
1.297492574996801729e+01
9.469839432921574485e+00
8.751084281419634792e+00
8.559370732608483578e+00
1.057653927878069844e+01
9.278119971704819946e+00
1.766347839744942050e+01
1.110353271544863851e+01
2.250893263096745756e+01
1.398254118359795051e+01
1.271046619884156748e+01
1.120424154358348545e+01
2.525157533451434233e+01
8.545598635599613857e+00
8.090233276059947798e+00
1.054250493673075439e+01
2.902229358579016960e+01
1.129199413362928794e+01
7.664712036814465002e+00
1.777904992193556311e+01
9.087421790349559103e+00
6.472457128500407109e+00
8.500446060521761993e+00
1.206156395433589346e+01
8.489223011359477766e+00
6.018186720890616570e+00
1.026798363780221202e+01
1.139374909929275503e+01
7.662807204742078326e+00
7.176228157036674382e+00
1.047217231276052551e+01
1.349304991668824272e+01
1.014358761417613763e+01
1.086447140017218160e+01
2.274861250748702801e+01
1.280754367670450300e+01
4.149442082359127681e+01
1.637978806144547050e+01
1.009820464679770247e+01
8.504464816680512129e+00
1.216957719838674556e+01
1.308848779043112565e+01
1.273878753211179138e+01
5.344100411461525368e+00
2.328731838188154768e+01
1.199000976677720764e+01
1.793751443532175571e+01
4.958191901206736141e+00
4.224993037729512224e+01
1.929784358510530495e+01
9.513679661344822236e+00
4.798155461905231789e+00
2.061034434171917695e+01
1.101749882208947895e+01
3.001121850041509376e+01
1.626005368760565162e+01
1.012662056351232565e+01
5.502117898509323091e+00
1.614172121144978078e+01
9.094576276445796026e+00
8.223823201339316213e+00
8.238934376924918368e+00
8.710436481330592784e+00
2.197737497808551765e+01
9.610229493915589671e+00
8.243819437055188715e+00
5.009742305640530446e+01
2.027860081912058732e+01
8.506019934158974394e+00
5.848905338954081046e+00
6.261464323614921668e+00
1.276731320428420347e+01
1.296005082255295271e+01
6.830208107577165677e+00
2.752334644222483817e+01
1.411197456466203803e+01
7.470228612669981949e+00
9.895843180584156684e+00
1.191506916708247843e+01
2.144435801383813356e+01
1.074144852306118025e+01
1.013911876845156357e+01
3.967612567590596484e+01
4.873610242443640495e+00
1.872426406762371442e+01
3.995655781040998988e+01
6.338094200265030231e+00
7.392609030856705843e+00
1.863149407613378372e+01
9.175248564831097298e+00
1.519923277441984411e+01
1.409979496116160114e+01
1.074369019049937712e+01
9.783603508166702767e+00
5.477380062578387054e+00
8.245210321781057061e+00
3.517498116925691676e+01
3.045589469992296472e+01
2.075991313921000270e+01
1.073131657557158469e+01
1.342621761809786207e+01
1.177548047865799496e+01
1.179569539635273578e+01
1.085263476202689858e+01
1.670293137731383126e+01
3.082597325411578382e+01
1.454214049811904985e+01
1.502802221316411391e+01
1.849738483381592502e+01
1.766051686650447650e+01
6.797622600390909930e+00
9.950443394297943556e+00
2.480087050847774321e+01
4.315008699346171817e+00
5.355935823103221693e+00
1.227867959823576882e+01
7.557214720831197496e+00
1.659795567124554694e+01
7.068352075552788882e+00
3.947154769382114736e+00
6.688317264669857209e+00
1.332198435931844571e+01
7.550356133642338818e+00
2.002517248661158078e+01
1.325446905874445491e+01
1.137043857035430605e+01
2.011552807236655838e+01
8.540185946408547224e+00
1.739830082017840596e+01
5.513055293270382684e+00
8.253537369451418471e+00
9.859451392742302644e+00
2.876413046230288728e+01
8.704989419955689200e+00
6.423932253732004050e+00
1.317804303237229568e+01
2.434216815021093083e+01
1.350771812787623460e+01
2.892558469981637259e+01
5.998985711064929838e+00
7.966073923066541163e+00
1.300639404149744749e+01
5.687534040072771191e+00
8.985307767434681736e+00
2.222899104793314606e+01
1.442005891028377995e+01
2.170157546163990858e+01
1.349757079244078106e+01
6.409949627878180678e+00
1.531659133885726654e+01
8.609346205314928113e+00
2.174640726174957095e+01
9.678340570186048097e+00
9.785043936131327058e+00
1.184639908808844488e+01
2.091506295158289319e+01
2.934246521404052288e+01
6.816352563275763110e+00
9.561757361748686179e+00
9.022158187285501896e+00
8.756331873309825653e+00
7.089338327597457301e+00
8.446597445370340296e+00
9.169366410536429868e+00
2.964063075615007392e+01
8.008322402128582596e+00
9.280704717393172487e+00
8.428551214009470272e+00
1.461440553223448369e+01
8.350452250767132156e+00
3.087715837639895611e+01
1.023982006397533340e+01
1.670276566174241850e+01
7.997357536636667596e+00
7.804064314975772909e+00
7.248626718065838581e+00
4.555154417815992396e+00
9.387213645896808956e+00
7.151312076808419071e+00
1.364270104235564496e+01
6.604748750909415378e+00
1.327825457816626908e+01
6.586212823086598611e+00
4.182511970247140276e+00
8.529281563637134411e+00
7.611343650477191858e+00
6.648791752880851114e+00
8.873068989091896341e+00
2.503909667928787641e+01
1.578264652920146460e+01
4.985208199771862247e+00
5.188203309361455240e+00
1.246083239415990285e+01
6.218167893780490729e+00
5.186538651742623962e+00
1.270210695533286049e+01
7.557318739429175203e+00
1.386799325588533804e+01
9.198022936648344583e+00
7.465172074939603775e+00
8.160639713526384398e+00
1.336276262463296938e+01
9.592730930574642656e+00
3.318496678671289857e+01
7.032817252562870713e+00
6.883374230200534960e+00
1.063343519700124418e+01
2.439585000904384060e+01
4.838053601589150432e+00
1.961108133599900327e+01
3.228193005122468406e+01
1.135972669865762086e+01
6.669779868762288011e+00
1.088051394711578546e+01
1.946316508983094096e+01
1.389971955560857175e+01
1.864517004763373009e+01
6.875688667739435544e+00
1.393009797633921565e+01
1.185613612737906486e+01
3.205238259141906099e+01
8.811317947082958568e+00
8.509005154110221625e+00
7.895830448368005960e+00
1.399076054640171840e+01
1.772185110275067643e+01
3.005828479274881815e+01
2.167391209381710482e+01
5.378865814308936955e+00
8.607042191016855526e+00
1.540379105752124111e+01
9.230368455214808421e+00
6.515896204801068237e+00
2.910678405425142756e+01
1.198026365080582067e+01
6.080030398264386626e+00
5.205316577547201895e+00
1.049434133688226645e+01
1.973337628547744416e+01
8.377671948661060242e+00
1.531729157056473767e+01
1.179050290242419052e+01
1.113325685698159973e+01
1.145518160295983634e+01
9.464615596315059776e+00
7.869644061781563948e+00
1.091867381763246136e+01
3.453499127135227553e+01
1.363357203159989339e+01
6.620051222998601936e+00
7.686837571872949582e+00
2.211768316380359423e+01
1.007252955329433952e+01
6.870940347453198704e+00
9.128015591825969111e+00
2.609323572132299063e+01
8.197077167661731778e+00
7.959797844077950657e+00
1.518938286610652533e+01
1.374221879193222762e+01
1.462000593106523461e+01
7.364572923061781573e+00
6.507850515422812343e+00
6.038014600583883507e+00
1.123994837906678335e+01
1.337386079091248625e+01
9.459076663375018512e+00
1.339132763127279624e+01
2.007807011207373904e+01
1.321497416827120830e+01
1.006118186516136959e+01
7.940666844612836783e+00
3.853379051809181277e+01
8.948715604878167085e+00
8.975530660578581177e+00
2.189796948554307221e+01
1.689101237943284417e+01
7.775126430669998534e+00
3.381567123079483395e+01
8.226120644907103596e+00
6.863191826817637065e+00
8.989541959868059706e+00
1.547702925517264383e+01
1.803502134651850142e+01
2.217777504180439152e+01
1.765959606019506367e+01
4.796515396738015191e+00
2.498728019166830805e+01
2.448528925832581749e+01
9.691349572530345569e+00
1.905610951316609913e+01
2.697800660097599135e+01
5.622046876487758915e+00
2.019723039530103037e+01
6.698241872752091375e+00
1.198019508380914822e+01
7.058284354781912739e+00
2.891509704497467581e+01
1.572686428654056101e+01
1.283285964687934033e+01
1.953719276667825966e+01
1.242919863173913875e+01
1.866310598348214356e+01
9.059944911450159566e+00
1.513656934581234736e+01
1.196922300815220730e+01
1.880076390337438852e+01
6.410719776774617351e+00
2.495347790528084531e+01
1.062624537280510495e+01
1.177402937980862063e+01
1.043703892289691737e+01
1.453604865925080603e+01
1.924320503105703750e+01
1.241561338281350935e+01
1.500456737826143261e+01
6.333367044868365880e+00
1.376398519824906330e+01
2.264908819067237289e+01
1.708328764894598351e+01
1.396582360225116304e+01
1.145076605089360555e+01
1.085308442849134103e+01
1.309426787458393449e+01
1.019321762877821769e+01
8.723795593589846575e+00
8.765095577899140622e+00
5.818592648538423617e+00
6.815276463229981374e+00
2.009050173017786634e+01
5.835666820094682627e+00
1.256891237920511983e+01
3.115401785036964100e+01
2.398210683578421509e+01
2.204033934577393339e+01
8.056855777106306959e+00
7.144697674751253835e+00
5.221076452038256654e+00
3.984994446466721740e+01
9.811431348458105717e+00
1.230802314954009091e+01
7.929624709301075214e+00
3.503996326866597144e+01
5.158637119386588310e+00
2.142166383145764641e+01
9.021063175275974899e+00
1.755376527495027972e+01
7.560228983852947060e+00
1.586231670706747288e+01
1.767232415981749583e+01
9.210204078674824046e+00
7.861828338818033224e+00
1.277692807644177897e+01
3.487871622607320887e+01
7.845138091020033677e+00
2.507951416021276714e+01
7.262854959481238382e+00
8.990127924449938135e+00
1.867468817738147635e+01
1.162161573927670410e+01
1.392886692848336239e+01
3.227335772700811845e+01
2.293619788836858930e+01
1.686048233998513268e+01
7.435211108118089385e+00
1.345147872694853675e+01
1.672964091385859930e+01
1.952979674133511878e+01
1.006683187313788430e+01
5.246275873117428823e+00
1.546485043152350691e+01
2.301421506625263191e+01
6.985237293043917717e+00
2.440925070225140914e+01
2.137768192594051797e+01
5.616167225576130129e+00
8.469142164680279805e+00
2.418571297116289642e+01
1.459463906364209684e+01
4.341678122255384409e+00
1.036600549245422620e+01
6.986018087773163465e+00
1.499903988802766897e+01
1.834377257779484083e+01
7.323958032755575331e+00
2.139906474223345967e+01
1.040448363868530635e+01
1.001440945499308022e+01
7.333363375607613754e+00
9.971937672102720640e+00
1.388856586270863858e+01
1.526917451439715379e+01
1.032703300330801355e+01
5.951452714137751343e+00
1.124894184076388015e+01
1.549881508865290591e+01
8.352537381687957563e+00
1.883584940291905951e+01
1.516253947073588826e+01
1.068316978092234670e+01
9.953267954040400767e+00
1.057474913099831859e+01
2.740997549452699644e+01
8.183971271280670479e+00
1.473932699327875362e+01
1.182464679717780776e+01
1.596035086107388778e+01
8.371798627270901960e+00
1.134270360556379664e+01
8.542140240653024463e+00
1.740137944000110437e+01
6.773241058810802073e+00
8.371259275376619513e+00
1.369767176064213210e+01
9.729487779601683428e+00
1.306301616622098649e+01
1.130807726084388598e+01
8.903815089362058899e+00
8.557473560767526521e+00
1.695890033232909033e+01
1.070498280168720662e+01
1.038933406782416924e+01
1.006796964041534004e+01
1.196233208693809225e+01
6.332555023884604672e+00
1.229800127297763446e+01
2.115142597796180368e+01
1.364869420676834899e+01
2.198138062881457699e+01
1.621922731970722253e+01
1.092872434405515314e+01
1.342922299635853101e+01
8.564799319334200689e+00
1.348466679888495001e+01
8.589226751133487880e+00
9.954231919834038322e+00
1.743504982399582559e+01
1.374071000574368995e+01
1.171408617985360223e+01
1.181436527490880728e+01
1.010323645376088741e+01
2.261645395912847434e+01
1.294741531947713398e+01
1.354199255487028530e+01
2.726861774988135423e+01
1.907868892378239067e+01
1.040023385370858122e+01
1.268518093020865045e+01
1.423742099213571599e+01
7.176629474811311304e+00
2.225452562370945131e+01
9.151117053250045430e+00
5.818345838305657658e+00
1.145607606592781202e+01
2.161650269221160414e+01
2.825864998094552405e+01
7.096772765951389061e+00
1.824545379946227897e+01
1.395212361370971266e+01
6.924386768287035032e+00
1.161397988047424334e+01
1.006658748481365429e+01
7.451252430736931665e+00
2.023390729769145580e+01
8.920894371643941057e+00
1.993871775951423331e+01
4.004484402963291245e+01
1.122869129237657937e+01
3.235600933085346043e+01
1.146979571043656421e+01
9.784053292347149267e+00
1.045462890993232818e+01
5.614859684649346150e+00
6.694111899016919054e+00
8.301344447536671112e+00
7.374801955566506528e+00
2.026041144630482549e+01
1.808488850027726969e+01
5.372549625503446613e+00
2.755931556513302638e+01
5.277665998194251529e+00
1.877748359751406326e+01
1.618169915810910453e+01
8.899539952370034257e+00
8.584163072141468120e+00
1.296109379889536406e+01
3.451607564943139295e+01
7.351733121186122766e+00
1.985342778175598966e+01
2.240356945212408490e+01
9.207197733052703725e+00
3.493588882129235884e+01
2.468233770812873473e+01
7.455730121433870927e+00
8.436394109326622370e+00
6.401477590195821854e+00
1.477394035264284078e+01
2.377894400526352214e+01
8.002441978210148577e+00
1.255284723959791648e+01
1.341490760169319074e+01
2.265860722852071163e+01
1.389438187203725938e+01
8.539732447234417378e+00
1.760934326919512216e+01
1.931306211233365389e+01
2.089680628886084435e+01
7.940328600165691419e+00
1.369723884008475245e+01
3.293712527582727745e+01
1.162055633853132619e+01
8.908704343562321881e+00
4.480520132388329024e+00
2.217870669669276751e+01
2.164050901797130777e+01
6.176305125197414370e+00
9.461624658588952741e+00
1.196539903646235992e+01
9.346619517657188680e+00
1.608187705112386112e+01
1.851817056573250753e+01
6.369658482056094861e+00
1.545827125833340432e+01
7.567077225249094319e+00
1.062254621960690848e+01
1.246512530377059136e+01
4.753046498247566198e+00
2.187501721152389322e+01
5.255681527595518432e+00
9.476212764028414171e+00
9.510078735696241736e+00
2.743042015005753242e+01
1.265466356303030615e+01
1.845376257896808170e+01
4.926611793902798908e+00
8.805532977516856263e+00
8.580039342914099976e+00
9.401340257119043642e+00
1.269541232464409752e+01
1.445267935930332293e+01
9.551575951348830529e+00
1.262106065900166918e+01
8.072794382303779770e+00
8.785663733463003666e+00
1.172844112161294561e+01
1.018716910582130453e+01
1.220623976105380315e+01
6.251008797883391921e+00
1.963404768395719913e+01
9.220113815394050505e+00
2.343619837829665542e+01
2.287568640490642835e+01
6.437837600684891193e+00
1.281093072510303266e+01
8.253024792010114297e+00
1.021905953375874176e+01
1.405412077736211174e+01
1.364018421981367979e+01
1.880091727487657138e+01
1.439014650724506339e+01
1.525832875198323713e+01
1.224212522909841816e+01
6.524256344589996814e+00
9.133096781120336516e+00
1.684705106512633321e+01
2.745096327036520378e+01
1.133365173825230876e+01
2.561448228393371807e+01
7.468380108314624621e+00
7.351465720735718357e+00
8.446277267726843618e+00
1.122654732509495012e+01
1.273547038197764003e+01
1.037784821101701915e+01
1.319601300033869151e+01
1.106850744614680337e+01
6.650783918089056002e+00
3.396812915200820271e+01
1.503653174743260656e+01
1.012402427431393725e+01
1.406968090732444843e+01
1.745981194414785165e+01
1.103888429573069452e+01
1.634974868790136071e+01
1.113181216069314416e+01
1.204986521598545757e+01
9.749989529872770788e+00
6.174205019114874737e+00
1.608824225785890860e+01
9.485639466828736488e+00
6.763932543304718159e+00
9.703057049075468399e+00
1.082751116435880689e+01
1.812475593012950981e+01
1.600053739734471847e+01
9.997808485415580648e+00
1.148162091804131890e+01
1.486419818213576960e+01
9.299769306588913764e+00
2.501757364704030451e+01
2.138282016324310675e+01
8.310697998987864210e+00
8.148696616737703735e+00
9.082173721630752539e+00
2.290595223226719668e+01
7.293954819262820521e+00
9.590972953329053752e+00
9.867003233260893680e+00
1.469410634124341541e+01
1.919445728022430941e+01
1.815212559171832041e+01
2.363457021129698177e+01
1.164653065373830110e+01
9.819609824150063560e+00
7.468674680805174937e+00
1.365344961576690608e+01
1.522403874164218784e+01
8.914530825814509285e+00
1.026784742215466650e+01
9.348247165273585679e+00
2.197474463666723921e+01
3.710168347152732338e+01
1.760872352970014276e+01
1.380549848703513938e+01
2.065834441893111872e+01
1.207567961007145563e+01
1.257227794224112394e+01
1.312501595389185560e+01
7.412153596516907861e+00
9.068174440034292516e+00
1.508785428281500351e+01
1.648801310015247523e+01
1.795455043091875069e+01
1.033292764447595680e+01
7.642908225431308544e+00
3.048828016626470117e+01
1.040339798110847980e+01
8.668257835436421033e+00
1.493787464955477162e+01
1.002989876984082152e+01
1.083579628793997252e+01
1.418802595148372170e+01
9.371011052134546659e+00
3.112197026774863673e+01
1.695337417849440698e+01
7.092035500731425302e+00
9.008849647970199825e+00
6.117145258844190359e+00
1.991181685394720446e+01
2.400425527185674923e+01
5.810613393294346452e+00
2.081079691935932274e+01
2.542908071153986072e+01
2.259423878293787524e+01
8.874421321751123415e+00
8.380288840745244272e+00
1.531652140180490029e+01
6.646179904352893075e+00
1.207545460073685106e+01
9.596539966776886033e+00
6.794089142645377777e+00
2.435924283126792744e+01
1.592687256046756517e+01
1.874698440110665842e+01
2.098346558731638467e+01
2.858299948360211573e+01
1.059213509185819291e+01
9.394977429771490307e+00
2.753133046885859514e+01
8.757599238377016704e+00
2.306108957373763246e+01
3.087018930220138202e+01
5.775237813891622274e+00
7.505101660521328988e+00
1.003663671393386636e+01
1.368666673955048374e+01
8.166269802121608024e+00
1.020715255615023409e+01
2.881077072844350440e+01
1.436315083056286213e+01
2.219260463864927502e+01
1.134143469460368792e+01
1.853299044617951097e+01
2.618872563341435011e+01
2.115489426151007990e+01
9.521192068393135699e+00
2.094546821627918831e+01
1.694273120325960136e+01
1.797691239422914222e+01
2.047829403858163388e+01
2.054672755825425057e+01
1.628028284061947417e+01
1.920722406383853098e+01
1.583331811595101968e+01
7.807849829001657582e+00
1.298613791164905962e+01
7.321541087900997447e+00
1.718655991610634359e+01
1.913002669587058691e+01
2.576472025763262863e+01
8.955947390366247873e+00
5.949627444533290621e+00
1.118870857988449963e+01
1.324561814069933696e+01
1.631299038719904360e+01
8.777987493603079727e+00
1.301469999222550022e+01
8.593177657940335834e+00
6.901618469086809426e+00
2.428921703683380784e+01
1.225480742582891303e+01
9.768713718518080569e+00
1.124813012710620974e+01
9.427831395075099152e+00
1.820298673021661529e+01
1.289034766674463128e+01
2.203541757754929975e+01
2.165095906976519657e+01
1.545629980588032737e+01
1.310129923181188794e+01
1.818148442539574816e+01
1.391673826080975829e+01
3.537759680850987110e+01
2.802855861000648474e+01
3.697528376749742307e+01
1.532731953077148823e+01
2.611331949438678990e+01
1.428485798098817305e+01
1.382363225995240619e+01
1.418079528881712115e+01
1.586266377648106385e+01
1.091780211969903824e+01
1.989739772373763671e+01
3.297002861689820463e+01
1.163338815354728872e+01
1.327116652130987262e+01
1.111549990059110193e+01
1.154305482547664319e+01
1.536203908038240229e+01
2.399179610084087955e+01
7.193228592315420222e+00
9.592481762740481699e+00
1.633553220357723390e+01
1.006383360079355249e+01
2.521668228195929018e+01
1.421858540382038605e+01
3.104321481356584300e+01
1.227747395150697862e+01
9.181578216710121865e+00
1.481197546102534268e+01
1.966930998709351996e+01
1.386740265729773114e+01
1.102058532640258015e+01
2.296578588574845270e+01
2.611672260232456466e+01
3.750158069301815544e+01
2.426794668121286591e+01
5.574045723897467219e+00
1.791013797785383943e+01
2.247639941787567963e+01
2.470652043382710161e+01
1.340031990521567451e+01
2.610768879333495818e+01
1.474619203339469919e+01
1.255278466632128875e+01
1.379642990123537416e+01
9.943337469415492791e+00
1.706414464553240862e+01
2.083871950738618040e+01
7.054625521696711310e+00
1.714060175566251942e+01
1.909305404147188412e+01
1.681289601864341066e+01
7.046570560319312726e+00
1.282508829726752886e+01
2.010993552065727386e+01
1.041380117695329766e+01
1.058206223268675750e+01
8.201840455753814041e+00
1.236684341215555349e+01
2.238673525306901269e+01
2.436949887744076548e+01
1.496391992151034422e+01
3.479566107800864927e+01
