2.502771430015564014e-01
5.126435399055481040e-02
5.017600989341736151e-02
4.964504575729369873e-02
4.974340200424194613e-02
4.975436234474182179e-02
4.975677037239074896e-02
4.961174488067626731e-02
4.994602751731872653e-02
5.004729199409484880e-02
4.977647209167480186e-02
4.978091144561767878e-02
4.988888764381408519e-02
4.985975813865661799e-02
5.002782845497131398e-02
5.019099426269531261e-02
5.014515161514282449e-02
4.983121109008788879e-02
4.984871578216552856e-02
5.010726976394653392e-02
5.011355662345886447e-02
5.011445975303650130e-02
4.999190831184387174e-02
4.959312868118286033e-02
5.011479687690734847e-02
5.096731734275818104e-02
5.067198443412780640e-02
5.008983707427978188e-02
5.028058886528015414e-02
5.030864310264587108e-02
5.009786844253540095e-02
5.026286482810973788e-02
5.048096346855163868e-02
5.066695594787597873e-02
4.996883916854858582e-02
4.948844885826110540e-02
5.014570593833923146e-02
5.033163475990295316e-02
4.986939549446105929e-02
4.948594379425048928e-02
4.981584739685058355e-02
4.994713616371154741e-02
4.989075231552123763e-02
4.950379705429076849e-02
4.975632643699646335e-02
4.950781273841858149e-02
4.902832221984863154e-02
4.955443429946899264e-02
4.934575414657593057e-02
4.943551278114318576e-02
4.950095915794372470e-02
4.919985413551330317e-02
4.962331771850585910e-02
4.953183770179748341e-02
5.113316512107848877e-02
5.171154665946960105e-02
5.069035315513610584e-02
5.100237655639648648e-02
5.157506227493285911e-02
5.181952953338622714e-02
5.130262231826782093e-02
5.103067421913146801e-02
5.141314029693603432e-02
5.123711919784545987e-02
5.142657232284546243e-02
5.143614935874939176e-02
5.041851496696472118e-02
5.100903487205505488e-02
5.172025632858276434e-02
5.108796405792236095e-02
5.090843582153320446e-02
5.177110791206360196e-02
5.191839623451233177e-02
5.185775995254516407e-02
5.174556112289428744e-02
5.182977676391601479e-02
5.148706865310669067e-02
5.130550289154052479e-02
5.163538455963134766e-02
5.161090207099914423e-02
5.159058880805969527e-02
5.161215519905090060e-02
5.181393194198608693e-02
5.193651413917541732e-02
5.092363905906677202e-02
5.137177276611328003e-02
5.162027692794799588e-02
5.174495887756347390e-02
5.174155735969543368e-02
5.179936671257018982e-02
5.115088438987731856e-02
5.173993659019469893e-02
5.171775364875793451e-02
5.149595975875854298e-02
5.142425990104675104e-02
5.188940954208374340e-02
5.138231372833251820e-02
5.204301428794860795e-02
5.183045053482055603e-02
5.182005286216735673e-02
5.138822555541992104e-02
4.945722913742065657e-02
5.098979401588439597e-02
5.215139150619507030e-02
5.188831162452697821e-02
5.064015436172485118e-02
5.216596698760986306e-02
5.189356899261474837e-02
5.183107066154479803e-02
5.153129148483276412e-02
5.129710793495178417e-02
5.195585179328918168e-02
5.232280755043029752e-02
5.145543718338013023e-02
5.155547356605529735e-02
5.199638748168945029e-02
5.213682961463927956e-02
5.208369016647338562e-02
5.181644153594970603e-02
5.010285091400146218e-02
5.145294237136840976e-02
5.230996847152710044e-02
5.223315834999084362e-02
5.224490618705749517e-02
5.180822920799255105e-02
5.179762458801269454e-02
5.191508388519287115e-02
5.189478945732116377e-02
5.192349457740783741e-02
5.167369222640991189e-02
5.240790557861327997e-02
5.199375367164611739e-02
5.241945672035216996e-02
5.073050785064697060e-02
5.173547172546386769e-02
5.216270327568053866e-02
5.236539626121521074e-02
5.240139317512512024e-02
5.251922059059142833e-02
5.145918726921081682e-02
5.213688874244690186e-02
5.170757913589477811e-02
5.225659227371216159e-02
5.221328902244568027e-02
5.192497873306274603e-02
5.220071196556091281e-02
5.228673911094665339e-02
5.212677812576294034e-02
5.225082206726074097e-02
5.208602452278137535e-02
5.228185534477233776e-02
5.164681839942932007e-02
5.234139919281005637e-02
5.242753934860229503e-02
5.230244421958923223e-02
5.217372035980224337e-02
5.114328384399414312e-02
5.249394273757934659e-02
5.241116023063659840e-02
5.255923438072204745e-02
5.209237170219421093e-02
5.229643511772155695e-02
5.205328989028930320e-02
5.254043555259704790e-02
5.252447700500488537e-02
5.267175149917602273e-02
5.222330760955810891e-02
5.221242022514343412e-02
5.223676848411559770e-02
5.214723253250121843e-02
5.205947136878967541e-02
5.202641463279723821e-02
5.255951046943664606e-02
5.147665882110595559e-02
5.229285240173339733e-02
5.225093793869018538e-02
5.266393542289733720e-02
5.240324354171752713e-02
5.177801537513732760e-02
5.209126472473144670e-02
5.263647794723511075e-02
5.261989498138427979e-02
5.239913487434387507e-02
5.193735718727111872e-02
5.264375758171081776e-02
5.264226269721984652e-02
5.288443064689635903e-02
5.280422592163085821e-02
5.275385785102844338e-02
5.262473654747009538e-02
5.252302360534667758e-02
5.124042510986328430e-02
5.267535972595215055e-02
5.157059502601623463e-02
5.275914907455444419e-02
5.275710153579711570e-02
5.243059086799621571e-02
5.263814973831176802e-02
5.264907908439635936e-02
5.267047905921935780e-02
5.217093920707702864e-02
5.264482355117797857e-02
5.266285371780395769e-02
5.278016996383667198e-02
5.267400622367859192e-02
5.277377986907959284e-02
5.280411100387573387e-02
5.282095170021056801e-02
5.258004426956176813e-02
5.279370808601379500e-02
5.251708936691284330e-02
5.235990881919860840e-02
5.116007924079894742e-02
5.126060986518859997e-02
5.228696155548095970e-02
5.168105387687683266e-02
5.135950136184692233e-02
5.117021608352661372e-02
5.234845232963562106e-02
5.210631036758422985e-02
5.160037469863891502e-02
5.169420790672302202e-02
5.243306469917297097e-02
5.247526454925537098e-02
5.209822225570678866e-02
5.245559144020080222e-02
5.286259031295776484e-02
5.199855089187622320e-02
5.270988202095031744e-02
5.279240274429321256e-02
5.285351157188415694e-02
5.190264797210693282e-02
5.223579263687133656e-02
5.211942315101623230e-02
5.259640288352966653e-02
5.291747999191283997e-02
5.288867688179016424e-02
5.236765217781066961e-02
5.278337121009826771e-02
5.212563347816467213e-02
5.181644487380981240e-02
5.114256691932678178e-02
5.103333568572997886e-02
5.250751900672912670e-02
5.134396433830261397e-02
5.141548132896423678e-02
5.202044463157654008e-02
5.297549629211426025e-02
5.283788609504699862e-02
5.266066098213195712e-02
5.276746463775634777e-02
5.267806053161620816e-02
5.265473246574401550e-02
5.309025263786316257e-02
5.283775830268860191e-02
5.235012316703796520e-02
5.285240745544433905e-02
5.300866985321044805e-02
5.301763153076172186e-02
5.302830576896667286e-02
5.245266985893249495e-02
5.297570323944091747e-02
5.239419651031494013e-02
5.307615447044372603e-02
5.292990159988403276e-02
5.303262448310851890e-02
5.291126704216003729e-02
5.268087053298950440e-02
5.049492716789245883e-02
5.273944139480590820e-02
5.297516393661499262e-02
5.112489151954650868e-02
5.278019142150879028e-02
5.265485286712646290e-02
5.244808912277221929e-02
5.230962181091308727e-02
5.297853398323058849e-02
5.298623299598693992e-02
5.139400696754455738e-02
5.293221592903137040e-02
5.301934719085693581e-02
5.298503851890563887e-02
5.238642644882202104e-02
5.218519163131713628e-02
5.298730468750000033e-02
5.285886192321777310e-02
5.294984674453735024e-02
5.291345047950744840e-02
5.266523623466491666e-02
5.287893271446227755e-02
5.305121374130249146e-02
5.191329073905944641e-02
5.124963974952697482e-02
5.231704926490783614e-02
5.309156131744384444e-02
5.297934722900390914e-02
5.299495172500610224e-02
5.316804575920104636e-02
5.315256810188293685e-02
5.268255496025085749e-02
5.280906343460083086e-02
5.305308151245117371e-02
5.302637887001037525e-02
5.287540698051452354e-02
5.330127286911010703e-02
5.316274857521056940e-02
5.278842711448669678e-02
5.322984766960144054e-02
5.212753486633300848e-02
5.192518615722656328e-02
5.301414799690246787e-02
5.300871706008911111e-02
5.334700083732604736e-02
5.335523414611816062e-02
5.307312345504761053e-02
5.196871733665466009e-02
5.316203355789184820e-02
5.310504126548767218e-02
5.320594763755798207e-02
5.247178840637207325e-02
5.313382387161254966e-02
5.335746169090271190e-02
5.292313694953918596e-02
5.337029933929443581e-02
5.337070393562316772e-02
5.352300190925598361e-02
5.344669699668884444e-02
5.262262797355651833e-02
5.342790460586548107e-02
5.339031243324279807e-02
5.334449791908264099e-02
5.332903432846069353e-02
5.332403540611267007e-02
5.322297930717468512e-02
5.081884741783142256e-02
5.179883503913879084e-02
5.334019875526428006e-02
5.325102400779724299e-02
5.280655288696289168e-02
5.327631807327270347e-02
5.341548562049865806e-02
5.263737344741821478e-02
5.272334623336791953e-02
5.332050561904907310e-02
5.315334153175353682e-02
5.320249748229980563e-02
5.273419523239136070e-02
5.241320848464965654e-02
5.319996166229248175e-02
5.285851263999939015e-02
5.294749188423156921e-02
5.251786351203918679e-02
5.264381527900695995e-02
5.236880731582641696e-02
5.163298749923705966e-02
5.096547722816466980e-02
5.224802017211913757e-02
5.194823241233825772e-02
5.202930259704589833e-02
5.169427752494812345e-02
5.176236462593078458e-02
5.201311898231506664e-02
5.158985781669616494e-02
5.129552531242370650e-02
5.129368185997009583e-02
5.118622636795044228e-02
5.139047288894653398e-02
5.093076443672180098e-02
5.101010370254516896e-02
5.326795029640198076e-02
5.204910993576049999e-02
5.311484098434448436e-02
5.317360639572143305e-02
5.293923878669738736e-02
5.287328052520751803e-02
5.277787947654723893e-02
5.283957910537719765e-02
5.222017526626587108e-02
5.227369189262390248e-02
5.236301612854003806e-02
5.318311619758606112e-02
5.286911606788635004e-02
5.084323763847350963e-02
5.209958291053772006e-02
5.261641049385070573e-02
5.285208177566528415e-02
5.295415616035461376e-02
5.258795356750488315e-02
5.271412682533264255e-02
5.293084597587585649e-02
5.340444517135620184e-02
5.317752933502196966e-02
5.282769417762756686e-02
5.204735517501830888e-02
5.285690522193908780e-02
5.297758173942566234e-02
5.315860986709594616e-02
5.264916777610778587e-02
5.336233282089233171e-02
5.361627340316772738e-02
5.329214167594909651e-02
5.331760835647583047e-02
5.252216219902038769e-02
5.308520150184631303e-02
5.357940363883972185e-02
5.348433589935303045e-02
5.316767358779907193e-02
5.375020170211791681e-02
5.272002434730529985e-02
5.338640356063843045e-02
5.359040689468384105e-02
5.360098457336425620e-02
5.252052688598633085e-02
5.363127994537353338e-02
5.356162643432617332e-02
5.363638281822204895e-02
5.360585236549377658e-02
5.367626714706420776e-02
5.386361813545226945e-02
5.215094542503356800e-02
5.379414248466491549e-02
5.379320907592773093e-02
5.351654267311096308e-02
5.381731677055359014e-02
5.366807079315185497e-02
5.377976417541503740e-02
5.387081265449523981e-02
5.368419265747070152e-02
5.366822266578673978e-02
5.366336035728454246e-02
5.388042473793029641e-02
5.366936039924621871e-02
5.377776956558227850e-02
5.382518839836120811e-02
5.339223480224609270e-02
5.378981018066406050e-02
5.383233904838562178e-02
5.385882949829101651e-02
5.387448000907897605e-02
5.358300375938415683e-02
5.378972029685974432e-02
5.346601986885071017e-02
5.368368625640869418e-02
5.315420246124267362e-02
5.375751137733459500e-02
5.383456349372863631e-02
5.383993768692016402e-02
5.163754987716674683e-02
5.083195662498474210e-02
5.250078177452087436e-02
5.136021232604980752e-02
5.228286790847778281e-02
5.395778584480285384e-02
5.368123316764831371e-02
5.346949648857116794e-02
5.398649144172668751e-02
5.387942099571228077e-02
5.413703894615173179e-02
5.421502780914306402e-02
5.314631962776183993e-02
5.387745571136474954e-02
5.385766506195068665e-02
5.379702091217040960e-02
5.381048345565796198e-02
5.384229135513305536e-02
5.241115069389343240e-02
5.359840440750122253e-02
5.378681206703186252e-02
5.383123922348022339e-02
5.374731183052063044e-02
5.395679259300231734e-02
5.293873453140258978e-02
5.394226837158203058e-02
5.334038949012756547e-02
5.351594948768615551e-02
5.396816229820251137e-02
5.400282216072082447e-02
5.394849395751952909e-02
5.378675627708435353e-02
5.355955243110657044e-02
5.321323490142822188e-02
5.410174250602722140e-02
5.331099963188171142e-02
5.365599870681762862e-02
5.335894060134887401e-02
5.311265277862548678e-02
5.298120856285095520e-02
5.341198039054870922e-02
5.264962553977966392e-02
5.363244080543518033e-02
5.401770305633545044e-02
5.406476521492004084e-02
5.413797235488891635e-02
5.376895618438720659e-02
5.372455143928527715e-02
5.409091925621032498e-02
5.416139388084411505e-02
5.423041868209838717e-02
5.424545645713806097e-02
5.416235995292663363e-02
5.355908441543578979e-02
5.414459156990051453e-02
5.415488624572754178e-02
5.380770993232727312e-02
5.417066097259521512e-02
5.377660489082336515e-02
5.380785894393921159e-02
5.421413850784301963e-02
5.414065790176391529e-02
5.397489666938781738e-02
5.416145777702331687e-02
5.376285552978515847e-02
5.360978364944458258e-02
5.413242053985595909e-02
5.418397283554077237e-02
5.406912589073181036e-02
5.434373021125793457e-02
5.418501830101013494e-02
5.415760970115661432e-02
5.409139275550842174e-02
5.411784958839416237e-02
5.374591875076294156e-02
5.405181097984314287e-02
5.156463718414306535e-02
5.117571210861206199e-02
5.426331925392150618e-02
5.409231495857239058e-02
5.425420737266540422e-02
5.418467831611633451e-02
5.412157034873962130e-02
5.426834845542907737e-02
5.388351631164550737e-02
5.418595170974731257e-02
5.432715439796447637e-02
5.406372356414795161e-02
5.312876009941101124e-02
5.381784844398498219e-02
5.308658909797668579e-02
5.386793160438537592e-02
5.392968297004699374e-02
5.398867225646972884e-02
5.421570444107055853e-02
5.418140769004822083e-02
5.285611510276794212e-02
5.357935643196105879e-02
5.430587553977966192e-02
5.360562562942505077e-02
5.439891600608825345e-02
5.412026190757751598e-02
5.377890276908874750e-02
5.463425469398498768e-02
5.442898249626159507e-02
5.431797409057616960e-02
5.372874474525451971e-02
5.423250555992126243e-02
5.393073558807372908e-02
5.345222377777099354e-02
5.431573009490966997e-02
5.439553165435791204e-02
5.425111842155456304e-02
5.371620130538940635e-02
5.447961544990539279e-02
5.453906393051147217e-02
5.433588624000549455e-02
5.431037974357604686e-02
5.431097817420959400e-02
5.299467658996582370e-02
5.322690963745117104e-02
5.445804810523986739e-02
5.447735857963562078e-02
5.448821449279785123e-02
5.449454474449157843e-02
5.446707677841186590e-02
5.369278454780578719e-02
5.436679935455322049e-02
5.462277197837829557e-02
5.417604088783264243e-02
5.449004411697387640e-02
5.467008328437805015e-02
5.435661792755126787e-02
5.441425442695617398e-02
5.370625591278076205e-02
5.338852763175964272e-02
5.408685135841369285e-02
5.442149758338928056e-02
5.450439381599426342e-02
5.440246748924255221e-02
5.414035940170287831e-02
5.465027618408203197e-02
5.464288687705993325e-02
5.448536682128906489e-02
5.450997924804687478e-02
5.452093148231506453e-02
5.326460862159729248e-02
5.407237029075622620e-02
5.451010584831237488e-02
5.453775835037231318e-02
5.461415719985961842e-02
5.463565349578857616e-02
5.272907471656799322e-02
5.466881418228149159e-02
5.465012383460998713e-02
5.456914305686950961e-02
5.442007589340210061e-02
5.453133535385131653e-02
5.434045553207397794e-02
5.455666804313659413e-02
5.473175430297851779e-02
5.446864366531371793e-02
5.456252670288085777e-02
5.436241793632507618e-02
5.387655639648437217e-02
5.330475330352783120e-02
5.431866765022277943e-02
5.460268449783325234e-02
5.431764006614685225e-02
5.465241408348083668e-02
5.466224169731140337e-02
5.362549781799316739e-02
5.442664408683776933e-02
5.460503673553467052e-02
5.465592932701111156e-02
5.459719157218933389e-02
5.467123866081238098e-02
5.463395881652832048e-02
5.409771823883056940e-02
5.444324660301208541e-02
5.491337823867797896e-02
5.408445525169372492e-02
5.481190299987793307e-02
5.472462081909179599e-02
5.472463488578796498e-02
5.451838827133178439e-02
5.484490823745727384e-02
5.490609335899353238e-02
5.462106132507324463e-02
5.457666897773742753e-02
5.452279758453369013e-02
5.483682799339294200e-02
5.420146965980529585e-02
5.413448381423949934e-02
5.473286986351013489e-02
5.480186986923217540e-02
5.476494336128234774e-02
5.480241560935974338e-02
5.407683205604553456e-02
5.474172091484069691e-02
5.371166706085205023e-02
5.411362123489379949e-02
5.482036828994751171e-02
5.446906781196594188e-02
5.490795135498047208e-02
5.484155607223510642e-02
5.472806477546691972e-02
5.482923316955566617e-02
5.481965756416321001e-02
5.478459239006042147e-02
5.474389839172363187e-02
5.485207366943359308e-02
5.480301046371460066e-02
5.486204576492309526e-02
5.503035235404968306e-02
5.473708915710449180e-02
5.478293204307556341e-02
5.478647089004516635e-02
5.411640524864196750e-02
5.386542510986327970e-02
5.429730176925659513e-02
5.469709587097167786e-02
5.494189453125000039e-02
5.491529488563537398e-02
5.452876543998718545e-02
5.487679910659790106e-02
5.406216478347778548e-02
5.392589807510375643e-02
5.343695616722107106e-02
5.395019936561584739e-02
5.406406855583190812e-02
5.435784530639648643e-02
5.375330448150635043e-02
5.296192717552185292e-02
5.262902140617370383e-02
5.246082234382629106e-02
5.279148411750793357e-02
5.505968570709228460e-02
5.393148422241211132e-02
5.473982381820678700e-02
5.388431406021117892e-02
5.349698472023010215e-02
5.454873895645141746e-02
5.417528104782104448e-02
5.386966204643249545e-02
5.450485086441039795e-02
5.373955035209655728e-02
5.424982428550720326e-02
5.495374369621276733e-02
5.412621903419494868e-02
5.440483236312865928e-02
5.430418276786803944e-02
5.438387870788573969e-02
5.462076973915100386e-02
5.453603363037109325e-02
5.456373429298400773e-02
5.435303068161010526e-02
5.439270877838135038e-02
5.273535633087158420e-02
5.486545562744140486e-02
5.413986730575561651e-02
5.418130660057068199e-02
5.465419769287109542e-02
5.468020772933959717e-02
5.449845886230468561e-02
5.453466701507568570e-02
5.524262166023254095e-02
5.510341620445251276e-02
5.506120681762695368e-02
5.509065794944763284e-02
5.482330727577209434e-02
5.520041275024414190e-02
5.514541363716125161e-02
5.511500310897827354e-02
5.517666029930114874e-02
5.307074141502380465e-02
5.203990626335144171e-02
5.506008768081665367e-02
5.528792619705200084e-02
5.490342879295349171e-02
5.471136879920959761e-02
5.515862989425659307e-02
5.532645678520202448e-02
5.520876431465148587e-02
5.528475141525268644e-02
5.530772829055786294e-02
5.508991503715515020e-02
5.517466616630554294e-02
5.520246553421020302e-02
5.491609191894531589e-02
5.513355517387390214e-02
5.520742964744567577e-02
5.390016412734985329e-02
5.539100670814513933e-02
5.547159075736999428e-02
5.539489293098449896e-02
5.530756711959838867e-02
5.517169117927551297e-02
5.530557370185851945e-02
5.532249164581298784e-02
5.532070612907409590e-02
5.493875575065612638e-02
5.516648340225219910e-02
5.529052066802978699e-02
5.495380306243896618e-02
5.282188796997070585e-02
5.524085831642151084e-02
5.510978937149047657e-02
5.469421172142029108e-02
5.532348394393921120e-02
5.544247150421142273e-02
5.524984908103942882e-02
5.538164639472961670e-02
5.533215808868408025e-02
5.473062801361083807e-02
5.531074428558349632e-02
5.556187725067138899e-02
5.549923682212829640e-02
5.539172768592834362e-02
5.542241764068603360e-02
5.530925130844116522e-02
5.547625279426574713e-02
5.539718794822692804e-02
5.498469948768616028e-02
5.371463990211487044e-02
5.502811431884765958e-02
5.538575220108032243e-02
5.545978236198425421e-02
5.534566116333007602e-02
5.481975650787353216e-02
5.539934206008911149e-02
5.547685360908508057e-02
5.460107636451721341e-02
5.375656867027282793e-02
5.514420866966247836e-02
5.477506327629089178e-02
5.552896142005920438e-02
5.539992070198059004e-02
5.534335398674011114e-02
5.530696797370910495e-02
5.560305595397949108e-02
5.535820198059081959e-02
5.519038867950439714e-02
5.397953963279723821e-02
5.491706395149231063e-02
5.362097811698913336e-02
5.551413893699645719e-02
5.548609805107116572e-02
5.548768186569214000e-02
5.547873783111572504e-02
5.557112479209899703e-02
5.549562358856201250e-02
5.568256354331969915e-02
5.565455341339111545e-02
5.550742793083190962e-02
5.547141838073730430e-02
5.540787053108215537e-02
5.554208016395568992e-02
5.570329308509826965e-02
5.537134361267089661e-02
5.556233906745910306e-02
5.547500944137573331e-02
5.567841696739196655e-02
5.526473927497863731e-02
5.466677188873290960e-02
5.559738278388977328e-02
5.440516090393066745e-02
5.538665676116943243e-02
5.560744094848632524e-02
5.538001918792724576e-02
5.524215149879455750e-02
5.531603813171386691e-02
5.546128821372985768e-02
5.534362673759460338e-02
5.554147291183471336e-02
5.536958360671997287e-02
5.556678199768066290e-02
5.522073221206665050e-02
5.257658219337463246e-02
5.523505425453185957e-02
5.570141410827636475e-02
5.576097679138183882e-02
5.582089281082153187e-02
5.570936608314513983e-02
5.551933479309081876e-02
5.430675268173217746e-02
5.573615741729736478e-02
5.560158586502075145e-02
5.562221765518188255e-02
5.493834233283996504e-02
5.584011125564575240e-02
5.582493591308593933e-02
5.577515292167663230e-02
5.543680500984191767e-02
5.458567357063293796e-02
5.532581424713135104e-02
5.508019065856933905e-02
5.445642066001891990e-02
5.248875880241393732e-02
5.478230881690979159e-02
5.566461730003356700e-02
5.492276906967163280e-02
5.524883747100830383e-02
5.522531151771545299e-02
5.537192893028259483e-02
5.553274512290954507e-02
5.486383295059204385e-02
5.528506588935851868e-02
5.480273509025573864e-02
5.573576092720031877e-02
5.581536889076232910e-02
5.531867623329162625e-02
5.547161126136779946e-02
5.504048538208007602e-02
5.591463160514831277e-02
5.548210096359253163e-02
5.592106580734253207e-02
5.579083728790282942e-02
5.507300996780395419e-02
5.547847557067871194e-02
5.580468630790710177e-02
5.526595759391784990e-02
5.582340192794799788e-02
5.585397267341613708e-02
5.588215613365173084e-02
5.578409457206726096e-02
5.593618488311767611e-02
5.552524065971374545e-02
5.572360610961914207e-02
5.598282551765441928e-02
5.585566997528076255e-02
5.582724547386169744e-02
5.546159744262695035e-02
5.531257486343383462e-02
5.432911324501037836e-02
5.587409520149230757e-02
5.362608122825622547e-02
5.609294033050537392e-02
5.610763573646545405e-02
5.585450673103332236e-02
5.592015743255615567e-02
5.575979900360107655e-02
5.599152493476867998e-02
5.599663138389587153e-02
5.592100715637206981e-02
5.598718237876892240e-02
5.594891023635864546e-02
5.612334823608398221e-02
5.610190725326538036e-02
5.512161946296691845e-02
5.542907977104186840e-02
5.610735487937927590e-02
5.607194972038269387e-02
5.601675176620483226e-02
5.613655328750610102e-02
5.598541092872619945e-02
5.595212578773498674e-02
5.600370240211487161e-02
5.571409654617309748e-02
5.595451831817627175e-02
5.607770895957946838e-02
5.594698786735534390e-02
5.603104853630065663e-02
5.596950340270995944e-02
5.515098071098327448e-02
5.620638036727905462e-02
5.619437360763549633e-02
5.623111677169799483e-02
5.594350051879883046e-02
5.608619499206542874e-02
5.610156846046447654e-02
5.602527403831481650e-02
5.604359936714172624e-02
5.604552745819092047e-02
5.613248538970947582e-02
5.608070659637451327e-02
5.610626602172851668e-02
5.598939442634582458e-02
5.613235282897949263e-02
5.628506422042846985e-02
5.600559043884277555e-02
5.601741313934326116e-02
5.607222962379455888e-02
5.620950007438659662e-02
5.565697169303893826e-02
5.599810051918029802e-02
5.571615099906921525e-02
5.628577685356140475e-02
5.571408629417419489e-02
5.587593603134155540e-02
5.477799344062805192e-02
5.618266963958740146e-02
5.617302012443542436e-02
5.569938158988952531e-02
5.492905378341674666e-02
5.570557141304015997e-02
5.621147108078002747e-02
5.606830811500549544e-02
5.613912820816040206e-02
5.489920353889465171e-02
5.386182641983032482e-02
5.510735201835632174e-02
5.627432751655578325e-02
5.526103854179382352e-02
5.622898769378661954e-02
5.611719584465026806e-02
5.643736195564270225e-02
5.618232417106628490e-02
5.639848208427428872e-02
5.629499101638794217e-02
5.632191848754882629e-02
5.634026718139648754e-02
5.621799826622009277e-02
5.599544882774352972e-02
5.624577045440673495e-02
5.625560379028320124e-02
5.627301764488220476e-02
5.557506871223449885e-02
5.624567723274231240e-02
5.599076890945434842e-02
5.627688574790954551e-02
5.613844561576843140e-02
5.609999728202819808e-02
5.605064558982848777e-02
5.651050829887389881e-02
5.634229445457458740e-02
5.511944079399108687e-02
5.484390091896056835e-02
5.586076545715332187e-02
5.530485200881957858e-02
5.580581641197204790e-02
5.611019396781921631e-02
5.571455097198486223e-02
5.517892026901245056e-02
5.449274253845214772e-02
5.536331558227539085e-02
5.490696501731872486e-02
5.388179993629455683e-02
5.539911246299743935e-02
5.521645617485046453e-02
5.567745137214660800e-02
5.521459674835205167e-02
5.525772237777709650e-02
5.566813516616821167e-02
5.553370785713195729e-02
5.560791182518005221e-02
5.548714518547057800e-02
5.476204013824462896e-02
5.505715990066527982e-02
5.536507391929626487e-02
5.390713453292846763e-02
5.548724603652954029e-02
