1.400448337793241933e+02
1.429924891143458581e+02
1.648163679455513773e+02
1.530476262939357639e+02
1.491598337498967055e+02
1.413655969865613713e+02
1.263304870358924319e+02
1.248523252175989029e+02
1.263532039657270047e+02
9.976101067093875940e+01
9.077771636782637188e+01
6.570636737981767794e+01
6.267865601345892657e+01
6.512773079518318298e+01
5.916668942003787635e+01
4.764231847670695430e+01
4.404786734015916494e+01
4.857084335312958956e+01
3.731895888979317988e+01
4.081718141505166386e+01
4.506984447210271583e+01
2.620021881098906746e+01
3.692703673118897711e+01
3.207060511904742128e+01
2.566573139244589186e+01
2.415933242525441571e+01
3.835484389260957983e+01
1.953493930122537137e+01
1.896590050839140673e+01
2.301872352464642901e+01
4.510395333826789965e+01
2.068884040082498643e+01
3.030206074212090428e+01
1.448740875074641110e+01
1.993307604833508506e+01
1.424622443918031323e+01
2.157652849467450906e+01
2.544489818229590128e+01
1.443788966035662469e+01
1.984361981017596221e+01
1.439113179915796081e+01
9.727931618868751684e+00
2.340411726616668986e+01
1.680630847547789486e+01
1.888961284940620189e+01
1.414541628074132262e+01
2.266953895111021922e+01
1.144016292105783883e+01
1.510016803491905257e+01
9.011772543107648303e+00
2.119045120412031835e+01
5.657486573193351376e+01
2.441115311911056551e+01
2.149746287493803010e+01
1.499380651378212370e+01
1.383119433282636734e+01
1.095611243122306888e+01
1.487729373723519188e+01
2.157098523304409454e+01
1.820940419925276288e+01
2.462852945677807170e+01
1.126676662041857213e+01
2.610258862154922710e+01
1.555293249592124560e+01
1.716353141603124044e+01
1.092319383519527776e+01
2.157496734353932766e+01
8.115716860978576364e+00
1.172354597955644984e+01
1.499836632650985280e+01
1.565173661642920422e+01
1.312847128905412575e+01
8.665939158149933874e+00
1.358034760096574445e+01
1.019427006263741298e+01
1.459986707805801309e+01
1.960104841365459549e+01
2.063004020404490646e+01
2.381117508923897574e+01
8.698645326951842449e+00
2.362595689850158820e+01
1.887967620025176529e+01
1.354904277030434834e+01
2.394040466701216729e+01
1.820797928444952163e+01
1.625574012048094019e+01
1.101939497894530007e+01
1.379440732410426840e+01
1.129060531794008249e+01
8.752908761391040571e+00
1.135767450613580465e+01
1.992334887206292393e+01
1.347836031315008931e+01
1.234504167171976086e+01
1.516403091840283324e+01
1.733369604551800691e+01
1.626565188855625266e+01
1.729213187766753279e+01
2.437807256942083356e+01
1.288904664376862286e+01
2.469665648040966133e+01
1.700004220058687565e+01
2.191555795733373557e+01
6.878348524921596763e+00
1.085834930807298981e+01
9.857735350156650256e+00
1.139357474869673403e+01
9.743126547629790579e+00
1.416435372808814286e+01
1.208183006049509167e+01
9.344843761018843509e+00
1.478541823583623405e+01
1.547403025753127537e+01
1.548290027174119565e+01
1.026728667892030700e+01
2.368632817546811253e+01
1.195872489772456504e+01
9.348829722145103105e+00
1.458745760365116340e+01
9.113987642812935164e+00
9.602351203372593957e+00
1.057934593949837243e+01
1.353731525982062678e+01
1.384021791233357845e+01
1.170526715867851841e+01
1.648205470177229159e+01
1.814358175281322616e+01
9.535496941045014552e+00
9.961829809169502781e+00
6.810229237138422320e+00
1.403329192270683023e+01
2.121812715087895995e+01
1.182193112474643293e+01
1.730884693897437288e+01
8.283367864366075750e+00
1.252823818346464613e+01
1.699126680419884039e+01
2.134101431278444849e+01
1.036229296528510169e+01
7.981147664857615176e+00
7.660201280597755513e+00
6.514959884329933004e+00
8.655546116824679004e+00
4.233228622455962409e+01
7.466056029406091810e+00
1.175452578621396782e+01
1.205576436508246729e+01
1.248437091361069839e+01
1.182989898260529671e+01
9.596853846566244073e+00
8.217028478368920474e+00
6.631286241698735040e+00
1.317179005968810479e+01
1.224637243258452202e+01
9.968818989981251377e+00
2.396482679542797811e+01
5.373033294463628096e+00
1.462473215182436981e+01
5.441941126521523842e+00
1.021026786445349188e+01
9.668418666590451238e+00
1.635291434832697632e+01
1.810926364692745238e+01
1.215050753679586215e+01
9.604350859859641432e+00
1.403301107002476300e+01
9.239373916891135963e+00
1.328384091467588313e+01
8.987839991167497544e+00
6.282250046461445692e+00
1.071360090662679632e+01
1.243056275167718105e+01
1.143689700412804378e+01
8.624420929412966785e+00
8.169480029935069609e+00
2.967788355211684248e+01
2.115993361540061457e+01
7.194278501695604788e+00
8.357659961403651749e+00
1.592597887377016441e+01
1.016871336933063930e+01
1.743423900246849101e+01
7.147197482713560923e+00
6.676967923048981568e+00
8.168612710177379554e+00
1.376445850751216682e+01
8.408499620108273120e+00
1.107725702128653644e+01
9.011001266264896614e+00
1.041557772675426108e+01
8.548929900965626771e+00
1.100155935130756291e+01
6.809816594525060829e+00
9.774784850780392276e+00
8.327638424930823291e+00
1.032583882529010033e+01
8.077124158095841722e+00
7.806356150754668377e+00
7.939747727237342012e+00
8.244518934952127509e+00
6.246806119010056335e+00
1.000501599942452025e+01
9.760387312099089385e+00
1.046604336578149663e+01
6.311539361199864473e+00
1.107315197535902307e+01
9.206089741469298815e+00
9.533118798496586166e+00
9.489503651365440717e+00
1.453596634377894858e+01
9.925413954150592133e+00
1.529051469987329348e+01
7.183723399716869906e+00
7.043581354805312778e+00
9.864006261354308691e+00
9.841736528427496467e+00
6.502709265310811837e+00
1.295097223924163821e+01
1.194921323364911991e+01
6.173126697476193137e+00
1.689672865598429752e+01
7.135094527201681913e+00
1.368749315383019471e+01
8.587669952107832572e+00
8.842165388619282140e+00
1.036542499666319728e+01
7.643090656749246925e+00
1.013148719544552456e+01
1.275120824689071597e+01
8.934950018479034028e+00
8.763360732695442579e+00
6.495581592964345674e+00
7.573631701128300975e+00
1.339490472439522861e+01
7.784944639861272719e+00
6.012537310176257144e+00
5.258340577002472926e+00
1.425973794091509816e+01
6.834347727010464446e+00
7.237876918614591482e+00
9.460592418889342881e+00
6.589783470576212387e+00
1.193580215441140524e+01
7.314064683635449704e+00
7.834662797621671615e+00
1.771849550121534378e+01
1.416825947914763617e+01
7.710607395560269417e+00
5.151422446019958024e+00
8.979461786926025368e+00
6.907204227289295062e+00
1.217859738108648671e+01
1.362047826761932789e+01
7.129801184948973081e+00
7.224470873580933095e+00
7.722766847626329145e+00
7.982954973988956482e+00
1.681587049934021394e+01
9.448784270484814840e+00
1.740538666839479376e+01
1.892051342432565164e+01
6.598994437571162663e+00
2.334661944818797252e+01
5.462070828075091811e+00
1.077317624727127310e+01
1.929191076285328066e+01
2.052620600298600095e+01
1.220695740581969524e+01
1.053453775050354224e+01
9.183644306304598715e+00
8.909578850729525712e+00
1.596626508511554121e+01
6.008393750808712852e+00
5.609056568696505707e+00
9.956477373705649114e+00
1.270920906787712035e+01
1.542790218867514263e+01
4.868358859672285988e+00
1.649728463637084630e+01
1.395330699848686073e+01
1.771886247189427621e+01
7.778048443150108682e+00
2.955171892327542693e+01
1.223085432774012205e+01
1.878108020873958139e+01
6.891646167922447219e+00
7.670676189252849220e+00
6.461384265944788652e+00
1.767091713992511259e+01
9.793211228557197501e+00
1.401115452259737282e+01
1.585034175341632157e+01
6.348916318735483344e+00
1.975711210994967715e+01
1.426273678937435463e+01
2.538426235573865952e+01
6.317061741818645437e+00
6.960792755418114375e+00
7.243089473825070179e+00
1.091434084491279677e+01
6.566850394589073936e+00
9.297703676477388157e+00
8.283920779771959175e+00
1.680540908037399106e+01
2.029647530052331561e+01
1.130393518101795536e+01
1.164336150095991407e+01
8.987646512034125124e+00
1.191784550677772181e+01
1.350901199845351286e+01
1.403279745871908091e+01
1.085502458576674911e+01
1.442621945855779231e+01
2.435282755329572879e+01
1.927743636380909464e+01
1.085607414936752946e+01
7.552372006294834961e+00
2.745017184638065899e+01
1.314711457742249223e+01
1.206647610537109294e+01
1.855888958725742910e+01
2.496701544878595058e+01
1.186488661488332319e+01
3.145810467926689924e+01
2.756557096001752427e+01
1.835327851309435943e+01
1.227541731849590789e+01
1.459128408188166226e+01
1.458501243822825089e+01
2.292893457121261491e+01
1.743398116033376510e+01
1.906819910182861122e+01
1.934257570014084493e+01
1.186061675592724285e+01
1.036267389228716063e+01
2.790445059562475194e+01
7.996404953672975324e+00
1.281405939980037800e+01
2.024800042955059709e+01
3.945410258789132740e+01
1.238090147107854833e+01
8.208264627756301834e+00
2.317200599267722794e+01
1.765897526407542983e+01
8.330154835453853934e+00
1.178452351552686039e+01
1.307495743893807294e+01
2.845891573299267208e+01
8.723456587301420484e+00
1.367413759902524184e+01
2.091853340801943517e+01
1.056670784624721726e+01
3.750954270482230157e+01
1.327717503211227879e+01
1.740190206061672029e+01
1.470937967719588713e+01
2.298103862913229278e+01
2.109515939365733672e+01
2.738711612294580533e+01
2.670674871091017977e+01
7.544391304661081321e+00
1.707406931911809878e+01
1.185056695195167364e+01
3.017773557715315391e+01
2.329513731846225255e+01
1.938726733890078435e+01
1.905622375729280193e+01
1.894100785185497315e+01
1.716355666464404450e+01
1.431261777838130911e+01
1.949587615356018588e+01
1.795043501726257418e+01
1.292903773525510225e+01
1.953293684190314750e+01
1.662142965415578288e+01
9.485965782912275657e+00
3.525861117841157011e+01
7.525972617281337484e+00
9.655893899294049731e+00
1.396326402692204205e+01
2.210941908106816811e+01
9.017732594505252663e+00
1.744300379509984111e+01
1.060894613563420563e+01
1.177132870607741388e+01
5.394999308409486360e+01
2.808049479938482662e+01
1.833296998145452861e+01
3.570087236110611428e+01
2.412010415506885508e+01
1.205447421070123859e+01
1.098126472426378086e+01
2.842719713940077852e+01
1.369756637629313367e+01
1.144198005561960407e+01
3.224807676863978401e+01
1.407597313865301025e+01
2.428729759784570774e+01
3.962980562723092959e+01
4.007041452893155764e+01
3.088288715035396947e+01
2.130819577465071291e+01
2.752693451360309496e+01
1.249164898538291979e+01
1.051543978600941109e+01
2.215252648649848766e+01
5.852532413446677850e+00
1.383806983989189376e+01
1.991565597061918425e+01
2.290758812866554450e+01
1.731880106480852177e+01
2.650910718047726178e+01
1.284719063304269149e+01
2.234267886836945749e+01
3.163216528114188009e+01
2.649513359425786163e+01
2.676286945859272137e+01
1.228921946507890972e+01
2.141355110994300759e+01
2.843263004202301758e+01
1.782445020712611594e+01
2.846523432480932669e+01
1.746679963989034334e+01
2.070089777946854781e+01
2.714886536748892709e+01
1.596442571264331356e+01
1.791919320489998313e+01
1.322255303152145878e+01
1.585323052435278868e+01
1.882304089382045831e+01
1.386892214696899472e+01
3.978596722276407860e+01
1.675614727505488943e+01
2.514984640178916564e+01
2.341088586998228038e+01
9.347739555403030920e+00
9.873150732083409764e+00
5.715029664988585978e+01
1.927468469143995122e+01
6.486263010929020822e+01
6.814872292227461514e+01
8.214224363936854445e+01
2.499815210176891611e+01
4.443234555062066704e+01
2.543279960315513577e+01
3.768252139887582075e+01
6.075354497711820301e+01
4.875802444302295413e+01
2.234953045714468089e+01
3.871868408436976949e+01
3.978272386400490035e+01
5.402579373808190155e+01
1.984512625752786263e+01
3.971583676262110174e+01
1.818013015357063011e+01
2.789036236017356885e+01
7.119653912871721957e+01
4.057652961909355582e+01
3.459626079237505536e+01
2.996223346442727120e+01
1.646586737857914073e+01
4.420728791295989879e+01
1.389226240963632719e+01
2.820586444412217730e+01
3.893440843073103252e+01
3.502235610463633009e+01
3.700846024872078033e+01
2.396196790833699097e+01
2.989934431985250285e+01
3.554301935204168217e+01
3.349189462541438900e+01
1.710640114666538736e+01
2.825145409771933558e+01
3.111508466591096322e+01
1.958715905664869084e+01
4.832306835163852554e+01
3.455827152853509432e+01
1.954901905834430309e+01
5.002243292752744708e+01
3.581155824259072062e+01
2.174642639743533934e+01
3.586670987615735839e+01
2.372349721580525284e+01
1.350468081920134011e+01
3.679852675891173419e+01
7.516689643089432593e+01
5.816290741210411142e+01
3.820357918892408833e+01
2.557148576750009639e+01
1.994621105609514444e+01
5.429292337174182137e+01
3.165472536464547559e+01
2.582865436650174118e+01
4.887891992240062677e+01
1.824726603065102282e+01
3.705210591868473813e+01
5.978716808260061555e+01
6.455985682073087162e+01
1.528899752396918288e+01
2.182536723488236063e+01
2.406385516924887824e+01
6.211650074792593301e+01
4.024599473276040129e+01
4.396029071835602764e+01
6.163188381510519775e+01
2.539700609334860104e+01
4.911176781137987035e+01
3.471951166269467848e+01
5.467298274574272199e+01
4.469513107291556508e+01
2.491443483605079479e+01
6.917134469391977802e+01
4.403615572963199298e+01
5.395394724150423826e+01
7.369140575572606622e+01
8.364625607128503759e+01
2.598939879717175572e+01
6.302590830791671550e+01
3.626533278795528759e+01
3.629093301071043953e+01
4.182112757937597536e+01
2.328470050825739079e+01
3.261755820557652186e+01
4.163134449804786641e+01
5.056808759325129188e+01
4.597864377395396218e+01
8.546965399305544508e+01
4.170200455309048237e+01
5.186648265478071806e+01
1.533899120431998426e+02
6.488258563667834267e+01
3.317768031437658038e+01
6.028263590374536562e+01
3.855576743454069799e+01
3.221857833744017796e+01
4.456823741020372154e+01
3.420039894942399883e+01
4.316574925275103425e+01
4.404989433657992492e+01
8.903253848690137318e+01
6.591044553186912935e+01
6.957940195840814113e+01
5.836745924473277114e+01
5.578864523834015898e+01
6.655128550534791998e+01
5.746098751631966195e+01
1.010915219528679785e+02
1.099339285121321694e+02
6.555625153241558678e+01
3.195055264838702769e+01
1.392312891463499795e+02
8.244512077926039240e+01
8.934892267990839798e+01
1.405951297031713807e+02
1.212291384287044735e+02
1.212559177377569739e+02
8.459477313689492917e+01
2.283563490645675742e+01
3.761130189555063197e+01
1.005257210116549516e+02
6.220172345059870622e+01
2.531568192298972875e+01
7.523310633745012410e+01
5.974068307710189885e+01
2.967234664420405110e+01
1.245914562393124356e+02
6.028224653382322629e+01
3.591293169950080966e+01
1.677094946803316589e+01
8.322641500552570903e+01
2.138259229492381053e+01
5.921075816658947844e+01
4.977739874543199505e+01
1.020591302919936112e+02
5.939607672524658710e+01
8.815795683719787235e+01
4.881366406970719396e+01
9.225161102098233812e+01
2.030528083866163058e+01
2.000835099055599642e+01
3.003612809906131531e+01
2.687803715896463430e+01
3.710840995308909385e+01
5.633585346699651808e+01
9.484382861007023280e+01
5.848974330480883310e+01
2.677115997639703693e+01
3.367864091863853560e+01
6.627178286744634761e+01
3.188348953964467469e+01
3.489292071924026573e+01
2.259151680894329317e+01
4.884087091213925191e+01
5.278034103676201738e+01
1.981616069156515891e+01
1.795832469981240465e+01
8.422923017006127111e+01
5.697074115696224794e+01
5.921431353292685884e+01
8.076461592179744287e+01
1.429525710767928004e+01
5.881178998174424777e+01
3.303011598451200825e+01
5.632400640250415336e+01
2.063321476645306518e+01
5.677031479474215558e+01
1.353675520936377019e+01
4.169924478276777080e+01
4.705954715007832334e+01
2.709729083946591288e+01
6.563765388836949910e+01
4.762832244647049151e+01
2.417434776163595700e+01
4.068818013136758793e+01
4.538846708968819854e+01
3.621514121427664179e+01
4.971706140152227249e+01
2.364592630481148205e+01
6.375053256596501683e+01
6.183487989437978172e+01
3.753810914892540751e+01
6.030541762020077812e+01
3.154502609036955363e+01
9.994885641665477749e+01
7.815045672971515955e+01
6.004181992753921548e+01
7.612337745292386160e+01
5.767056481105498023e+01
4.639546379205197724e+01
6.955239579154451235e+01
2.117623858679261772e+01
3.370474022162407834e+01
2.414195057031064806e+01
8.790369303873518447e+01
6.822580766339605418e+01
3.344254289733323304e+01
4.157730616082111652e+01
1.664066255691277263e+01
4.672689390297416878e+01
9.489789198645776480e+01
3.462061382785592656e+01
9.024536711901794206e+01
3.265730616139969555e+01
4.098450369653392045e+01
4.474315071126978438e+01
1.224893560248974609e+02
3.875592088709402816e+01
5.213931054655873254e+01
3.417253525462793107e+01
4.331188544068426438e+01
6.155859119428327375e+01
5.012880915913137869e+01
4.638193341384916835e+01
6.738392558295258539e+01
3.926207723549787687e+01
5.480865603013521792e+01
6.389706554929389171e+01
2.921864977071234648e+01
1.673720812573699490e+01
4.396086688583152124e+01
2.400838215215386739e+01
4.979032512803888011e+01
5.558559998172319183e+01
6.122583154122871463e+01
1.024664795733807665e+02
1.518870053692600308e+01
6.932103087345379322e+01
7.578102069649182226e+01
1.322177455429735176e+02
5.945210931542249710e+01
2.062460115414978645e+01
3.325489410489750242e+01
1.936600556898729764e+01
1.087470739472426544e+02
2.095325876734871073e+01
1.833379701207115531e+01
4.166923660276145824e+01
1.379184734875455831e+01
7.992071085693795851e+01
3.670965092238064642e+01
8.083823577374717217e+01
1.202982474631186527e+01
2.897459416215615136e+01
5.501280631512764785e+01
7.659064086074849342e+01
5.164919876980016511e+01
7.938054175589434180e+01
6.601457694736119208e+01
5.346898483954565506e+01
4.327068269612436779e+01
3.776997662133140210e+01
5.422847596227462219e+01
6.520600788696057748e+01
6.011797948372942102e+01
1.029037323468737668e+02
8.868580556379139068e+01
7.745681046689472282e+01
4.710443730134623763e+01
8.175322561559444523e+01
1.836121431345239898e+02
3.026337664944124128e+01
8.123822748923379322e+01
4.298108583074952804e+01
1.387706539716810141e+02
1.031676144552600221e+02
2.420693468135394966e+01
4.349783603513743202e+01
4.116237614825502078e+01
2.986510337660486414e+01
8.245160069384890278e+01
2.207590149741280783e+01
4.951704673131871459e+01
9.149386241974818290e+01
5.655404096471708897e+01
5.382161892119256663e+01
4.224771788553636753e+01
5.464629172880368913e+01
4.690458020226930813e+01
1.161486145977948752e+02
5.191802341293058731e+01
3.512921237511920225e+01
1.095722569722764632e+02
3.185867425172023104e+01
4.055792327968232769e+01
1.990166763496155156e+01
4.712893610947889300e+01
8.868661464989580168e+01
4.971821758723454110e+01
8.705587132071255496e+01
4.996120496021897139e+01
7.034760134199366632e+01
5.084485176866382261e+01
5.272031532863868364e+01
4.476152644374560197e+01
4.114353710032366962e+01
4.115583918386367657e+01
6.473651828655492579e+01
5.185643292335814891e+01
5.149795707316712878e+01
3.335653840124016511e+01
3.079974003371878055e+01
2.446977760835128279e+01
2.057588056794237730e+01
7.214822445429292941e+01
6.637349589763108781e+01
4.464262503310835939e+01
4.297221004415341383e+01
9.036526987035584568e+01
7.519881044177725471e+01
3.594019538269898106e+01
2.424136186812337712e+01
5.264141466104674549e+01
7.342495243994008547e+01
2.632485857563287368e+01
2.622904113969741502e+01
2.388742063089321377e+01
3.087172072795835120e+01
3.159422234742730495e+01
5.957140559152745141e+01
7.397910281145531997e+01
2.684166987375613189e+01
1.907273413788898608e+01
3.555313402819497526e+01
2.841482725606936199e+01
2.642762848354355754e+01
6.682997440036091064e+01
7.664283554811936483e+01
3.642518435558496748e+01
3.989217161497163744e+01
3.523402296505329900e+01
5.016931214100251424e+01
3.600685647814797363e+01
7.614135584272015933e+01
6.238293194019058063e+01
5.641820803254822891e+01
3.475757758235645412e+01
6.794090210329827073e+01
3.818582601232105844e+01
3.511612725017590009e+01
1.691146151573138212e+01
1.972780372557592088e+01
6.869905560684298962e+01
4.415918415495177385e+01
5.788997407704834330e+01
2.238465616169727213e+01
2.932914187310013787e+01
2.249566404502331807e+01
5.808029321712610482e+01
5.799496692628584071e+01
9.661307363961033445e+01
3.721538871810321325e+01
3.687317703458156615e+01
4.366326028961975680e+01
5.569534542567540569e+01
6.191444656122530432e+01
5.925593219347179286e+01
2.469364325161733476e+01
2.904447495991422912e+01
1.646010168396325568e+01
3.221986442904925951e+01
3.369992777518002924e+01
5.850591720058186240e+01
3.389689584708392545e+01
6.951243440811427377e+01
1.380764189006182221e+02
3.725476375033619547e+01
3.149449401579688868e+01
5.849894966891706360e+01
4.960855066636985100e+01
6.154908883374560702e+01
7.232414063158215356e+01
4.263857272853007174e+01
5.439247794799170066e+01
5.917428497983492264e+01
5.777810769209063579e+01
2.586482375315081583e+01
7.074227227033379961e+01
4.473790082651956368e+01
5.455163031087875680e+01
5.378148150794609705e+01
5.026418331489318092e+01
4.382081490413784053e+01
6.275283943401547049e+01
8.336359608144647382e+01
3.144766526787559968e+01
7.714550413066722001e+01
6.799044353503447269e+01
4.566979476372599578e+01
3.452131715259651656e+01
4.170628104798038294e+01
3.893254740203819608e+01
2.768489696659304400e+01
8.003259687719682347e+01
1.075802116027262514e+02
1.549026681182040477e+02
4.397045505306273583e+01
6.211580794117889326e+01
8.279519697821686464e+01
4.777338863424272830e+01
1.057422631701715687e+02
5.655270246807229739e+01
3.860413566151986942e+01
3.073755895937092930e+01
7.294093481025323911e+01
4.114840400234446349e+01
4.292805609273845135e+01
3.642150673495110880e+01
1.317053842910232788e+02
5.209052168474158861e+01
4.071302674684329759e+01
6.537160334487177238e+01
8.771181928196665467e+01
2.115609725550534392e+01
5.881233673030779130e+01
5.596862364335508033e+01
4.871952630340716439e+01
1.010680424828200898e+02
5.910440123495097708e+01
9.628592186996885971e+01
3.250344269033613642e+01
4.679876061854114511e+01
6.650941517696570315e+01
5.782162861592877334e+01
5.532360327207641149e+01
1.162761003737480934e+02
4.659951026380196737e+01
2.347307651301363407e+01
2.160170344951390220e+01
6.233935001143196075e+01
4.754945380364685548e+01
2.198796895416808539e+01
5.408900993776234145e+01
7.999547038664285026e+01
6.637693501263156293e+01
2.649525179638974137e+01
5.112668990294171323e+01
3.090145549219085908e+01
9.854161783337700342e+01
1.749345537028252551e+01
6.712351416639002366e+01
3.355084700878437332e+01
3.032120873003414374e+01
7.977676644507482706e+01
4.265927020384800272e+01
2.230359668441282750e+01
1.083803839189941698e+02
5.672215582880026119e+01
9.067222498598397351e+01
9.327773311112066779e+01
6.316267460098048758e+01
5.790909476728682392e+01
1.502800725239647939e+01
3.633267041774512052e+01
3.407715801756100404e+01
6.679607522912687045e+01
2.019935987147320944e+01
3.044236353406139628e+01
2.919379444262798273e+01
4.682134965225045420e+01
5.262734984308591635e+01
2.575309768478814121e+01
6.341783989028763102e+01
5.058249385707618018e+01
5.148350015773006305e+01
5.499710796181882699e+01
7.036071062867955561e+01
5.095778143636116653e+01
5.739974281035452464e+01
3.109494014781087401e+01
6.938528173708931490e+01
2.560078558159381146e+01
2.891741770276839318e+01
2.210894561659265634e+01
5.051263984028025078e+01
4.060553806695363477e+01
2.814996237271762425e+01
4.323803284458644924e+01
4.845017166877575931e+01
3.889910452557279541e+01
3.985879931826748646e+01
3.918002028563438444e+01
2.876333668432041790e+01
2.483902233140228333e+01
2.520097316604642756e+01
4.878370064751306501e+01
1.123480430127019787e+02
2.044332748665945232e+01
3.248491866128445338e+01
2.303419913415932641e+01
3.645509112023791687e+01
3.399756873523512724e+01
4.184544756227654005e+01
6.464897169778375030e+01
4.015691602100215363e+01
3.441402535838506083e+01
1.977528265967757548e+01
3.734700799964532081e+01
3.025711972461514421e+01
6.950846396384795867e+01
6.351052515179578961e+01
6.990256752341974789e+01
8.605095825705406298e+01
4.380859191236631034e+01
2.652803171002149796e+01
5.666084417076290691e+01
6.221371605176529584e+01
4.249810116824623663e+01
6.033270067487087829e+01
1.347815564207682826e+02
5.144021034085730548e+01
5.130277129717163120e+01
4.942195120679105003e+01
5.500905619935803514e+01
5.641632701018755824e+01
3.672981358576944899e+01
7.722850616740331020e+01
4.009540792629564265e+01
5.154679474596927236e+01
4.694758707983483959e+01
1.456140462386661660e+01
6.258652558751845163e+01
7.818319579864831326e+01
5.268866628972789101e+01
4.136490652293731785e+01
4.348384154848545080e+01
7.314858379797065879e+01
2.606279222057835554e+01
4.729187370392772749e+01
9.409797368160340625e+01
6.557743719368014013e+01
2.314169182692458193e+01
3.079892164239864982e+01
3.555869407754233436e+01
1.822854941181685007e+01
3.059732371931622552e+01
1.108386198900615511e+02
3.988741932682755476e+01
8.248460191190252999e+01
6.662335223415016117e+01
6.110468399427531949e+01
4.484494849912958614e+01
4.050323854659695400e+01
3.102537213043351016e+01
5.405655867009462412e+01
9.651314342727582130e+01
2.406885065934901746e+01
2.622324538140975747e+01
5.388796942589478789e+01
2.551356660571474677e+01
6.408502228309465920e+01
5.364808088199456648e+01
9.453258323617046699e+01
5.694302564161128544e+01
5.425133258594031105e+01
3.993130057898822827e+01
2.971285024572408062e+01
3.562103110874297585e+01
4.331798707930092007e+01
3.331975355253685223e+01
