2.094857954978942838e-01
3.001355028152465770e-02
2.935630750656128066e-02
2.943740510940551919e-02
2.870164561271667386e-02
2.880705618858337563e-02
2.891795659065246604e-02
2.903341746330261389e-02
2.891819310188293440e-02
2.891821098327636633e-02
2.894356441497802565e-02
2.905581235885620200e-02
2.906306266784668135e-02
2.905603075027465843e-02
2.903832364082336442e-02
2.898473763465881509e-02
2.871583437919616663e-02
2.902281713485717687e-02
2.913793802261352428e-02
2.923518490791320729e-02
2.940565848350524744e-02
2.895068097114562866e-02
2.945955657958984272e-02
2.907833075523376387e-02
2.914506864547729628e-02
2.958500766754150468e-02
2.911864733695983948e-02
2.954916954040527274e-02
2.923151946067810078e-02
2.935054254531860307e-02
2.919251060485839738e-02
2.917914295196533114e-02
2.943478631973266493e-02
2.932221388816833377e-02
2.949597740173339963e-02
2.989335298538207952e-02
2.949852275848388605e-02
2.936353206634521526e-02
2.951029253005981595e-02
2.933252453804015975e-02
2.997774767875671306e-02
2.978863787651062078e-02
2.951273179054260398e-02
2.950707435607910142e-02
2.966368007659912071e-02
2.948030400276184168e-02
2.972284960746765167e-02
3.008478641510009891e-02
2.961982846260070856e-02
3.018606233596801691e-02
2.980844974517822196e-02
2.980650782585143876e-02
2.971081089973449593e-02
2.994036579132080059e-02
2.975711178779602215e-02
2.974004769325256509e-02
2.972498106956482020e-02
3.020062875747680717e-02
3.024922823905944885e-02
2.981860160827636691e-02
2.972111606597900232e-02
3.019862818717956518e-02
3.011919951438903759e-02
3.005384254455566520e-02
2.996944713592529161e-02
2.988426685333251884e-02
3.018972992897033664e-02
3.007991528511047216e-02
3.063177347183227567e-02
3.000415205955505454e-02
2.972732734680175876e-02
3.030268859863281122e-02
3.030123233795166057e-02
2.903916692733764585e-02
3.008788323402404943e-02
3.001454520225524739e-02
3.021282505989074732e-02
2.980296730995178264e-02
3.005902481079101435e-02
3.030378079414367681e-02
3.013562321662902749e-02
3.046338987350463712e-02
3.022110915184021002e-02
3.056120896339416595e-02
3.033214759826660320e-02
3.064475297927856529e-02
3.045417451858520655e-02
2.994684815406799261e-02
3.032054495811462372e-02
3.034791445732116719e-02
3.048635840415954423e-02
3.058934807777404646e-02
3.031706333160400293e-02
3.028386950492858998e-02
3.012636947631835982e-02
3.004768133163452162e-02
3.041375446319580234e-02
3.036759066581726230e-02
2.986891531944274938e-02
3.055276966094970861e-02
3.037274789810180675e-02
3.058563685417175354e-02
2.996005964279174760e-02
3.060964989662170316e-02
3.037621092796325556e-02
3.006718683242797993e-02
3.025600409507751484e-02
3.038438224792480366e-02
3.056737518310546908e-02
3.046043682098388550e-02
2.998507404327392656e-02
3.020715212821960607e-02
3.021596360206604132e-02
3.021350026130676172e-02
2.991118121147155751e-02
3.033823513984680240e-02
2.968802213668823159e-02
3.039739203453064101e-02
3.014604258537292511e-02
3.003374600410461254e-02
3.043603134155273282e-02
3.015296006202697679e-02
2.983315229415893499e-02
2.988334465026855347e-02
2.999673557281494138e-02
3.004773354530334423e-02
2.989669108390808142e-02
2.938926601409912187e-02
2.947107887268066509e-02
3.063161826133728102e-02
3.071954536437988131e-02
3.039739322662353416e-02
3.041695213317871169e-02
3.035446763038635379e-02
3.054711604118347246e-02
3.008742928504943778e-02
2.987745928764343195e-02
3.015148568153381420e-02
2.984111070632934626e-02
3.035119724273681666e-02
3.009475088119506828e-02
3.033633613586425928e-02
3.028285527229309174e-02
3.065777611732482810e-02
3.083564686775207633e-02
3.029389500617980790e-02
3.057629132270812955e-02
3.051608085632324247e-02
3.032968974113464319e-02
3.043187141418457128e-02
3.007491540908813557e-02
3.070294952392578144e-02
3.044769382476806771e-02
3.077245616912841625e-02
3.051347970962524359e-02
3.045120000839233315e-02
3.022684407234191989e-02
3.024219536781310932e-02
2.974470090866088851e-02
3.086541461944580095e-02
3.009389233589172472e-02
3.043761658668518028e-02
3.066000366210937592e-02
3.053491330146789612e-02
2.924583983421325667e-02
2.954070734977722046e-02
3.062695479393005502e-02
3.044026923179626518e-02
3.074752902984619063e-02
3.073756456375122126e-02
2.874375295639038097e-02
3.046837663650512826e-02
3.081459355354309107e-02
3.073554325103759755e-02
3.076238822937011827e-02
3.094976186752319489e-02
3.092531514167785531e-02
3.042715096473693967e-02
3.087015604972839430e-02
3.066506576538085768e-02
3.101364088058471830e-02
3.024007439613342341e-02
3.058686852455139160e-02
3.088328886032104537e-02
3.074012732505798304e-02
3.057117605209350511e-02
3.104551339149475009e-02
3.032264566421508795e-02
3.044955158233642739e-02
3.043653130531311091e-02
3.084298801422119193e-02
3.038509750366210835e-02
3.014404654502868611e-02
3.077402067184448198e-02
3.082792234420776364e-02
3.005960988998413255e-02
2.924932265281677407e-02
3.067893624305725181e-02
3.100079631805419816e-02
3.029282164573669431e-02
3.083988189697265542e-02
3.063369941711425667e-02
3.042694616317748874e-02
3.048174524307251110e-02
3.033677911758422829e-02
3.022474503517150884e-02
3.066872024536132849e-02
3.046447968482971294e-02
3.057514166831970179e-02
3.045040726661682115e-02
3.065468597412109378e-02
3.046882653236389002e-02
3.044963741302490062e-02
3.054394578933715756e-02
3.045255208015441861e-02
3.026505756378173803e-02
3.082949042320251576e-02
3.035892963409423870e-02
3.063487577438354578e-02
3.068949317932128870e-02
3.077952647209167628e-02
3.097458028793334886e-02
2.944256758689880321e-02
3.126797032356262024e-02
3.113117122650146604e-02
3.115291023254394484e-02
3.085875892639160234e-02
3.129224705696105613e-02
3.066430950164794958e-02
3.088019299507141144e-02
3.099261999130249051e-02
3.038108944892883162e-02
3.071408104896545394e-02
3.163330650329589794e-02
3.109382700920105061e-02
3.094647264480590923e-02
2.962559962272643885e-02
3.103844857215881312e-02
3.130280923843383606e-02
3.115512061119079731e-02
3.054551076889037986e-02
3.121780419349670307e-02
3.098770332336425737e-02
3.062441825866699108e-02
3.120204257965087866e-02
3.083165740966796811e-02
3.134427356719970970e-02
3.100412940979004051e-02
3.080246949195861866e-02
3.091626572608947854e-02
3.101357531547546328e-02
3.114964818954467710e-02
3.144282078742981212e-02
3.111412119865417450e-02
3.125969743728637673e-02
3.124153566360473797e-02
3.103768777847290203e-02
3.106389188766479556e-02
3.127441167831421232e-02
3.144320797920226868e-02
3.125214862823486039e-02
3.123603534698486325e-02
3.132301306724548373e-02
3.151421642303466747e-02
3.133111214637756409e-02
3.128434991836547691e-02
3.087848305702209362e-02
3.174598670005798068e-02
3.138948822021484647e-02
3.089327669143676625e-02
3.144719290733337391e-02
3.132769894599914812e-02
3.109808945655822762e-02
3.102518105506896912e-02
3.116308522224426128e-02
3.100279045104980397e-02
3.075128841400146321e-02
3.000439763069152888e-02
3.172804570198058810e-02
3.118321180343627819e-02
2.967300033569335999e-02
3.094988799095153842e-02
3.067667841911315973e-02
2.976310801506042505e-02
3.061845469474792567e-02
3.146372294425964222e-02
3.154443192481994757e-02
3.157002830505371144e-02
3.161190915107726929e-02
3.156929898262023776e-02
3.149664378166198986e-02
3.150254940986633306e-02
3.160899662971496799e-02
3.137476491928100492e-02
2.984218740463256969e-02
3.099748921394348058e-02
3.107563614845275726e-02
3.154387569427490046e-02
3.174117040634154979e-02
3.176304674148559826e-02
3.137584900856017767e-02
3.175956940650939697e-02
3.077289891242980871e-02
3.065112447738647591e-02
3.152888464927673662e-02
3.151613306999206249e-02
3.183423042297363337e-02
3.142129826545715654e-02
3.123759818077087233e-02
3.149753046035766446e-02
3.167242765426635936e-02
3.205497813224792575e-02
3.126996946334838906e-02
3.195193266868591453e-02
3.121619558334350758e-02
3.185563731193542802e-02
3.174836611747741677e-02
3.067451524734497031e-02
3.053335070610046359e-02
3.145312213897705211e-02
3.126810383796691656e-02
3.177561831474304266e-02
3.090100169181823897e-02
3.023440647125244171e-02
3.039215016365051300e-02
3.172039675712585299e-02
3.173268342018127630e-02
3.221141505241394143e-02
3.174139404296875272e-02
3.183027768135070906e-02
3.166204190254211237e-02
3.111845731735229589e-02
3.129922533035277982e-02
3.138366174697875682e-02
3.123499083518982075e-02
3.176806426048278675e-02
3.167693305015564093e-02
3.165821957588195457e-02
3.186856222152709833e-02
3.187423825263976940e-02
3.136248326301574463e-02
3.158273220062255554e-02
3.133569455146789640e-02
3.181196045875549216e-02
3.164377593994140841e-02
3.103237628936767606e-02
3.167104840278625599e-02
3.171530723571777677e-02
3.137393999099731545e-02
3.187354612350463967e-02
3.198438501358032149e-02
3.180346584320068587e-02
3.224037837982177829e-02
3.193328022956848367e-02
3.159036636352539201e-02
3.168285942077636586e-02
3.178308320045471203e-02
3.149760198593139909e-02
3.204390406608581543e-02
3.170677375793456987e-02
3.138079547882079851e-02
3.192645049095153842e-02
3.150754046440124717e-02
3.189893245697021651e-02
3.203994083404541199e-02
3.134026646614074957e-02
3.195651626586914346e-02
3.185443019866943115e-02
3.200987601280212702e-02
3.166064214706421076e-02
3.169762563705444403e-02
3.159795498847961515e-02
3.214494228363037193e-02
3.201330971717834817e-02
3.171381902694701826e-02
3.202136683464050504e-02
3.139140033721923850e-02
3.173461723327637013e-02
3.154235219955444508e-02
3.241558408737182928e-02
3.191774797439575484e-02
3.174336361885071039e-02
3.130984520912170194e-02
3.164166021347045860e-02
3.161178135871887257e-02
3.183109045028686274e-02
3.226170992851257191e-02
3.211905717849731362e-02
3.186416387557983176e-02
3.206298923492431618e-02
3.169770359992980790e-02
3.184520268440246826e-02
3.182041430473327853e-02
3.193694281578064037e-02
2.990291643142700337e-02
3.133983707427978604e-02
3.024573779106140212e-02
3.131907010078430198e-02
2.991874194145202615e-02
3.222370100021362122e-02
3.145769691467285162e-02
3.158296298980713124e-02
3.184078168869018677e-02
3.169934558868408442e-02
3.186580991744995123e-02
3.213231635093689170e-02
3.219887566566467102e-02
3.198963737487792863e-02
3.228326177597046209e-02
3.198660731315612626e-02
3.202941751480102572e-02
3.089267539978027277e-02
3.164849758148193665e-02
3.198649597167968484e-02
3.219375300407409379e-02
3.191833043098449979e-02
3.187264466285705256e-02
3.202039885520935325e-02
3.192890501022339206e-02
3.187344956398010382e-02
3.183426642417907376e-02
3.175274014472961176e-02
3.206310868263244351e-02
3.221788859367370750e-02
3.232407259941100924e-02
3.198412919044494457e-02
3.198838520050048539e-02
3.148607349395751709e-02
3.207592797279357894e-02
3.178142905235290666e-02
3.221720290184020702e-02
3.214869856834411815e-02
3.244653177261352245e-02
3.239845943450928023e-02
3.201959705352783181e-02
3.222674942016601901e-02
3.204605484008789251e-02
3.257380270957947049e-02
3.221749114990234142e-02
3.205463290214538574e-02
3.205477452278137490e-02
3.178934764862060419e-02
3.212618541717529586e-02
3.238650536537170110e-02
3.195697927474975414e-02
3.154672169685363708e-02
3.173193097114562766e-02
3.214622688293457264e-02
3.220740747451782127e-02
3.178699946403503590e-02
3.219463467597961231e-02
3.188516902923584084e-02
3.189182114601134960e-02
3.167382645606994784e-02
3.183432745933532926e-02
3.203393101692200012e-02
3.203600883483886941e-02
3.240716981887817316e-02
3.249366378784179776e-02
3.238039517402648698e-02
3.210061955451965626e-02
3.233707022666931080e-02
3.165920686721801491e-02
3.186724424362182700e-02
3.181445312500000289e-02
3.197214484214782465e-02
3.181649398803711171e-02
3.234659695625305420e-02
3.194955635070800826e-02
3.204377841949462846e-02
3.220512104034423811e-02
3.204688930511474798e-02
3.230212593078612970e-02
3.230563211441039861e-02
3.234308266639709245e-02
3.256884670257568365e-02
3.249854731559753684e-02
3.244251251220703347e-02
3.112180328369140714e-02
3.043294453620910486e-02
3.043391728401183965e-02
3.243809986114502136e-02
3.230983233451843045e-02
3.244611239433288497e-02
3.224327063560485790e-02
3.200466227531433006e-02
3.093071389198303114e-02
3.233506107330322288e-02
3.150269579887390176e-02
3.213778996467590160e-02
3.204681468009949047e-02
3.210268211364745994e-02
3.216018772125243952e-02
3.214504289627075073e-02
3.199454927444458224e-02
3.216384267807007036e-02
3.174637699127197399e-02
3.200841116905212697e-02
3.231360340118408225e-02
3.191179847717285495e-02
3.184384822845458957e-02
3.195160269737243319e-02
3.181835007667541820e-02
3.258280396461486761e-02
3.218051314353943121e-02
3.230991983413696034e-02
3.209244441986083829e-02
3.223446393013000566e-02
3.214819979667663669e-02
3.208824181556701322e-02
3.227920341491698902e-02
3.242963814735412564e-02
3.261018657684326000e-02
3.229459714889526545e-02
3.229599761962890364e-02
3.220655369758605724e-02
3.195345711708068998e-02
3.218016481399536138e-02
3.208918428421020375e-02
3.204370999336242365e-02
3.180872988700866877e-02
3.209966897964477289e-02
3.206116557121276717e-02
3.206574773788452293e-02
3.222028803825378179e-02
3.237655806541443054e-02
3.192868089675903603e-02
3.217676734924316412e-02
3.215572905540466098e-02
3.224261450767516857e-02
3.242242693901062345e-02
3.235509037971496388e-02
3.218646621704101402e-02
3.205483794212340976e-02
3.215321207046508561e-02
3.259466743469238009e-02
3.221484589576720931e-02
3.240554428100585888e-02
3.197829484939575251e-02
3.178743910789489507e-02
3.224677181243896379e-02
3.198199629783630288e-02
3.209257006645202526e-02
3.148602437973022777e-02
3.237114763259887895e-02
3.152919316291809271e-02
3.221237421035766380e-02
3.271758008003235185e-02
3.210942339897155523e-02
3.246260929107665921e-02
3.204407382011413563e-02
3.185879755020141341e-02
3.231005954742431630e-02
3.131473660469055037e-02
3.141438651084899752e-02
3.049113774299621465e-02
3.091152048110961878e-02
3.211607384681701427e-02
3.227784085273742443e-02
3.278205633163452232e-02
3.207247114181518283e-02
3.183620595932006719e-02
3.121150040626525721e-02
3.228205108642578230e-02
3.249364805221557906e-02
3.117614293098449826e-02
3.198689818382263045e-02
3.218288230895995777e-02
3.268157148361205966e-02
3.236889648437499961e-02
3.227443957328796076e-02
3.211976456642150896e-02
3.199907088279724254e-02
3.190481543540954479e-02
3.251640152931213612e-02
3.221585083007812156e-02
3.264490413665771529e-02
3.230730915069580239e-02
3.227686142921448037e-02
3.221425342559814525e-02
3.250289869308471691e-02
3.216492390632629678e-02
3.214814519882202432e-02
3.284373044967651284e-02
3.195755028724670682e-02
3.241824722290038985e-02
3.225642395019531067e-02
3.246660327911377042e-02
3.257110357284545565e-02
3.246383380889892450e-02
3.185615682601928428e-02
3.232312607765197576e-02
3.229831242561340132e-02
3.218470406532287359e-02
3.253710889816284479e-02
3.253655242919922114e-02
3.275297379493713468e-02
3.245190310478210383e-02
3.230390357971191229e-02
3.234815716743469349e-02
3.227710914611816445e-02
3.225091361999511685e-02
3.212771511077881087e-02
3.247636628150939869e-02
3.218869161605834861e-02
3.250380539894103665e-02
3.272219419479369812e-02
3.241664958000183006e-02
3.245055103302001837e-02
3.252215838432311740e-02
3.207884788513183649e-02
3.210768437385558977e-02
3.217364931106567183e-02
3.226917624473571444e-02
3.260407495498657271e-02
3.045444560050964214e-02
3.075772142410278243e-02
3.246143865585326971e-02
3.277773737907409973e-02
3.228817272186279563e-02
3.130890488624572809e-02
3.137847137451171831e-02
3.250750231742859098e-02
3.221305179595947144e-02
3.261005926132202332e-02
3.247944021224975775e-02
3.273745775222778459e-02
3.210654640197754123e-02
3.204142975807190014e-02
3.090140938758850070e-02
3.231553339958190968e-02
3.241373586654663214e-02
3.300161409378051663e-02
3.269306969642639393e-02
3.293198180198669139e-02
3.269306540489196750e-02
3.261561465263367043e-02
3.246654701232910140e-02
3.233615279197692843e-02
3.235927462577820046e-02
3.190060305595397716e-02
3.260933423042297608e-02
3.241432881355285622e-02
3.245742988586425987e-02
3.245386481285095215e-02
3.259601998329162559e-02
3.182112240791321045e-02
3.100647544860839905e-02
3.241101288795471269e-02
3.270422840118408087e-02
3.240543270111084090e-02
3.245980262756347628e-02
3.257473850250244135e-02
3.141190052032470648e-02
3.148201656341552412e-02
3.243918514251709073e-02
3.238303756713867276e-02
3.207655930519103665e-02
3.209833335876464966e-02
3.255013394355774081e-02
3.256675338745117221e-02
3.280919933319091653e-02
3.282751727104187001e-02
3.265005445480346352e-02
3.259697222709655867e-02
3.275216341018676730e-02
3.249218463897705217e-02
3.286902070045471386e-02
3.225832223892211720e-02
3.198583745956420921e-02
3.195409560203552046e-02
3.200549173355102250e-02
3.151110935211181435e-02
3.213450479507446583e-02
3.208045482635497880e-02
3.213144755363464555e-02
3.185185217857360723e-02
3.192740821838378762e-02
3.218871593475342019e-02
3.183345103263855030e-02
3.175676774978637706e-02
3.233156514167785656e-02
3.214624619483947426e-02
3.186235427856445174e-02
3.210812282562255926e-02
3.200039386749267689e-02
3.239412188529968567e-02
3.263924694061279275e-02
3.283317089080810269e-02
3.294237732887268094e-02
3.274519014358520663e-02
3.341965627670288180e-02
3.285967540740966641e-02
3.204589080810547191e-02
3.252910041809081720e-02
3.249871087074279741e-02
3.236447978019714455e-02
3.384111166000366294e-02
3.232950186729430936e-02
3.234139728546142623e-02
3.220946931838989530e-02
3.243295478820800576e-02
3.228851652145385553e-02
3.234947013854980180e-02
3.294391989707946833e-02
3.242628788948059143e-02
3.284534907341003090e-02
3.283658695220947193e-02
3.144506549835204834e-02
3.184914278984069674e-02
3.192909359931946078e-02
3.277511048316955611e-02
3.253305387496948503e-02
3.232103538513183411e-02
3.270961785316467418e-02
3.241623973846435858e-02
3.203896045684814786e-02
3.235407733917236572e-02
3.261280035972595470e-02
3.264507031440734564e-02
3.300349450111389471e-02
3.257354187965393055e-02
3.230736494064331138e-02
3.268435311317444136e-02
3.320649456977844277e-02
3.280930209159851202e-02
3.309454226493835360e-02
3.297815084457397794e-02
3.296635675430297646e-02
3.158556818962097307e-02
3.241593933105468839e-02
3.331393623352051081e-02
3.242100214958190674e-02
3.294307279586791704e-02
3.243246030807495073e-02
3.054534721374511583e-02
3.259337639808655013e-02
3.260691642761230635e-02
3.344155311584472851e-02
3.188101720809936868e-02
3.279043245315551441e-02
3.268838238716125638e-02
3.249753808975219815e-02
3.195987796783446994e-02
3.238723635673523144e-02
3.277744626998901206e-02
3.262228083610534818e-02
3.261483693122863708e-02
3.285389184951782032e-02
3.236259412765502691e-02
3.236719369888305803e-02
3.246318840980529780e-02
3.261735272407531583e-02
3.260773897171020258e-02
3.249597263336181929e-02
3.274954867362975947e-02
3.266555690765381159e-02
3.298439931869506792e-02
3.266322088241577215e-02
3.268466997146606684e-02
3.278234386444092013e-02
3.277927064895629766e-02
3.261655664443969399e-02
3.304099178314209156e-02
3.299101066589355674e-02
3.296407914161682273e-02
3.265086007118225137e-02
3.258832526206970059e-02
3.304629230499267489e-02
3.291727733612060530e-02
3.270297098159789806e-02
3.281005597114562689e-02
3.281264472007751343e-02
3.232230305671691950e-02
3.326774168014526301e-02
3.308597302436828286e-02
3.338682746887206704e-02
3.271699309349060392e-02
3.215603828430176059e-02
3.282675218582153248e-02
3.250210642814636147e-02
3.286719584465026822e-02
3.284954905509948619e-02
3.304189920425414789e-02
3.256408548355102517e-02
3.250669336318969677e-02
3.265436840057373002e-02
3.271664142608642772e-02
3.312147998809814725e-02
3.287660908699035350e-02
3.251606631278991522e-02
3.272108364105224404e-02
3.266793417930603100e-02
3.269072914123535151e-02
3.294123196601867615e-02
3.289594459533691506e-02
3.279910373687744407e-02
3.286371707916260071e-02
3.261037802696228199e-02
3.208854150772094682e-02
3.269398140907287670e-02
3.301903629302978260e-02
3.187725853919982921e-02
3.258811473846435353e-02
3.281369829177856190e-02
3.273929452896118253e-02
3.288051843643188810e-02
3.275075316429137962e-02
3.281421256065368552e-02
3.287651801109314070e-02
3.295174360275268666e-02
3.312845945358276062e-02
3.302245020866394210e-02
3.289032793045044284e-02
3.284054589271545588e-02
3.263390874862671237e-02
3.269276666641235396e-02
3.225940203666687045e-02
3.265113472938537681e-02
3.317118787765502980e-02
3.307040596008301025e-02
3.229945826530456615e-02
3.277408909797668163e-02
3.337644076347351385e-02
3.356412649154662947e-02
3.353328227996826144e-02
3.315475082397460749e-02
3.318529248237609558e-02
3.314044785499573043e-02
3.314170217514038341e-02
3.307640004158020341e-02
3.294114589691161943e-02
3.341316604614257696e-02
3.312185406684875488e-02
3.265872907638549955e-02
3.228085827827453791e-02
3.111264252662658547e-02
3.289031577110290705e-02
3.362703537940978787e-02
3.354702782630920171e-02
3.299831461906432839e-02
3.287526059150695790e-02
3.275451755523681868e-02
3.293255686759948703e-02
3.268668818473816073e-02
3.260751819610595986e-02
3.304253482818603205e-02
3.285492372512817394e-02
3.313053894042968656e-02
3.298014092445373385e-02
3.337951183319091963e-02
3.343659186363220209e-02
3.345851445198059354e-02
3.333956670761108187e-02
3.270865607261657509e-02
3.346601128578186035e-02
3.319076251983642256e-02
3.327031540870666743e-02
3.315153551101684276e-02
3.288903760910034252e-02
3.330923414230346769e-02
3.359257173538208324e-02
3.350447297096252608e-02
3.352823019027709878e-02
3.310521221160888511e-02
3.385788607597350897e-02
3.360202813148498863e-02
3.302729368209839089e-02
3.333439636230468850e-02
3.297710800170898515e-02
3.343519735336304005e-02
3.352751922607422053e-02
3.335080480575561279e-02
3.296916127204894964e-02
3.275481843948364197e-02
3.305881142616271667e-02
3.326165699958801014e-02
3.293431878089905090e-02
3.303978419303894160e-02
3.322603201866149852e-02
3.320903706550597939e-02
3.358780908584594466e-02
3.373936343193054133e-02
3.357569837570190119e-02
3.404657483100891058e-02
3.377592849731445024e-02
3.388550114631652677e-02
3.323894238471984675e-02
3.276367282867431729e-02
3.313906383514404058e-02
3.309336543083191140e-02
3.246127963066101213e-02
3.334558224678039334e-02
3.312350678443908708e-02
3.342157340049743686e-02
3.371530532836913840e-02
3.345687437057495023e-02
3.315877151489257657e-02
3.287536239624023332e-02
3.315279674530029197e-02
3.361175131797790316e-02
3.332280802726745456e-02
3.309860467910766268e-02
3.291487455368041770e-02
3.311642622947692793e-02
3.319345998764038075e-02
3.312198209762573509e-02
3.335123157501220653e-02
3.307175493240356590e-02
3.340491914749145475e-02
3.310071659088134610e-02
3.335411000251770064e-02
3.341292309761047241e-02
3.383374381065368947e-02
3.339144659042358326e-02
3.309910941123962724e-02
3.340256190299988048e-02
3.232598185539245494e-02
3.335828924179077420e-02
3.324826192855834944e-02
3.312483572959899758e-02
3.316372108459472723e-02
3.301562976837157937e-02
3.402793979644775507e-02
3.325680875778198181e-02
3.310053992271423662e-02
3.325948953628540122e-02
3.339101672172546664e-02
3.317901325225829784e-02
3.305995583534240834e-02
3.305141425132751554e-02
3.303394126892089666e-02
3.359489345550537021e-02
3.326918911933898770e-02
3.362827897071838518e-02
3.367675256729125988e-02
3.341239905357360623e-02
3.318821024894714339e-02
3.319609761238098006e-02
3.337952876091003496e-02
3.312467026710510382e-02
3.305764269828796731e-02
3.318211245536804160e-02
3.204417729377746771e-02
3.120763421058654619e-02
3.340435910224914817e-02
3.348102617263794267e-02
3.305321431159972956e-02
3.314719295501709212e-02
3.327329874038695984e-02
3.321656322479248080e-02
3.319104743003845059e-02
3.339673209190368447e-02
3.354162836074828929e-02
3.313339781761169556e-02
3.314653921127319602e-02
3.326832389831543141e-02
3.353153204917908026e-02
3.337427663803100436e-02
3.319443106651306236e-02
3.386125183105468534e-02
3.335152125358581410e-02
3.319534587860107494e-02
3.323658299446106273e-02
3.333797240257262845e-02
3.312591719627380055e-02
3.382403492927551353e-02
3.367983913421630782e-02
3.352439737319946184e-02
3.357973623275756908e-02
3.332728505134582853e-02
3.323475790023804055e-02
3.358976531028747686e-02
3.320764303207397738e-02
3.336308503150939991e-02
3.394674420356750405e-02
3.316336393356323492e-02
3.387447237968444630e-02
3.338165140151977406e-02
3.248054027557373269e-02
3.346324872970581066e-02
3.338819956779479764e-02
3.359728193283081227e-02
3.370174407958984042e-02
3.321388459205627114e-02
3.280731678009032870e-02
3.317714238166809271e-02
3.298323059082031161e-02
3.296367931365967036e-02
3.294233059883117792e-02
3.311506223678589017e-02
3.323166942596435247e-02
3.350467419624328369e-02
3.360760307312011391e-02
3.331185841560363459e-02
3.340250301361084168e-02
3.321020436286926253e-02
3.311242747306823719e-02
3.330168938636780124e-02
