1.583418408037927350e+02
1.429178627072923859e+02
1.527126411625019102e+02
1.614423852541671351e+02
1.546378044323633958e+02
1.435055302586794994e+02
1.365647037708261564e+02
1.300182933971792067e+02
1.198264355454083869e+02
9.885259451860362390e+01
7.305642112068503025e+01
8.882938199012876623e+01
6.291745963347462123e+01
6.844865090999795143e+01
5.801887279500785155e+01
5.140107109976976574e+01
6.244264214463066764e+01
4.165907119268824488e+01
4.068985920404075074e+01
4.308700874794968882e+01
2.896843070112013052e+01
3.594132314887239943e+01
3.236484749964812124e+01
3.847106725756852796e+01
6.526506904371595397e+01
2.916999444278152609e+01
3.677011435904640990e+01
4.485807738450252202e+01
3.255803325898442324e+01
2.687498222412672177e+01
4.406371101131234269e+01
2.004882451701772439e+01
3.024217314483183827e+01
3.528340765022579717e+01
1.721357226315671340e+01
2.082323983287091806e+01
3.352543359609492768e+01
1.997138791751771691e+01
1.397480054293436424e+01
2.730410697843295864e+01
2.538547889237304389e+01
2.225181586514563037e+01
1.847958775395554909e+01
1.626691270263081890e+01
2.084623035607963715e+01
1.399851522069582010e+01
1.866515209211294035e+01
3.135700961247431096e+01
3.924495491210309694e+01
1.950037219016753198e+01
1.164877436319704351e+01
1.526103989301941510e+01
2.301333686745152107e+01
2.646288247201256993e+01
2.253189242189578323e+01
3.186720262026444672e+01
1.051605820419126047e+01
1.824098823758654930e+01
1.677201129593338180e+01
1.901721184666368458e+01
2.206520488149983450e+01
1.239781430024148889e+01
2.902236876841643465e+01
2.513418525828505068e+01
1.214568452497131368e+01
1.065019115684040507e+01
3.165893212875831608e+01
2.400165755146265667e+01
1.038347889136012903e+01
8.371129598824767371e+00
2.363475509244894113e+01
1.157187835739994064e+01
1.514500593061922018e+01
1.826198086312922442e+01
2.172190407864299289e+01
1.098901597668579022e+01
1.939752490321163947e+01
8.152498368412089746e+00
2.392964564276322648e+01
1.198678180922500047e+01
1.780093898858707036e+01
7.576696192975112432e+00
1.849197905963759681e+01
2.248155534753941609e+01
2.050608440305015989e+01
1.300524251192042158e+01
1.212181686982355266e+01
1.510164507656060806e+01
1.340280291929760814e+01
1.073654336418835520e+01
1.276491981351153981e+01
1.059175107242215930e+01
8.757626931480196220e+00
2.021362561356852794e+01
1.279132602423287146e+01
2.322125402400467564e+01
8.796859898446129478e+00
7.247780523488975390e+00
2.312981965623836089e+01
1.098862862984181987e+01
1.228341910644015655e+01
2.047243438815468508e+01
7.218878627467878673e+00
7.409964522226694328e+00
1.836247520988215598e+01
1.644722466353365675e+01
6.721149352166081670e+00
9.512767409610525249e+00
8.277007938804963771e+00
1.074557426614697242e+01
2.048163461843711630e+01
1.739604900481093708e+01
2.095880473533114241e+01
1.877961189849597545e+01
1.797031375096759831e+01
1.005379284868862833e+01
1.247595164155405278e+01
1.749622265710000946e+01
1.621179216271778856e+01
1.560982541756002817e+01
6.561438907275632282e+00
7.667492472128316194e+00
7.723220807605667204e+00
1.496740063394948272e+01
7.871640631820518763e+00
6.770826286466551380e+00
1.845519999388095655e+01
2.158987010152542396e+01
1.381774039076956839e+01
1.780140841276762842e+01
8.055760212456753777e+00
1.185390614619268668e+01
1.611803055362963022e+01
1.091433878646219569e+01
7.491230248353207166e+00
2.852931718452882492e+01
7.665128722963021168e+00
1.108502102030774417e+01
8.984136884539148937e+00
8.751041872497157925e+00
9.696890288391889712e+00
1.079077518249592416e+01
1.566360702360127100e+01
1.784123052947940380e+01
9.400739792469449796e+00
1.347059089388733533e+01
2.373451770386381554e+01
1.438029656370563636e+01
7.227385753060597828e+00
7.053089050079751843e+00
1.403919943674097404e+01
7.146924068374493899e+00
7.501352703687345524e+00
1.098787458925352389e+01
1.553172973443402505e+01
9.136813649943841043e+00
1.092723591171901631e+01
7.569518856439783505e+00
1.412137512927224492e+01
7.048934694470313289e+00
1.397120153890498528e+01
8.583910398922670382e+00
1.955330844699083315e+01
6.198433205370208476e+00
1.097333183674325241e+01
1.776805445727218213e+01
9.962716375810661162e+00
2.266324963173094886e+01
2.124964993763948584e+01
1.604708234772636288e+01
6.169927006592686780e+00
1.076268706383188345e+01
6.530721336244151409e+00
1.033113662307096980e+01
8.336185528469764350e+00
7.969606446488535667e+00
1.115992995735511073e+01
6.100072812734592453e+00
7.539940817175082799e+00
1.976617890197018212e+01
1.684408405361921979e+01
6.775481821383700698e+00
1.263079469153576895e+01
1.005399178070386235e+01
8.902815821603720536e+00
1.269829504229718964e+01
6.719910274317713927e+00
1.327137973018657924e+01
6.417611633120872128e+00
1.181027806661884050e+01
5.230544729735030707e+00
7.989913766668429673e+00
5.175394647218404032e+00
7.957743301081797505e+00
6.142073081184941330e+00
9.674619513704241669e+00
5.168570134277550743e+00
5.729609228300050816e+00
2.009807395220101256e+01
2.016268911886310278e+01
9.672129945807521167e+00
7.220004123445330713e+00
5.427564648480204923e+00
1.464893098965008811e+01
8.007442688235640205e+00
1.011191136114337752e+01
6.745772295815391395e+00
1.416421570783184869e+01
7.273396439190766394e+00
7.486250783973933842e+00
1.569672429531029145e+01
2.394043485208071331e+01
7.799824224387597482e+00
6.426992769880855327e+00
1.097917883677635764e+01
8.815909116752454366e+00
8.118944222421934143e+00
5.998514311224641737e+00
7.082945154979381819e+00
6.822955571131234187e+00
1.859780335133406481e+01
7.681829573142666234e+00
6.583219112680360752e+00
1.286618274801990225e+01
1.561798334898780816e+01
1.375599183152106875e+01
4.504166864706299123e+00
1.123865646058652423e+01
7.150769198332467269e+00
7.669836483371367919e+00
1.082308481746994211e+01
6.042869387815852811e+00
8.210843316188336516e+00
1.769912901184671483e+01
9.812306432270755607e+00
6.537177992382504854e+00
8.052616072426260985e+00
7.501552164081810581e+00
5.004097240376883526e+00
7.122587077088851970e+00
6.292867577273157487e+00
1.340119108265704817e+01
1.092687794737610751e+01
6.685296494912041254e+00
8.097707202050319353e+00
5.871990515831043034e+00
6.161472799219999352e+00
1.228585862218258207e+01
1.264859102032383831e+01
6.478989043666857128e+00
5.349708107236340382e+00
5.751027096502144609e+00
2.300988635292120321e+01
5.936217317516206293e+00
1.125754320635458861e+01
1.283452495927258141e+01
7.556717935363958638e+00
8.363394956911692546e+00
8.046093303119118190e+00
6.261268311904372830e+00
5.340592936977526684e+00
5.729805957347505085e+00
6.206264855378061718e+00
6.679457243768160524e+00
6.304213154093815774e+00
1.047247758264879991e+01
5.946732991779659194e+00
6.720974248980638777e+00
5.795267104094336652e+00
7.429425196943529208e+00
7.433405195248525388e+00
6.389057436929203249e+00
9.845949668116999121e+00
2.279049627594256222e+01
4.535411546329015664e+00
6.640760369497433757e+00
1.196419083558525287e+01
5.099452102681611088e+00
1.138216830722750927e+01
4.624794638897853361e+00
1.095381941776312473e+01
9.237281617142240719e+00
4.337489812001777523e+00
7.710249021024312199e+00
4.238542114418088147e+00
8.580437310516153104e+00
6.170952326545844357e+00
5.487473011367661968e+00
8.991054407791397196e+00
1.172735614736864207e+01
5.714202318689409310e+00
8.525025719405629587e+00
9.844696939791029777e+00
1.414178116996948020e+01
3.962776847911308575e+00
6.159184564063809653e+00
5.789212707440742456e+00
7.455525590886836973e+00
1.329966384618797370e+01
1.128026386380500945e+01
7.741973436596166103e+00
4.943897693540486138e+00
4.629343921022765151e+00
1.060578005203175955e+01
8.490238539368743176e+00
8.649367490195825070e+00
4.841637163802364974e+00
6.106163940002675261e+00
7.330641968377458184e+00
2.607518200633611727e+01
4.447147391780739589e+00
5.494231051847968672e+00
4.619813717320484514e+00
7.957552498153107834e+00
5.456594769970672054e+00
7.597687285555942971e+00
6.651924659373431581e+00
5.470438422983936455e+00
8.613662086172663379e+00
8.903494775069461298e+00
5.982022661387126128e+00
7.680910106481940502e+00
1.032692244847183360e+01
4.330032851103227109e+00
5.069691896051822688e+00
8.609365037648943897e+00
9.577583181207744545e+00
3.076724998002299039e+00
1.774160054801163966e+01
2.190216490013845885e+01
7.176771164097045741e+00
5.649626951490498428e+00
9.347352989982853799e+00
4.685175625733446481e+00
9.292619594772300928e+00
1.061247412514193655e+01
4.089021690087191629e+00
2.371243101670037490e+01
5.396839225218758251e+00
7.479828414506511258e+00
8.415734808732667105e+00
6.582017680346654132e+00
6.544275828314139787e+00
9.220600982481681029e+00
6.606003591102309613e+00
8.282187998323477629e+00
8.696542685835717990e+00
5.248435116119993360e+00
5.379405596065074846e+00
8.208216688052150545e+00
6.406539465100603792e+00
5.565875752922607944e+00
7.584465708450274235e+00
1.134715191693559788e+01
1.356888316272515915e+01
1.307445913861588416e+01
1.683451632098542916e+01
6.638322148335436879e+00
8.123581858936768541e+00
1.053660428391251003e+01
4.664528228090975226e+00
4.491359371213010654e+00
1.176773767412734095e+01
2.117243553299291037e+01
6.640345756845778880e+00
1.001650390478068964e+01
8.864769491297112225e+00
1.005670686221104049e+01
6.005857169983708665e+00
7.183335954554741498e+00
1.708236011579542435e+01
7.144836360792492513e+00
1.167228541224583793e+01
3.969918211176865164e+00
8.006900494957410075e+00
7.683347612419244577e+00
7.690229269955159985e+00
9.817299018488492734e+00
1.191091820280854385e+01
6.732818770232178451e+00
5.957989003219351432e+00
7.824000288304132411e+00
1.065076740732859406e+01
4.106058666368341825e+00
9.026468567800661091e+00
4.956099514817716489e+00
4.088913653900123180e+00
1.535042799951107817e+01
4.943366848273702985e+00
7.839673740182556472e+00
6.951518333879089795e+00
8.476463687143542813e+00
4.563109031397634574e+00
4.600233980380465937e+00
4.347725341050875159e+00
8.700448552645623224e+00
7.266108075808935141e+00
3.259566862831799483e+01
7.476317839688333855e+00
4.424674442876411540e+00
7.277814185454142049e+00
1.145024353026144581e+01
1.248531984104814363e+01
1.536485464716246518e+01
7.621848206489584499e+00
4.524686585118868010e+00
7.173325646914752163e+00
4.948630529618680995e+00
9.991337972569260373e+00
6.884102974875684566e+00
5.771491506001256155e+00
6.253070857008888872e+00
7.878204062095992555e+00
9.651094114422548387e+00
7.357269865725662328e+00
5.079133951733292740e+00
3.134178512340165312e+01
1.517672913476269514e+01
2.139374286788702761e+01
2.206218506794398238e+01
7.484780850496726146e+00
8.903295639118237403e+00
5.796113422815013294e+00
4.751212226810756611e+00
1.034453149990089038e+01
1.072693961606979052e+01
1.884275061919121086e+01
7.084459552188085318e+00
1.772158909004884109e+01
1.494254714992331223e+01
1.014826236476160481e+01
3.996627888076721202e+00
6.490586890197747927e+00
9.287510062642278186e+00
2.347112783375206746e+01
6.036623899520076719e+00
5.089341667940653124e+00
5.615372990334950742e+00
5.401261886814473279e+00
2.669219435891058012e+01
1.965336111391240337e+01
8.612408733393722926e+00
4.724568523283235955e+00
3.202202589687360046e+01
1.145914824561217848e+01
8.494993745162338072e+00
1.306315982545129373e+01
7.106682896496993251e+00
1.506414545541515615e+01
1.911593180081753474e+01
1.555395420914507376e+01
1.080042529130975559e+01
1.179843091376645958e+01
1.157174970293083938e+01
8.467562648447298557e+00
8.710747724852007323e+00
1.207086778716621822e+01
6.114641214544016101e+00
1.560343275911731631e+01
1.927376267635573726e+01
1.590168232877393528e+01
4.911955272124266081e+00
7.100511180301105618e+00
2.268965866122161756e+01
1.588026909264936393e+01
5.245172612903846954e+00
7.692856731211403343e+00
1.198882839889922636e+01
1.689938679812338407e+01
6.467897346601835018e+00
7.580236351951661788e+00
2.632795874984754292e+01
1.409232109036612890e+01
6.382662384248673604e+00
1.460153971437302189e+01
2.259412784557563825e+01
1.057138596054763546e+01
5.587599853948879591e+00
1.171276624561968305e+01
2.456264351753194930e+01
7.125810491580539363e+00
1.470680365567788073e+01
1.575615156051828691e+01
1.138646016712567821e+01
9.094803895593530640e+00
7.395486236941152036e+00
1.143461536926026412e+01
1.020460621595149853e+01
2.050712055692378755e+01
1.307369957889224921e+01
7.367221172892871373e+00
3.603482102792151665e+01
4.837557431649583073e+00
1.376895161551435720e+01
1.387357100392373432e+01
8.369887182843179119e+00
9.354017616562066095e+00
1.090333164855937653e+01
4.848207612994693250e+01
7.865780564406813724e+00
1.634060637952121908e+01
1.254155875235381501e+01
1.216340770985406294e+01
3.305890094921083744e+01
5.967885361195335747e+00
1.039771924817583049e+01
1.111808223969612719e+01
7.391149482256580860e+00
1.976374608106496922e+01
6.827416171611431217e+00
8.181331152928537520e+00
1.918849957839292131e+01
1.547436076317469045e+01
5.962120361719731143e+00
5.939529998759650375e+00
1.564545249944176675e+01
9.374121586355505187e+00
6.094809592678693377e+00
9.203959515327705176e+00
4.383015928069278644e+00
1.097749904731616510e+01
7.722479827149735243e+00
1.040890523393557210e+01
1.002467772915453814e+01
6.962372254261155469e+00
1.083984936046237557e+01
2.516999814841757299e+01
1.108404434653453308e+01
1.082223667973374859e+01
7.068308621130631408e+00
2.055237463398838926e+01
1.714243566088736515e+01
1.445755208906220801e+01
9.412666153525497847e+00
