3.184571769237518057e-01
1.094521117210388167e-01
1.075827665328979443e-01
1.071058344841003401e-01
1.073315155506134044e-01
1.071083652973175010e-01
1.075153214931488105e-01
1.075889410972595273e-01
1.074904730319976853e-01
1.075051386356353778e-01
1.073615436553955055e-01
1.071994946002960136e-01
1.074685912132263138e-01
1.072617177963256785e-01
1.073594768047332754e-01
1.073486747741699276e-01
1.067711589336395317e-01
1.070553150177002005e-01
1.073529140949249228e-01
1.070621364116668695e-01
1.069640526771545447e-01
1.066795454025268597e-01
1.065205349922180161e-01
1.061349875926971414e-01
1.064908151626586946e-01
1.077288210391998263e-01
1.071545224189758283e-01
1.076560103893279968e-01
1.075244996547699006e-01
1.077371144294738819e-01
1.080939459800720204e-01
1.076229150295257564e-01
1.081992075443267837e-01
1.078539669513702420e-01
1.078580529689788792e-01
1.079180719852447512e-01
1.078221621513366646e-01
1.078476760387420685e-01
1.084981441497802762e-01
1.082800881862640424e-01
1.081264126300811729e-01
1.085188472270965515e-01
1.079243669509887676e-01
1.079500663280487105e-01
1.082064006328582739e-01
1.083817985057830835e-01
1.084211006164550739e-01
1.083649327754974412e-01
1.080161085128784199e-01
1.080926797389984151e-01
1.071528549194335905e-01
1.081533560752868661e-01
1.084680998325347895e-01
1.085851521492004340e-01
1.086609644889831583e-01
1.082972755432128897e-01
1.085681250095367478e-01
1.081942441463470406e-01
1.078913125991821237e-01
1.082242937088012669e-01
1.077707254886627192e-01
1.090267353057861321e-01
1.085441458225250289e-01
1.086191644668579037e-01
1.090665669441223118e-01
1.083469629287719671e-01
1.085439572334289532e-01
1.087548687458038399e-01
1.085360648632049535e-01
1.081751904487609911e-01
1.088104832172393788e-01
1.088800659179687547e-01
1.087054047584533750e-01
1.089961199760437066e-01
1.086234464645385728e-01
1.089668705463409382e-01
1.092799332141876217e-01
1.084011950492858867e-01
1.091681027412414601e-01
1.086790530681610162e-01
1.087832846641540591e-01
1.084254357814788822e-01
1.072191267013549859e-01
1.064622392654418909e-01
1.072437996864318843e-01
1.088363139629364013e-01
1.085024516582488996e-01
1.087790155410766624e-01
1.088475065231323258e-01
1.084928915500640856e-01
1.085195300579070987e-01
1.082614283561706553e-01
1.081325778961181594e-01
1.081350526809692347e-01
1.078586702346801818e-01
1.084311039447784369e-01
1.090939443111419715e-01
1.088295321464538556e-01
1.082557227611541800e-01
1.081340041160583493e-01
1.085481431484222464e-01
1.086333003044128442e-01
1.086181259155273443e-01
1.084669082164764348e-01
1.084516561031341614e-01
1.081021087169647260e-01
1.086412403583526670e-01
1.084530651569366455e-01
1.082580096721649232e-01
1.081168508529663091e-01
1.087051870822906552e-01
1.087809867858886698e-01
1.088068318367004378e-01
1.091621899604797302e-01
1.077406103610992483e-01
1.072339205741882351e-01
1.084398214817047096e-01
1.083853561878204280e-01
1.087945072650909478e-01
1.082126505374908509e-01
1.086551313400268559e-01
1.086985199451446504e-01
1.090474474430084273e-01
1.101050636768341057e-01
1.102566933631897034e-01
1.108669984340667769e-01
1.104782345294952339e-01
1.107757384777069143e-01
1.109775743484497090e-01
1.103646433353424050e-01
1.104506764411926217e-01
1.115038301944732690e-01
1.089722404479980533e-01
1.091118865013122607e-01
1.079120957851409934e-01
1.084595458507537774e-01
1.089537336826324476e-01
1.090341520309448253e-01
1.086191463470458918e-01
1.080462656021118212e-01
1.084262640476226780e-01
1.089844973087310820e-01
1.093753294944763144e-01
1.091770112514495877e-01
1.090580239295959458e-01
1.088493003845214802e-01
1.091646401882171574e-01
1.096753246784210184e-01
1.092624928951263369e-01
1.094257900714874221e-01
1.092262964248657264e-01
1.094343781471252414e-01
1.091282551288604713e-01
1.083994243144989073e-01
1.091604475975036653e-01
1.082088007926940987e-01
1.087444276809692439e-01
1.083814759254455584e-01
1.073763632774352994e-01
1.084135708808898896e-01
1.080764641761779721e-01
1.091157894134521522e-01
1.089943356513977113e-01
1.090459296703338576e-01
1.092647993564605652e-01
1.086054022312164247e-01
1.089450905323028629e-01
1.100275301933288513e-01
1.096143958568572968e-01
1.103397026062011704e-01
1.095382597446441647e-01
1.094344570636749253e-01
1.094124128818511898e-01
1.093988730907440171e-01
1.096076045036315921e-01
1.091337623596191353e-01
1.090475697517395010e-01
1.093426153659820543e-01
1.095135762691497872e-01
1.096075897216796935e-01
1.091476061344146681e-01
1.086563978195190378e-01
1.087598543167114240e-01
1.096544711589813176e-01
1.100165402889251715e-01
1.096342480182647683e-01
1.094501702785491970e-01
1.094414393901824989e-01
1.093529012203216522e-01
1.087117924690246540e-01
1.087136144638061463e-01
1.089016063213348456e-01
1.084909892082214361e-01
1.082019259929657001e-01
1.076533052921295197e-01
1.075927898883819595e-01
1.075168454647064259e-01
