1.456333587871692998e+02
1.430849359519532698e+02
1.424628386324527298e+02
1.567309043842529661e+02
1.687685453337144565e+02
1.466667603058168368e+02
1.316258489625702452e+02
1.254248353621375429e+02
1.201427850995438291e+02
1.260153162537130811e+02
1.266464632207158871e+02
1.160315307614239089e+02
1.066163908863792784e+02
1.119916863835030796e+02
1.081510666404572163e+02
1.114510887786600790e+02
9.799093777274593720e+01
8.945200832353523879e+01
7.491346114188885963e+01
6.466118872508322113e+01
7.192774297236775283e+01
8.537117466223367046e+01
5.812024207021226374e+01
6.395049134216939990e+01
5.049465756934306881e+01
7.097618440139633833e+01
4.815460465771080578e+01
3.088189641804610375e+01
4.497022504405720866e+01
4.376440795414612239e+01
3.973553588800072589e+01
2.340093373726121939e+01
3.190650581398772445e+01
2.084311120265568817e+01
1.542931813822407072e+01
2.822330711878436560e+01
2.143570071497479290e+01
2.555518475824122504e+01
1.819873643020544307e+01
2.373288517155678790e+01
2.133345917426475324e+01
2.719032262660109822e+01
3.409184486192408770e+01
1.619566856071486782e+01
2.004290769299590735e+01
1.048943595554996300e+01
1.820139207861415542e+01
2.360882399879629290e+01
2.266343642945702896e+01
1.792958225418387741e+01
1.409596891435613308e+01
1.002756902930067540e+01
8.928141935346717517e+00
1.528440379215806288e+01
1.554503595489314449e+01
1.915796495546577916e+01
1.293024989943832992e+01
1.191084697870705078e+01
1.302991040321529148e+01
1.230739541531033332e+01
1.447643367859669716e+01
1.408772407736083565e+01
2.086934667825105549e+01
1.800232653355481105e+01
1.494809844669674703e+01
1.362485686137775431e+01
1.484334989218355894e+01
1.942985700972779028e+01
2.056607254844913513e+01
2.771680416384684165e+01
1.194195238390138591e+01
6.968785843306552152e+00
1.997183438093333407e+01
1.138929825575647925e+01
2.216323643773923990e+01
2.157884764375798881e+01
1.212163779486604831e+01
1.413258298019734482e+01
7.716470477677841444e+00
2.084878654229479977e+01
1.629504468924868732e+01
1.624552805029794555e+01
3.815361558334959824e+01
1.086284102068066559e+01
1.016877260217211543e+01
1.706501020682451042e+01
2.418956115993757905e+01
8.934668331086072612e+00
1.969120665751421129e+01
1.087917084299384207e+01
1.774002199073207464e+01
7.014403145776237913e+00
8.410076821105993972e+00
2.340912166183247578e+01
9.151329654853224582e+00
1.430411604449966845e+01
1.109772123263121379e+01
1.267995946163226506e+01
1.786080832058953050e+01
1.350241037586579473e+01
1.873343489736255663e+01
1.851397485250518571e+01
2.122231014501573299e+01
7.246971250743436954e+00
2.396894046322795546e+01
1.970967139336152485e+01
1.495309164012514813e+01
1.370998853084643798e+01
1.930053364529922888e+01
1.027264865633973123e+01
1.466696303460519779e+01
7.950580623651522849e+00
8.320980003704423922e+00
2.407246739388880741e+01
1.048446495733395167e+01
1.128537774852826203e+01
2.742094100528820988e+01
7.294722118699669799e+00
1.219033110995486346e+01
1.382967058075397837e+01
1.320412598065853871e+01
1.342813963329777138e+01
2.574462510419652617e+01
9.991070716026609233e+00
1.238934270677297000e+01
1.861967823388367904e+01
1.073204428495449392e+01
8.970057329660397372e+00
6.519459261908433056e+00
1.677957173449719974e+01
7.947362537071853694e+00
1.708712297181391193e+01
1.994576874597434823e+01
8.655523977161079685e+00
1.612239085220948809e+01
9.279026060360930472e+00
6.791558547551244551e+00
7.174107393929942234e+00
1.083146503594920951e+01
1.032808197033364550e+01
9.466823400733375138e+00
1.410137065693110969e+01
8.047745398607965228e+00
5.943519561431910958e+00
2.049688162630546628e+01
9.118553614415441544e+00
1.621570612580489623e+01
1.128402329309725083e+01
2.306574382595696449e+01
9.733098596734585328e+00
1.257916363687248484e+01
8.237530159830738441e+00
9.343026499781379002e+00
5.744759060454685873e+00
7.077215056832729445e+00
1.817199250374167363e+01
9.287722235182446440e+00
6.649203668592366334e+00
9.140905735026809253e+00
1.224180544120186021e+01
7.471860145344873416e+00
1.345590357933845738e+01
1.229704102894517881e+01
1.488965804849466323e+01
1.285776017127673398e+01
1.830945882101983813e+01
1.370174796728363908e+01
8.291156760362817124e+00
1.036987768190124193e+01
1.321844971065801744e+01
7.430589631215170243e+00
8.690574033635789064e+00
8.211179492803042379e+00
1.884215381475123507e+01
9.385808913252787988e+00
1.850600532049904956e+01
4.858395123660072557e+01
8.680894953136110814e+00
2.005833712355942922e+01
1.475300073036600423e+01
6.106986575958622154e+00
9.947911764416849323e+00
5.720171408658509904e+01
1.914544537703291738e+01
1.271966629369134161e+01
1.972710934619109224e+01
1.950158727202459019e+01
8.788965447066374281e+00
1.022188652163610634e+01
1.064206273193197383e+01
1.064954318773193265e+01
1.558084077544871349e+01
9.050685284462019808e+00
1.998080990944149704e+01
7.841546676038317898e+00
2.627427875496632836e+01
6.007703071302329612e+00
7.760087599766932520e+00
9.863778564822048622e+00
8.773025754260814324e+00
8.722647925222277721e+00
8.278354861965047107e+00
1.302157789143605271e+01
1.245796831965679097e+01
1.679831684193482388e+01
2.499244807935309964e+01
6.935916418608191414e+00
1.194751749247346417e+01
6.466028234890305981e+00
1.312082635401524300e+01
1.738024955204133093e+01
7.585088259470667893e+00
7.373739023549812366e+00
1.113813105095041855e+01
7.476257744981077202e+00
1.744041487001271662e+01
1.378563874389843669e+01
9.693735440511856538e+00
8.768586784465709272e+00
2.422726140136943940e+01
8.449989595357582317e+00
7.110825270681068844e+00
1.438160869367942141e+01
1.160997422849049876e+01
1.272614444024740976e+01
8.066913030952390429e+00
1.105546387101403738e+01
9.491547201175634996e+00
2.731663611383403278e+01
1.188260613308221991e+01
9.950377234479685029e+00
1.465384977363313901e+01
2.043979671675313625e+01
9.357717531280080436e+00
8.056056595696734490e+00
9.334418402984397289e+00
1.375591257696027370e+01
1.743262784266539356e+01
1.005085145396577317e+01
8.281240124559133164e+00
1.864706689226373371e+01
8.206897450196359856e+00
1.606634498097319508e+01
5.915387802188143418e+00
1.593317261061792145e+01
8.676735876461512120e+00
1.908648825615656719e+01
1.208673215594240524e+01
9.852675220530008104e+00
1.293843589936574290e+01
2.429666121427388603e+01
9.661502465703550868e+00
8.679539520761915483e+00
8.125138600328144278e+00
1.132410825773738949e+01
9.640679701670627821e+00
1.169289791701170067e+01
2.738286158403268900e+01
8.492265809432552714e+00
9.348869395468680565e+00
5.884185819473974455e+00
7.730313481272653497e+00
1.343431149943136838e+01
1.445526765002150249e+01
1.229102656109628988e+01
9.697932425190193939e+00
6.070454733263677127e+00
9.636617074720964737e+00
1.266492065429989111e+01
1.144080737025126915e+01
1.080932043059105396e+01
9.122885431114317711e+00
1.231536709257931861e+01
1.783233578267731545e+01
2.046168324883539924e+01
1.874834806397794651e+01
5.727204507658162136e+00
8.821578256670793650e+00
1.281575798858325221e+01
2.858790072931424575e+01
1.139380291376453869e+01
1.712401328041819326e+01
7.061924217419981886e+00
6.900704757427233993e+00
2.737447376528577081e+01
8.485395499449120749e+00
1.317070213024334002e+01
9.426635409386806330e+00
1.343804316928234677e+01
4.572879518367599161e+01
7.770272555343065157e+00
1.024982814942403309e+01
1.039879703279156331e+01
9.561157320456334929e+00
5.673759731587955990e+00
6.651656959249301337e+00
7.179246381863945814e+00
9.489579797999923017e+00
1.152621226375059393e+01
7.577131217922496553e+00
1.148692878194505518e+01
7.419400408513177503e+00
5.583495866061008783e+00
8.894684616633623975e+00
8.316140842698750646e+00
2.600913111737076022e+01
1.262452151421817881e+01
1.371649492629089551e+01
7.982304111227512600e+00
4.188340499800475669e+01
5.526047476456023233e+00
1.725890620395575326e+01
7.883378380698708554e+00
8.409719606994416452e+00
2.505531608781794262e+01
1.595197531891232323e+01
1.203161030601864567e+01
1.168340188201591090e+01
9.790216821835842964e+00
9.162301188934133478e+00
1.308459726799936718e+01
2.299059825381154099e+01
7.753173946231365576e+00
2.936528245173965601e+01
9.776471568654898192e+00
1.157382405310302254e+01
6.413755700123993542e+00
2.916775345985750434e+01
2.113836345921358628e+01
1.109580746128913908e+01
3.080333390234189750e+01
1.446096663411323568e+01
1.102161988176082374e+01
1.147928060399700811e+01
1.075822675748669432e+01
1.623204117715432915e+01
3.197796356837647735e+01
7.276276368386080051e+00
1.725585355542293442e+01
9.715256450497907537e+00
1.214344922824001927e+01
1.752765401294307424e+01
6.310419986206929899e+00
2.589554990499237164e+01
1.050179489411296530e+01
6.904052561158407819e+00
8.748856643154743651e+00
1.800313682602357801e+01
2.010997629533104103e+01
2.165611528567665900e+01
2.198127247077251667e+01
1.643957684159940413e+01
2.928985160123053433e+01
8.251806812639998157e+00
3.393515924797866035e+01
5.618702913365433815e+00
7.711279552144843841e+00
5.035319967700680799e+00
9.259268795739796332e+00
1.306419432917768475e+01
1.938184866221164526e+01
7.696087068665126374e+00
9.139329564899139058e+00
4.231317055802482940e+01
8.235379718910563085e+00
1.275291272077453719e+01
3.971466318922058036e+01
1.158357856078810144e+01
1.879161209070498728e+01
8.505282962647688905e+00
1.060564935393522212e+01
6.677443846425303420e+00
9.395940667023335635e+00
1.291176407337163923e+01
1.013357399901322076e+01
1.531534741932068755e+01
2.000686634384058138e+01
2.030496911942824667e+01
8.665914831222460535e+00
6.969884735026584899e+00
2.549683152251820673e+01
2.039735278679190955e+01
1.476080981305196360e+01
6.077778471382327297e+00
1.038745368109662337e+01
7.481906533036571716e+00
8.210953711585302628e+00
6.773807992563625646e+00
6.564129578589342096e+00
5.897498685741709323e+00
1.556399826091989347e+01
1.362805433173044811e+01
1.252252202829692429e+01
6.839289883197642084e+00
1.308274982068111747e+01
6.329653884532788766e+00
9.086291143707759588e+00
1.472376846383846427e+01
1.573268039184289435e+01
2.540449455952323987e+01
3.122325339672755717e+01
1.062828009215979819e+01
5.928438385567917024e+00
8.431352179056736063e+00
1.428683706510799034e+01
9.028310016177798047e+00
6.117722516985321768e+00
3.369395551257100863e+01
1.833838452364331317e+01
1.770189837724403858e+01
5.959538106965009518e+00
1.166702164813330178e+01
2.314197536081056228e+01
1.103085641194256006e+01
9.579915590792181135e+00
1.289100298487195495e+01
3.168409043261710423e+01
6.389885131384676953e+00
2.246316647464135841e+01
2.804089895638719554e+01
1.642715896778952001e+01
6.120293457904947942e+00
2.070981719548347044e+01
9.847250492996300508e+00
1.761944518296591156e+01
8.255859968884601940e+00
9.937043419749201689e+00
6.965659267327225734e+00
6.891475682934516733e+00
1.267968634846354981e+01
4.090102555950956997e+01
4.509161493786213981e+01
3.285392362185918813e+01
1.829703512224225648e+01
2.226573568153854055e+01
7.927334380958620308e+00
2.633225392575684509e+01
2.716012342690758530e+01
1.397209117470462303e+01
2.592676451538040538e+01
9.620202727450280378e+00
1.981501730570932551e+01
1.648221379562906819e+01
6.288076267154171006e+00
2.022824445083577416e+01
2.797130223091238932e+01
1.207783549116736843e+01
1.343054652872726606e+01
1.507934796664649468e+01
9.772157411688420225e+00
1.084450273779965457e+01
1.954680014409871447e+01
7.437379741080004436e+00
2.157790306815920545e+01
8.287226012843996514e+00
2.369735577928691939e+01
1.344284999892055943e+01
7.715113012175169871e+00
1.435681448910767166e+01
1.582169508206757591e+01
8.573121295119713992e+00
7.518212649645138690e+00
2.542371947645057872e+01
1.449034549438625952e+01
1.179156899722944019e+01
8.645767415053443372e+00
1.107274395008146506e+01
4.167989113794906331e+01
1.342452217708938988e+01
9.911293033332782443e+00
3.392053328396565348e+01
1.227454536000974628e+01
2.982269838869795464e+01
2.688147331993910427e+01
3.160853103969694544e+01
2.783900231346410692e+01
9.307421204110712054e+00
4.532894375359065009e+01
1.115588333046011016e+01
1.244480472955216577e+01
1.140595887066244529e+01
5.204881229416869814e+00
1.416943719794413425e+01
6.483156331858563881e+00
3.354055102253554566e+01
1.597473170288087907e+01
3.987772365754353565e+00
3.053133507641510747e+01
4.229596529067072908e+01
3.404406513792353195e+01
3.580691899888045526e+01
3.467540107989345444e+01
2.612983724292015353e+01
9.784304592758735097e+00
1.925905520191402687e+01
2.442699678690819454e+01
3.365221043495777309e+01
1.893262661414366832e+01
8.671598686285697966e+00
1.895536214158516586e+01
8.311516643093874279e+00
2.109086367372742643e+01
2.439383121662866571e+01
6.616559215025660912e+00
1.167894564133399449e+01
1.315954485480725289e+01
4.579432490500235531e+01
1.531973866925282657e+01
1.366854376662070969e+01
1.386486307121561623e+01
4.709337503469780728e+01
3.524397899492995379e+01
7.807943616539279041e+00
1.267649052892727113e+01
3.978888384864009709e+01
2.046039556915351909e+01
1.622073836121428414e+01
2.014810657678836492e+01
3.660332713510132407e+01
7.177644764237368413e+00
1.682767851062836328e+01
3.341700899292951021e+01
3.941027534692949530e+01
4.674038701790982486e+01
1.041882859457176558e+01
2.207450060711289908e+01
1.048897783592930111e+01
6.728022359620295489e+00
2.121097919381002939e+01
7.921220696184378518e+00
1.005691899827211877e+01
6.323692402312994787e+00
1.424615598689156748e+01
6.540519605243516388e+00
6.789321628748118620e+00
1.468076224097069193e+01
1.587375006761031138e+01
2.969287878048641360e+01
1.399293473941751742e+01
1.580534495724481125e+01
1.593964363984690635e+01
1.441394340023841814e+01
1.114732075876897355e+01
1.900069330155808345e+01
2.212313007700908329e+01
8.654332685021973504e+00
1.941384294146353540e+01
8.694105782841475616e+00
7.584632454514067312e+00
1.836749518291729188e+01
2.882009075039654178e+01
2.309323472706670799e+01
8.025943611612976980e+00
6.782780443991001107e+00
1.379159904535580949e+01
1.100462614213514456e+01
7.634254665292155018e+00
1.272735606760256921e+01
8.361298852547491833e+00
1.007745646771447134e+01
1.147088543853078768e+01
2.309414259567637018e+01
4.644968061938043036e+01
3.225336540520155637e+01
5.419780497063649172e+00
2.735955594025025661e+01
4.861871910438344102e+00
1.754672064701079037e+01
2.577908478963443173e+01
1.272156983402034847e+01
3.202714525268776669e+01
6.597757510223868138e+00
1.426838861043033013e+01
7.919690791462402402e+00
7.342953701457854976e+00
3.470221235253015379e+01
8.318853125961242156e+00
7.049246950155962033e+00
4.669939769510629901e+01
9.201375617013711761e+00
2.171687972577709402e+01
2.674881315991185460e+01
1.012444404408338450e+01
1.422411038609324052e+01
1.454640196808230712e+01
4.636282210802960435e+00
1.688731625150449389e+01
1.355073621088487990e+01
1.276627761590477306e+01
2.739626355465460605e+01
2.504822278415569770e+01
7.176029711518633114e+00
4.051682691125918012e+01
1.032181456698750033e+01
2.498155691199043460e+01
2.653429970740857513e+01
1.635601708228736229e+01
3.889410594627229756e+01
1.324535307853212274e+01
1.264826887607394745e+01
2.748310746456611753e+01
1.343421730785177814e+01
3.084851363445579153e+01
1.143555465349905376e+01
9.377071370613251133e+00
1.608060892461386260e+01
7.020959535975335619e+00
2.164663981052505903e+01
8.308642951586358905e+00
1.973143307243981326e+01
2.194157184103513814e+01
2.660876826922677196e+01
1.091308556738546010e+01
3.141458680666329428e+01
2.028057636812613751e+01
3.457204563992784330e+01
1.307984681011015304e+01
3.367754456875133684e+01
8.569521850365180882e+00
1.261021581279119275e+01
4.329856891245290029e+01
1.066243589707131179e+01
1.197766097462316992e+01
1.681868842913098305e+01
2.887634307842850490e+01
1.347026978270760544e+01
1.503169107104259794e+01
4.852807642373105246e+00
1.175605426960287936e+01
6.289880599902501146e+00
2.884496633761381190e+01
3.821558473296922109e+00
1.044055916469402057e+01
8.295162984433025244e+00
2.335950779167576030e+01
3.216046608290840680e+01
2.673722750432258266e+01
5.780915458971695564e+00
6.516013882567595061e+00
4.283735865367843232e+00
6.786519822173596950e+00
6.449081542617436824e+00
1.370162113766319045e+01
1.686855118973518231e+01
1.646986117955822593e+01
2.142060570484360227e+01
5.844011329175348379e+00
1.499570272738792909e+01
1.607199403498399803e+01
8.227365250260522345e+00
4.749093930601965496e+01
5.380088236032693594e+00
9.145507057711618870e+00
1.995435207711725312e+01
7.036523907240182396e+00
2.491324117566164631e+01
7.377466989424209309e+00
3.162710414308437024e+01
1.472111215965157349e+01
6.147185191657959180e+00
8.618517613272793199e+00
1.967618644051507459e+01
1.409092175436111560e+01
3.932901209484295180e+01
5.356457771786992339e+00
1.736539019121411798e+01
5.796394687642937527e+00
1.159976828576648167e+01
9.062780688131098827e+00
2.163779057153335827e+01
1.295626093370220033e+01
2.091882397878775635e+01
6.674051474896171676e+00
1.510134618614373103e+01
6.670375194429593257e+00
3.706942649953898439e+01
2.195208975845668320e+01
2.522651113909896736e+01
1.378886526354354558e+01
1.946530700364264987e+01
1.446138544884646926e+01
1.133325615589854252e+01
1.191077896582894446e+01
2.832037506535432669e+01
6.736337360882901137e+00
3.072422994214517189e+01
2.104502942948158406e+01
4.292215790153911570e+01
9.015255767533389530e+00
1.971658888285204725e+01
2.828373980851237945e+01
5.032608528921774571e+00
1.499115260529144322e+01
2.596061961855746247e+01
1.794571945164392801e+01
5.452435171657891821e+00
7.063434443430502085e+00
1.775019419150192235e+01
2.459619658886840554e+01
2.205195743550455845e+01
1.395418754450849441e+01
2.266075238956389981e+01
1.518084298217329930e+01
2.762044594845999868e+01
1.076869196283288055e+01
6.654001621045165571e+00
1.090226753373232604e+01
1.320510968911364635e+01
2.765827114910547735e+01
1.552193751097608576e+01
2.313722318837971414e+01
2.540148608790153517e+01
1.414732524020873150e+01
1.099181893552610489e+01
1.246519875080277906e+01
1.335098581741631740e+01
1.640940823697776452e+01
3.653013158920141024e+01
1.210075787029123795e+01
1.252416241915632611e+01
7.106882191963487472e+00
1.237118127954747671e+01
8.196268857849823064e+00
1.850314296919298229e+01
1.032139267234579449e+01
3.081419212989575129e+01
1.425196685383379425e+01
8.537055297175919932e+00
5.213387693680422075e+01
3.069996975899810820e+01
1.680560718311941315e+01
3.063430034986088302e+01
2.635435721607332837e+01
1.357986290482507741e+01
8.151334381921227390e+00
1.222814157418123848e+01
3.613912728627433069e+01
1.418118547993818801e+01
4.168032793093345134e+01
1.426234712169061325e+01
1.888590343156935347e+01
7.142702995404422772e+00
2.656081155004140726e+01
2.257762168024442673e+01
4.270190647997166877e+01
2.479386431378116029e+01
1.528986635576097264e+01
2.383358972297464007e+01
2.396480979322099714e+01
7.212254957203382943e+00
6.603580463631627318e+00
1.235694653271987420e+01
1.243040611099308457e+01
5.787938243993417053e+00
7.231963992108878969e+00
4.888128202661014221e+00
5.698571684054182462e+00
6.400801368434351879e+00
8.683598094405756029e+00
2.765364679175848295e+01
1.834715922791174236e+01
8.410021257249875148e+00
7.025546203892713670e+00
2.045871866258457317e+01
6.236209539860675832e+00
2.571876302169254913e+01
4.064926742387485525e+00
1.875704970634144431e+01
2.229770099536032291e+01
4.348680713274894316e+01
4.574250263515435400e+00
1.047028245764966137e+01
4.256293234647420043e+00
5.776874535965277779e+00
1.375788335964464260e+01
5.981947752483229408e+00
7.316903033102080123e+00
1.528276875095468057e+01
5.197046938790716553e+00
3.583099734886620524e+01
1.381217561784371206e+01
3.743962911752299050e+01
1.409139243418694498e+01
2.028695526609111255e+01
1.169875965382978933e+01
7.063796646052785455e+00
3.206433641547345559e+01
4.200724107499143400e+01
5.959449223197323953e+00
9.899086455869326784e+00
5.346521204579231856e+00
4.255446044104350989e+01
8.336674771180028642e+00
5.157837651437785276e+00
9.435607750720444997e+00
2.600156070358175953e+01
6.584847303197022050e+00
2.061618303398705265e+01
6.028967339643633849e+00
5.915334009995004472e+00
9.327903194351568672e+00
2.088145278421400519e+01
2.200895484956849657e+01
1.072019734461438212e+01
1.437140652838862387e+01
5.845596768999924642e+00
2.026541204666307294e+01
2.449253223338233099e+01
1.333582734848219076e+01
1.644287342903367843e+01
1.062117811117034627e+01
1.226411212484839908e+01
1.055744497679227933e+01
4.548540596630566313e+00
3.061600718761673434e+01
1.923410230164832058e+01
1.998368719191552856e+01
2.402645482158300183e+01
7.423590336180499349e+00
1.256333255021148965e+01
1.029408576981671608e+01
8.346738583885517926e+00
3.423747015792667980e+01
1.205955514985358867e+01
1.345847199839650443e+01
1.460168933584366968e+01
1.999312058532143510e+01
1.292737617596054989e+01
1.953719332364034855e+01
1.987234438206846221e+01
4.739355142157172018e+00
9.514028712574901903e+00
8.535483696036736845e+00
6.530983216704698613e+00
1.051636455090844180e+01
1.233192624823857564e+01
1.586834172470388893e+01
1.064071135870019447e+01
8.981493100994091705e+00
1.397006609456759207e+01
5.427058901391490053e+00
9.402850227046283038e+00
7.477467924686289180e+00
1.130686979498961620e+01
3.424139408536380103e+01
5.094027893933838591e+00
1.503392191681547629e+01
2.008695175061406957e+01
6.806152321027222563e+00
2.169506707912421817e+01
2.624674058720893655e+01
1.702422825375202109e+01
3.682835099733348727e+01
1.396803270193161595e+01
9.718457057965416368e+00
1.646348951664424831e+01
9.237558450437953539e+00
1.468890437053878983e+01
1.644126211491088796e+01
1.936361238394283291e+01
1.134917386137498774e+01
3.783278943317427689e+01
3.201302031678751803e+01
3.588859285710726255e+01
1.164505462385865542e+01
2.120147264617347815e+01
9.906462458379536429e+00
7.325583790327843126e+00
9.168958009210339100e+00
1.179448885232197597e+01
1.287578271793754325e+01
3.269857323393159021e+01
1.208310266344799011e+01
1.074067028118672695e+01
1.914995790082825877e+01
3.218401192363149477e+01
9.372072263440399453e+00
2.736441441296016563e+01
2.908132775313276142e+01
1.448170237236514524e+01
5.898640013704257612e+00
4.726647398348288931e+01
1.005651517679084961e+01
6.256628444096104857e+01
8.517771158959046574e+00
6.877564806965419386e+00
1.746620090024194383e+01
2.464105253468555290e+01
6.505576212229517097e+00
2.906511403982897690e+01
3.434364557871730028e+01
3.589404419059735574e+01
4.688592390034087032e+01
3.393604635586162743e+01
8.834344408807718096e+00
2.466962702337941238e+01
2.260066927106959866e+01
2.059820720514418468e+01
1.256809195053035388e+01
1.109674902733883073e+01
2.950581825622085219e+01
6.468425682675906785e+01
1.533025552780017975e+01
1.336614008025203404e+01
2.063850461642064715e+01
8.783515110919998037e+00
1.539440770555233051e+01
1.312661030194614575e+01
6.266296598056598555e+00
4.738042824530236885e+01
1.158074415870374452e+01
5.894766053641567360e+00
3.761772153516395889e+01
5.029543717183468488e+01
1.055359938235474004e+01
3.033717652370353335e+01
9.627477333170855189e+00
1.778275869638814655e+01
3.492045402617648620e+01
6.504505759275432730e+00
3.869584190844226868e+01
1.930357031798081024e+01
2.196272784699563729e+01
6.098936025944099448e+00
6.861465668112636251e+00
1.346237197041674172e+01
1.248451843459904786e+01
1.021251508663066510e+01
4.124806024258640491e+01
1.900738579277840401e+01
8.401504759162987668e+00
3.247102929907599389e+01
4.011333616363463506e+01
1.153081786051193269e+01
2.446386967246210276e+01
6.270632566013577325e+00
2.727729335793309318e+01
1.628063000636118574e+01
1.425087833815688931e+01
1.124831027323824273e+01
1.462380722311323211e+01
8.861957200284644287e+00
2.464228224399270673e+01
7.460914023596872724e+00
2.136060136602810644e+01
1.026151431929922886e+01
1.022717013304375300e+01
1.321013058421930175e+01
8.821312823730181663e+00
1.456349103576834203e+01
8.165489162716276894e+00
1.874137685945296283e+01
1.378861115114076519e+01
3.567782738717279045e+01
1.705732033507831957e+01
1.174834244705959563e+01
2.829854030434277590e+01
1.047888228882943906e+01
7.483260893347799758e+00
2.759458103361005854e+01
1.663387505480325146e+01
6.552484943802172168e+00
2.775569718708874944e+01
1.823265436310320808e+01
1.479623473794382704e+01
1.340072816965925107e+01
1.449766937324665683e+01
9.969430858645999649e+00
2.328405112615185502e+01
1.300722172190590697e+01
9.617323729820236977e+00
8.331540582371259163e+00
1.150033968769318626e+01
7.359863650906078192e+00
9.285739290762844433e+00
3.055062885640840875e+01
8.328136082665553275e+00
1.394639388489131093e+01
3.487736893619904066e+01
2.481227505645154352e+01
3.179441024917623437e+01
2.211884626750550353e+01
9.874675691882531581e+00
3.876827386834850131e+01
2.754294984063110263e+01
4.210770472941693754e+01
1.549617151099497114e+01
1.919017710946272004e+01
1.209055920988133970e+01
1.818326608364351671e+01
1.656902734828682000e+01
2.203354870307042290e+01
2.741563149371109986e+01
8.306429124880082782e+00
1.961241329275057765e+01
1.660907405426049621e+01
8.791490755375690469e+00
2.498828975867308344e+01
3.360742273635116817e+01
