2.044497377872467048e-01
2.776248788833618128e-02
2.729306435585021964e-02
2.672090744972228926e-02
2.662316966056823761e-02
2.678295254707336454e-02
2.667792534828185985e-02
2.661267590522766249e-02
2.659206724166870289e-02
2.675493764877319436e-02
2.666644597053527757e-02
2.681497979164123441e-02
2.696221828460693484e-02
2.710595750808715912e-02
2.673832058906555273e-02
2.678568553924560655e-02
2.686153578758239749e-02
2.663767004013061629e-02
2.673497223854064825e-02
2.684504055976867642e-02
2.686630654335021851e-02
2.688342952728271437e-02
2.713154339790344385e-02
2.678072094917297377e-02
2.718103122711181679e-02
2.714458179473876881e-02
2.703250288963317954e-02
2.724578881263732891e-02
2.704396295547485327e-02
2.735282683372497470e-02
2.719642710685729950e-02
2.721588253974914495e-02
2.720873999595642065e-02
2.723947501182556047e-02
2.745892286300659346e-02
2.749747443199157884e-02
2.722287368774414101e-02
2.746860694885253779e-02
2.760538887977600012e-02
2.723836421966552637e-02
2.751554799079895114e-02
2.720618343353271504e-02
2.747291755676269445e-02
2.755045795440673809e-02
2.747383666038513347e-02
2.702307987213134824e-02
2.750506615638732832e-02
2.733824586868286236e-02
2.757337617874145580e-02
2.768884873390197593e-02
2.712635827064514144e-02
2.773937392234802207e-02
2.730714082717895438e-02
2.723788309097290028e-02
2.756010508537292542e-02
2.737309455871582073e-02
2.750438952445983729e-02
2.774641156196594113e-02
2.772557568550109916e-02
2.743595123291015653e-02
2.785781240463256966e-02
2.780786061286926250e-02
2.762277746200561546e-02
2.786971831321716220e-02
2.762532067298889213e-02
2.761848473548889071e-02
2.749267768859863306e-02
2.716502404212951804e-02
2.733140349388122475e-02
2.772071170806884866e-02
2.779594779014587375e-02
2.730031776428222534e-02
2.719843268394470104e-02
2.733737111091613659e-02
2.736333012580871582e-02
2.763873147964477500e-02
2.745201182365417450e-02
2.773810625076294015e-02
2.739922595024108995e-02
2.643753838539123630e-02
2.699656295776367218e-02
2.744759035110473644e-02
2.757937145233154211e-02
2.796220850944518971e-02
2.825192546844482525e-02
2.787020134925842149e-02
2.724994897842407393e-02
2.800041675567626828e-02
2.764105844497680500e-02
2.790180039405822793e-02
2.739038777351379336e-02
2.801491093635559079e-02
2.754443025588989430e-02
2.767642235755920360e-02
2.764209032058715862e-02
2.748704695701599185e-02
2.695818305015564020e-02
2.801375746726989663e-02
2.794500875473022311e-02
2.791603946685791010e-02
2.786498308181762848e-02
2.790988445281982269e-02
2.739673423767089930e-02
2.807743620872497556e-02
2.809468388557434179e-02
2.794728159904480078e-02
2.742001366615295574e-02
2.805197525024414121e-02
2.793877339363098206e-02
2.819117045402527028e-02
2.798991870880127020e-02
2.788816571235656905e-02
2.786447119712829462e-02
2.794785308837890656e-02
2.807700991630554185e-02
2.791703987121581937e-02
2.741155982017516937e-02
2.810308218002319225e-02
2.763100576400756916e-02
2.839411711692809911e-02
2.799697303771972803e-02
2.818521451950073073e-02
2.835516834259033114e-02
2.846320509910583649e-02
2.804788231849670438e-02
2.819550991058349457e-02
2.819483733177184995e-02
2.828661680221557576e-02
2.807651758193969657e-02
2.835008716583252084e-02
2.802761054039001540e-02
2.794860458374023512e-02
2.815238189697265650e-02
2.778984522819518896e-02
2.822680258750915466e-02
2.807345032691955719e-02
2.792825412750244221e-02
2.811530113220214733e-02
2.815621519088745001e-02
2.767805147171020427e-02
2.801656579971313621e-02
2.828348040580749498e-02
2.835142278671264754e-02
2.817729163169860676e-02
2.836969590187072773e-02
2.805501770973205591e-02
2.802994656562805137e-02
2.783840417861938379e-02
2.793788194656372098e-02
2.816283130645751837e-02
2.815293478965759377e-02
2.813673329353332669e-02
2.814061498641967640e-02
2.801131319999694905e-02
2.762207674980163633e-02
2.811348080635070815e-02
2.799230098724365262e-02
2.791759371757507324e-02
2.742999696731567363e-02
2.771187162399291887e-02
2.736683130264282171e-02
2.777419614791870259e-02
2.734730935096740811e-02
2.782988572120666595e-02
2.763523387908935550e-02
2.769795489311218176e-02
2.747717475891113190e-02
2.721957349777221619e-02
2.740412092208862477e-02
2.766833233833312922e-02
2.717663025856018044e-02
2.781854200363159321e-02
2.749248361587524475e-02
2.744214510917663413e-02
2.789506840705871515e-02
2.808132696151733471e-02
2.824253678321838462e-02
2.786366724967956690e-02
2.823723292350769146e-02
2.806183695793151855e-02
2.805489587783813535e-02
2.821229553222656325e-02
2.707610416412353435e-02
2.787505578994750946e-02
2.765135788917541526e-02
2.809865689277648779e-02
2.811776328086853030e-02
2.832461357116699066e-02
2.829606962203979476e-02
2.841647863388061662e-02
2.830159807205200051e-02
2.755178642272949202e-02
2.807614111900329570e-02
2.811292266845703131e-02
2.832056713104248030e-02
2.812925410270690832e-02
2.794250726699828991e-02
2.843488311767577992e-02
2.852654242515563834e-02
2.865510034561157340e-02
2.815928173065185627e-02
2.829161834716796900e-02
2.859831690788269126e-02
2.852779078483581518e-02
2.843531966209411621e-02
2.813199687004089289e-02
2.699605822563171456e-02
2.816915225982665957e-02
2.826053214073181302e-02
2.837132453918457184e-02
2.763676571846008373e-02
2.749637198448181066e-02
2.847099471092224068e-02
2.852061533927917336e-02
2.831447410583496152e-02
2.757091522216796944e-02
2.851526308059692399e-02
2.888827943801879766e-02
2.840738773345947293e-02
2.839706373214721802e-02
2.862810182571411122e-02
2.844405651092529394e-02
2.851945304870605324e-02
2.840578293800354037e-02
2.876544737815856997e-02
2.810743498802184895e-02
2.872682499885559002e-02
2.846446824073791543e-02
2.859605717658996599e-02
2.853065896034240670e-02
2.882071924209594557e-02
2.864824485778808688e-02
2.867864537239074585e-02
2.866442418098449560e-02
2.862691450119018641e-02
2.875373053550720273e-02
2.859937191009521637e-02
2.839375686645507699e-02
2.871211385726928772e-02
2.868948292732238781e-02
2.880051040649414182e-02
2.806556916236877322e-02
2.780312967300415175e-02
2.875002026557922294e-02
2.788667058944702126e-02
2.853024649620056197e-02
2.828039336204528700e-02
2.858622074127197335e-02
2.812663674354553070e-02
2.828814792633056741e-02
2.836447548866271803e-02
2.850785946846008320e-02
2.868146800994873097e-02
2.889838337898254297e-02
2.902327322959899827e-02
2.880986166000366194e-02
2.884968471527099565e-02
2.926701879501342890e-02
2.896918106079101468e-02
2.913195252418518053e-02
2.906844353675842180e-02
2.860924744606017922e-02
2.873511052131652935e-02
2.951460933685302879e-02
2.902393293380737399e-02
2.909487390518188457e-02
2.887562513351440291e-02
2.896646499633789146e-02
2.711095976829528895e-02
2.810652017593383636e-02
2.712596392631530864e-02
2.869904494285583502e-02
2.844560647010803064e-02
2.916385149955749365e-02
2.877825546264648274e-02
2.887803578376769986e-02
2.868146967887878415e-02
2.896445775032043327e-02
2.931823658943176134e-02
2.873855161666869981e-02
2.731757664680481076e-02
2.888666892051696897e-02
2.897916436195373605e-02
2.888216590881347717e-02
2.911815595626831080e-02
2.910884046554565452e-02
2.903412866592407215e-02
2.896540546417236336e-02
2.900599527359008778e-02
2.911761689186096250e-02
2.893193984031677130e-02
2.842707729339599698e-02
2.909877490997314284e-02
2.906755924224853349e-02
2.896494054794311601e-02
2.858364844322204557e-02
2.891027140617370705e-02
2.757844233512878399e-02
2.802836346626281713e-02
2.940430927276611178e-02
2.919423198699951094e-02
2.872985005378723283e-02
2.904642701148986775e-02
2.895404434204101526e-02
2.937208938598632676e-02
2.881289291381836093e-02
2.890840458869934140e-02
2.712569713592529255e-02
2.747393155097961268e-02
2.895806384086608773e-02
2.895334362983703613e-02
2.909700608253478968e-02
2.901642036437988154e-02
2.874766397476196181e-02
2.945361280441284244e-02
2.947543978691101116e-02
2.877140188217162942e-02
2.863394665718078588e-02
2.935072779655456543e-02
2.903544330596923712e-02
2.932915091514587402e-02
2.908479094505310100e-02
2.851938438415527188e-02
2.924704909324645982e-02
2.933715152740478532e-02
2.924355459213256667e-02
2.878857350349426150e-02
2.863851070404052623e-02
2.918370437622070171e-02
2.918817257881164626e-02
2.929936480522155745e-02
2.914562726020812969e-02
2.907258605957031145e-02
2.916307711601257360e-02
2.914410901069641041e-02
2.921306395530700803e-02
2.823758268356323098e-02
2.902855491638183655e-02
2.848954129219055317e-02
2.890303540229797324e-02
2.931394696235656641e-02
2.936294198036193751e-02
2.908426308631896842e-02
2.877109169960022014e-02
2.932707285881042472e-02
2.913183975219726593e-02
2.869563412666320881e-02
2.777282333374023540e-02
2.798614811897277843e-02
2.919673132896423440e-02
2.941392683982849143e-02
2.912044167518615737e-02
2.832920002937316939e-02
2.952516031265258953e-02
2.919391274452209570e-02
2.948040628433227367e-02
2.932951998710632210e-02
2.914627385139465302e-02
2.970496845245361450e-02
2.943621301651001138e-02
2.939558577537536646e-02
2.951241993904113806e-02
2.926003289222717241e-02
2.929143095016479431e-02
2.947793602943420480e-02
2.925287747383117573e-02
2.945755648612976077e-02
2.944755601882934407e-02
2.946772170066833466e-02
2.960386586189269961e-02
2.949001359939575073e-02
2.933699798583984386e-02
2.955227065086364624e-02
2.960154557228088235e-02
2.945062875747680650e-02
2.941719245910644556e-02
2.934381151199340690e-02
2.963432407379150424e-02
2.971878528594970592e-02
2.938930845260620192e-02
2.942144274711609025e-02
2.962890315055847004e-02
2.944004631042480488e-02
2.940587282180786091e-02
2.948257088661193973e-02
2.924375653266906780e-02
2.939269185066223020e-02
2.949192833900451602e-02
2.928158593177795574e-02
2.969237875938415469e-02
2.990509438514709489e-02
2.938667821884155193e-02
2.883520674705505535e-02
2.938406133651733435e-02
2.939111661911010878e-02
2.926563096046447612e-02
2.936740851402282887e-02
2.938054418563842626e-02
2.959045505523681674e-02
2.960422134399414221e-02
2.944265365600585993e-02
2.959270858764648585e-02
2.967541861534118627e-02
2.989621090888977192e-02
2.970151710510253798e-02
2.898059153556823558e-02
2.893125295639038114e-02
2.983651804924011136e-02
2.979649543762206976e-02
3.006325888633728030e-02
2.960825157165527383e-02
2.939820623397827043e-02
2.952783775329589910e-02
2.953822064399719283e-02
2.937105751037597662e-02
2.938058209419250333e-02
2.950077128410339214e-02
2.929108357429504456e-02
2.967575621604919348e-02
2.974268984794616738e-02
2.978174233436584398e-02
2.970926260948181241e-02
2.955040884017944361e-02
2.935352182388305600e-02
2.968621158599853496e-02
2.945014739036560039e-02
2.916027593612671026e-02
2.760689163208007724e-02
2.864662170410156236e-02
2.942376923561096022e-02
2.952433490753173656e-02
2.967990446090698273e-02
2.998807120323181141e-02
2.960009074211120486e-02
2.953718686103820948e-02
2.961202931404113836e-02
2.962282490730285683e-02
2.952674984931945648e-02
2.962145686149597265e-02
2.967883443832397550e-02
2.957619690895080602e-02
2.969941067695617762e-02
2.934998822212219263e-02
2.975819015502929529e-02
3.001420855522155678e-02
2.968958258628845090e-02
2.988174152374267409e-02
2.922912812232971239e-02
2.925507998466491538e-02
2.954579925537109339e-02
2.947173094749450800e-02
2.985327196121215915e-02
2.983885622024536055e-02
2.947066712379455694e-02
2.916140198707580650e-02
2.958980751037597681e-02
2.909091567993164068e-02
2.969200634956360024e-02
2.970198225975036535e-02
2.986614131927490395e-02
2.988101005554199066e-02
3.000409245491027915e-02
2.974365782737731917e-02
2.965563368797302299e-02
2.959925341606140306e-02
2.958961701393127489e-02
2.991725373268127458e-02
2.948628020286559945e-02
2.965173077583313152e-02
3.017454481124878102e-02
2.971548032760620156e-02
2.993648242950439423e-02
2.965504550933837843e-02
2.988166451454162681e-02
2.991308903694153004e-02
2.989821410179138023e-02
2.976120424270629894e-02
2.800976157188415569e-02
2.957110595703124969e-02
3.007014870643615750e-02
2.991996073722839183e-02
3.001187086105346763e-02
3.001361608505248926e-02
2.983925509452819980e-02
3.005859422683715768e-02
2.992062449455261397e-02
3.021440720558166496e-02
2.993914937973022466e-02
2.971060919761657829e-02
2.986971521377563416e-02
2.888113951683044314e-02
2.994143581390380782e-02
3.021888589859008864e-02
2.965164113044738842e-02
2.960979056358337483e-02
2.984131383895874054e-02
2.900572419166564872e-02
2.997085785865783586e-02
2.999061346054077148e-02
3.017692708969116344e-02
2.994630098342895494e-02
2.967089462280273274e-02
2.949065637588501113e-02
2.964576005935668987e-02
2.989153528213501013e-02
2.973843812942504952e-02
2.968567371368408328e-02
2.946767520904541166e-02
2.930858969688415402e-02
2.979993844032287689e-02
2.905312514305114641e-02
2.959858822822570776e-02
2.980634713172912453e-02
2.986957883834838803e-02
2.974339723587036272e-02
3.005006384849548406e-02
2.951771736145019503e-02
2.939796280860900932e-02
2.870712709426880005e-02
2.919660353660583421e-02
3.012649917602538974e-02
2.986691308021545421e-02
2.984198117256164559e-02
2.985318040847778284e-02
2.940195727348327709e-02
2.971858382225036482e-02
2.996460032463073644e-02
2.970004129409789875e-02
2.976873946189880285e-02
2.960602092742919966e-02
2.977970886230468794e-02
3.003538823127746560e-02
2.997227478027343628e-02
2.967094945907592859e-02
2.989659023284912259e-02
2.962401342391967826e-02
2.998655629158019850e-02
2.915217089653015028e-02
2.972428870201110698e-02
2.991951322555541984e-02
2.994678425788879425e-02
2.948000550270080469e-02
2.983023858070373707e-02
2.971570944786071714e-02
2.957337760925293074e-02
2.968094754219055206e-02
2.978194022178649869e-02
2.972179794311523293e-02
2.978850817680358740e-02
2.979320025444030795e-02
2.962627148628235035e-02
2.975047087669372564e-02
2.996383714675903212e-02
3.024854254722595184e-02
2.999927806854248147e-02
2.958868026733398396e-02
2.993682384490966783e-02
2.990598988533019892e-02
3.000238060951232813e-02
3.000707173347473208e-02
3.000550556182861317e-02
2.980840826034545851e-02
2.990659093856811584e-02
2.994730901718139701e-02
2.992998981475829962e-02
2.964770436286926283e-02
2.972825193405151389e-02
2.973712706565857095e-02
2.997331047058105630e-02
3.005902886390686077e-02
3.010067939758300642e-02
3.009145021438598688e-02
3.000363898277282754e-02
3.014431571960449197e-02
3.010809540748596302e-02
2.978235316276550346e-02
2.972064304351806560e-02
2.992789459228515497e-02
2.996050238609314006e-02
3.022374629974365276e-02
2.890339732170104856e-02
2.974531054496765137e-02
2.978881835937500014e-02
2.987752676010131669e-02
2.995029377937316953e-02
2.936805486679077218e-02
3.003933978080749675e-02
2.982908225059509311e-02
3.034616732597351235e-02
3.011450481414795072e-02
2.974430966377258206e-02
2.984669756889343425e-02
3.022616171836852925e-02
2.986832904815673803e-02
2.981231594085693298e-02
3.035130643844604487e-02
3.023015427589416382e-02
3.038005471229553167e-02
3.023117280006408850e-02
2.987819623947143496e-02
2.993474435806274536e-02
2.979454350471496746e-02
2.980867981910705414e-02
3.006130456924438477e-02
2.979988098144531125e-02
2.989713120460510409e-02
3.010724782943725517e-02
2.982890772819518990e-02
2.980706787109374881e-02
3.003415346145629772e-02
2.973900246620178253e-02
2.974556183815002530e-02
2.984107565879821899e-02
2.988146138191223253e-02
2.970938515663146956e-02
2.997257876396179285e-02
3.005791735649109009e-02
3.010487174987792891e-02
2.977411890029907360e-02
3.009240889549255268e-02
3.006380152702331499e-02
2.987356066703796345e-02
3.003243708610534718e-02
3.008935856819152863e-02
3.003815197944641191e-02
3.035893511772155828e-02
2.991139435768127436e-02
2.989947509765624942e-02
3.016547060012817263e-02
3.044136023521423415e-02
3.061147475242614879e-02
3.047149419784546051e-02
3.004088973999023346e-02
3.017108654975891174e-02
3.045685172080993611e-02
2.915971088409423720e-02
3.039120650291442932e-02
3.023581027984618974e-02
3.007325673103332375e-02
3.004176568984985238e-02
3.029255008697509868e-02
3.011639165878295804e-02
2.948124742507934534e-02
2.989499473571777255e-02
2.987810420989990209e-02
2.979378581047058272e-02
3.029577803611755230e-02
3.014165592193603430e-02
3.017681050300598244e-02
2.922474694252014116e-02
3.021933078765869085e-02
3.011268758773803789e-02
2.997515225410461379e-02
2.975838732719421342e-02
2.825514626502990609e-02
3.003329181671142434e-02
3.005947327613830641e-02
3.008611345291137620e-02
2.983582925796508800e-02
3.014609456062316770e-02
3.001742792129516446e-02
3.014023232460022114e-02
3.013424968719482372e-02
3.010410594940185480e-02
3.017157936096191359e-02
3.027876305580139149e-02
3.004571723937988353e-02
3.001205110549926697e-02
2.992429113388061362e-02
3.026150655746459930e-02
2.994480562210083061e-02
3.004896450042724571e-02
2.972897362709045477e-02
3.047165012359619174e-02
2.962813997268676919e-02
3.012630271911621166e-02
3.022444248199462891e-02
3.008577466011047238e-02
3.015645003318786696e-02
2.998920226097107067e-02
3.021852087974548351e-02
3.007414126396179208e-02
3.001505327224731484e-02
3.006337904930114768e-02
3.017184758186340285e-02
3.024883294105529946e-02
3.007643389701843140e-02
3.004989409446716386e-02
3.011903166770935059e-02
3.025634407997131181e-02
3.049189925193786579e-02
3.034738802909851124e-02
2.983198785781860513e-02
3.030305337905883634e-02
3.021776652336120514e-02
3.002359795570373399e-02
3.009038829803466902e-02
3.034309029579162695e-02
3.005465006828308278e-02
3.009341430664062497e-02
3.013169646263122448e-02
3.041834092140197759e-02
2.983455801010131969e-02
2.997463035583496083e-02
3.016009163856506192e-02
2.955383825302124179e-02
2.917361283302307220e-02
2.916340565681457483e-02
3.029256701469421401e-02
3.022371649742126506e-02
3.033794403076171819e-02
3.030918431282043565e-02
3.018354725837707475e-02
3.004135322570800765e-02
3.006232666969299236e-02
3.037453150749206549e-02
3.001621890068054133e-02
3.016502523422241039e-02
3.083379220962524300e-02
3.018234086036682140e-02
3.043873500823974718e-02
3.048262405395507982e-02
3.008992528915405140e-02
3.045984959602356101e-02
3.045729899406433155e-02
3.052617549896240179e-02
3.027480268478393438e-02
3.015140581130981365e-02
3.041122198104858482e-02
3.015090012550353943e-02
3.031585526466369640e-02
3.031215906143188560e-02
3.031653785705566359e-02
3.045262098312377999e-02
3.059463977813720731e-02
2.989903783798217654e-02
3.051892542839050246e-02
3.042623019218444747e-02
3.015121245384216192e-02
2.986094760894775560e-02
3.021773815155029408e-02
3.045603036880493303e-02
3.054266262054443348e-02
3.044795155525207436e-02
3.036200642585754408e-02
3.075567722320556724e-02
3.057907915115356395e-02
3.024479794502258137e-02
3.073154687881469657e-02
3.027454996109008728e-02
3.045950150489807121e-02
3.045949840545654139e-02
3.030961966514587533e-02
3.013266539573669286e-02
3.060134100914001579e-02
3.024733567237853846e-02
2.993447327613830630e-02
3.005214953422546270e-02
2.901698946952819755e-02
3.009313201904297019e-02
2.939598059654235929e-02
3.016448330879211576e-02
3.023157167434692427e-02
3.030718493461609028e-02
3.016456103324890309e-02
3.019317317008972032e-02
3.020554566383361686e-02
2.984004592895507860e-02
3.004848289489745958e-02
3.024519562721252400e-02
2.957543373107910170e-02
3.018847203254699726e-02
2.990905570983886860e-02
2.982590055465698248e-02
2.983057332038879447e-02
2.966023206710815402e-02
2.963182568550109738e-02
2.987958264350891111e-02
2.950128459930419916e-02
2.956644678115844666e-02
2.957255887985229398e-02
2.960863661766052410e-02
2.950472354888915988e-02
2.959652781486511383e-02
2.944494247436523285e-02
2.959237027168273859e-02
2.958884024620056161e-02
2.959369659423828278e-02
2.958015179634094355e-02
2.908291935920715235e-02
2.966948509216308510e-02
3.007670283317566071e-02
2.953241991996765139e-02
2.965493154525756722e-02
2.993996143341064523e-02
2.952796792984008906e-02
2.945942139625549322e-02
2.843906331062317008e-02
2.967686986923217737e-02
3.016139435768127458e-02
2.991836762428283850e-02
2.983133506774902216e-02
2.980923104286193823e-02
3.013038110733032293e-02
2.985900783538818215e-02
2.975473427772521925e-02
2.982719135284423936e-02
2.983483672142028809e-02
2.979923200607299816e-02
2.976680302619933924e-02
3.003603935241699191e-02
3.004719424247741591e-02
2.972126030921936127e-02
2.981261515617370655e-02
2.989656925201416085e-02
2.973259139060974166e-02
3.000882387161254994e-02
3.022453880310058474e-02
2.972179317474365340e-02
2.976378679275512584e-02
2.952588820457458657e-02
3.016402554512023770e-02
3.010668134689330894e-02
2.972832202911376842e-02
3.007211899757385176e-02
2.995509910583496124e-02
2.978184652328491264e-02
3.007696723937988356e-02
3.003387475013732932e-02
2.990124201774597285e-02
2.987934565544128271e-02
3.000383710861206227e-02
2.993884921073913449e-02
2.958032822608947648e-02
2.971466827392578100e-02
3.006221318244934118e-02
3.004284405708312899e-02
2.947611165046691920e-02
2.977886557579040652e-02
2.975291252136230344e-02
2.976966571807861464e-02
3.002455902099609303e-02
2.979839611053466952e-02
2.984903931617736983e-02
2.963320755958557054e-02
2.977600193023681799e-02
2.970710635185241574e-02
2.999139451980590773e-02
2.979991531372070193e-02
2.971679353713989336e-02
3.011532068252563421e-02
2.962359333038330073e-02
2.963098573684692233e-02
2.969244861602783267e-02
2.946430540084838887e-02
2.959330940246581929e-02
3.052286410331726124e-02
3.051852750778198328e-02
3.049344897270202595e-02
3.022915267944335793e-02
3.041842961311340410e-02
3.057623267173767076e-02
3.043493652343750092e-02
3.055396294593810957e-02
3.016615915298461945e-02
3.048118233680725125e-02
3.060613608360290491e-02
3.080060553550720281e-02
3.065211892127990556e-02
3.010032463073730388e-02
2.953669381141662761e-02
3.053400588035583632e-02
3.073669385910034191e-02
3.062771844863891590e-02
3.042113471031188815e-02
3.041949915885925129e-02
3.058280658721923909e-02
3.076820945739746141e-02
3.063017749786376906e-02
3.023203015327453544e-02
3.055254364013671939e-02
3.018616151809692255e-02
3.084007143974304074e-02
3.046085095405578688e-02
3.033434009552002028e-02
3.067814207077026317e-02
3.057152128219604512e-02
3.127901268005370966e-02
3.070290493965148818e-02
3.061880040168762224e-02
3.088922333717346314e-02
3.110527443885803198e-02
3.087715220451354992e-02
3.060959005355835122e-02
3.104116320610046317e-02
3.089720988273620544e-02
3.089921092987060400e-02
3.076418972015380893e-02
3.080282592773437439e-02
3.076777911186218128e-02
3.089058279991149791e-02
3.116326999664306707e-02
3.057541966438293360e-02
3.094026613235473580e-02
3.079005932807922508e-02
3.047991228103637609e-02
3.081375122070312625e-02
3.058104944229125821e-02
3.055248761177063038e-02
3.055025815963745284e-02
3.008226752281189034e-02
3.049186921119689808e-02
3.001298546791076813e-02
3.093711328506469627e-02
3.103305363655090368e-02
3.098705005645751784e-02
3.111931967735290586e-02
3.103996825218200556e-02
3.110864138603210496e-02
3.058489394187927091e-02
3.111822891235351690e-02
3.084366822242736936e-02
3.093876385688781872e-02
3.093069720268249584e-02
3.100121116638183613e-02
3.114537620544433755e-02
3.108370685577392656e-02
3.093945813179016166e-02
3.085334563255310095e-02
3.115101838111877450e-02
3.111878871917724693e-02
3.093097686767578083e-02
3.141905164718628019e-02
3.136996626853942594e-02
3.131388163566589666e-02
3.151942253112793163e-02
3.137498354911804482e-02
3.101171183586120747e-02
3.120750474929809629e-02
3.117063975334167375e-02
3.094762325286865359e-02
3.094650840759277308e-02
3.114521551132201985e-02
3.120703673362731911e-02
3.145237851142883290e-02
3.126013851165771601e-02
3.128621721267699912e-02
3.138633227348327365e-02
3.134488773345947554e-02
3.115196418762207139e-02
3.043234205245971824e-02
3.137967491149902532e-02
3.113918924331664922e-02
3.155792617797851390e-02
3.121391105651855416e-02
3.107965207099914681e-02
3.107926297187805012e-02
3.146510910987854182e-02
3.115861797332763680e-02
3.139822936058044717e-02
3.119706892967223991e-02
3.140297317504883029e-02
3.089754295349120966e-02
3.101535701751708882e-02
3.115509271621703935e-02
3.103771996498107949e-02
3.119830131530761802e-02
3.133269596099853838e-02
3.139907407760619829e-02
3.085200595855712782e-02
3.147929668426513450e-02
3.083444213867187617e-02
3.169062566757201854e-02
3.134240102767944097e-02
3.118238520622253554e-02
3.129828858375549583e-02
3.150802445411682307e-02
3.137032055854797191e-02
3.141989159584045177e-02
3.115865564346313385e-02
3.161502242088318204e-02
3.116043114662170321e-02
3.128038477897644026e-02
3.096226263046264818e-02
3.098502039909362821e-02
3.112123966217041071e-02
3.101189565658569319e-02
3.104335594177246027e-02
3.089712285995483559e-02
3.075993466377258470e-02
3.038972973823547349e-02
3.050631737709045416e-02
3.028701663017272991e-02
3.090525412559509341e-02
3.060555076599121016e-02
3.058495426177978635e-02
3.072746777534484872e-02
3.059378838539123652e-02
3.074759268760681244e-02
