1.567659580069347385e+02
1.415584672122783161e+02
1.599897071816533582e+02
1.631145023903364120e+02
1.546994313017622744e+02
1.468442644171898053e+02
1.525850760279854512e+02
1.330976417814981687e+02
1.257981438191833945e+02
1.158834119973564754e+02
1.187555724361675402e+02
1.229685616495446681e+02
1.242637767686172054e+02
1.278888494286821782e+02
1.129892928165070742e+02
1.143590544978502237e+02
1.234536406208774793e+02
1.101252629863980701e+02
1.081159183958875616e+02
9.012520677817485648e+01
1.135224375117981452e+02
1.156496318300330586e+02
1.081055485094312019e+02
1.190838594690663115e+02
1.064370346579622577e+02
1.345320671770309104e+02
7.822370634176354542e+01
8.502717557525635073e+01
1.180998166213356626e+02
1.100511168577209133e+02
1.225483174258386470e+02
1.311095602509536491e+02
9.927616194628539859e+01
9.369794714921724221e+01
7.423908851317877122e+01
8.611704804535236235e+01
9.208365783701380280e+01
8.739894949343150188e+01
9.026088636355747497e+01
9.275501412352026875e+01
1.070512172262666581e+02
5.630307659762331696e+01
6.296433002816788616e+01
7.005221029372083308e+01
7.242383611608003946e+01
5.406125540748609382e+01
7.873839508259734998e+01
8.345824878911452060e+01
5.025137621337947280e+01
3.070590342919289384e+01
4.415029881900060360e+01
4.079698209150836874e+01
5.573653586296309470e+01
2.282368033083915293e+01
2.280630459061179138e+01
2.078157376560795910e+01
2.348465902670032790e+01
2.626357060955855616e+01
2.151090282099213624e+01
1.289994993122210865e+01
2.130735473703950333e+01
1.744657613568996268e+01
2.692403857410899093e+01
2.462344124578008575e+01
1.520907084987497093e+01
2.152130102430986369e+01
1.960062420403208705e+01
1.657395046053979470e+01
2.716047608169493088e+01
3.296923451170873420e+01
1.516245865364117051e+01
2.833776440807920949e+01
1.670084290670775218e+01
1.668199036871834551e+01
1.956032341774056604e+01
2.179312756460604206e+01
2.528101196993525690e+01
1.883519695912796976e+01
2.360322102715173287e+01
2.320518536919654906e+01
1.708307086792956753e+01
1.984911049546650474e+01
3.626135307977838096e+01
1.837273165571451017e+01
2.600124763038017761e+01
1.517376944359267910e+01
1.246890474676011884e+01
1.993848555382362875e+01
1.821145596311184534e+01
1.076676096204026756e+01
2.024381624515942235e+01
1.816391100443899020e+01
1.700147537683862708e+01
1.885652223706329167e+01
1.499749849165966076e+01
1.081115802304546847e+01
1.334025899828790784e+01
1.607476321340710612e+01
1.867704783837795901e+01
9.849894912800639446e+00
1.279529152181867424e+01
7.162962387943839992e+00
1.244288818527629559e+01
2.005398311920920307e+01
1.564162638047400122e+01
1.156622980119402300e+01
1.114686633721689724e+01
1.600318075270930152e+01
1.620258403074351605e+01
1.980368990023110953e+01
1.633069272055293553e+01
1.393905669389091528e+01
1.438676049690077541e+01
8.567840031820624702e+00
1.785943047140336049e+01
1.518460054058998843e+01
9.009063075214106320e+00
1.515473213181432399e+01
1.718727687775755797e+01
1.440116110643199754e+01
1.521354312106441142e+01
8.016690647807493519e+00
1.458580490605532809e+01
2.050754999578655813e+01
1.847236527047628485e+01
1.144006214215174211e+01
8.978849075726909490e+00
1.455638013014793053e+01
1.224250342941173741e+01
1.196986471893396953e+01
1.767548117490386161e+01
8.890754046549645295e+00
1.043891991723376123e+01
1.220308112926367095e+01
1.926670760435564134e+01
9.890814951702878943e+00
1.076875487703782674e+01
1.895743029185593542e+01
9.463011347585998934e+00
1.447706279127128504e+01
6.335125535822451859e+00
1.582172561951069234e+01
8.040203037888424831e+00
8.918520512871847217e+00
1.272957474021125357e+01
1.051124956742772554e+01
6.954578779862861992e+00
1.394347865451496560e+01
1.074352325170133149e+01
1.139561860203840382e+01
1.154894291641122095e+01
1.563391287511250916e+01
9.654653258155235562e+00
1.112168929258162642e+01
1.103330314688364489e+01
1.050361797500073635e+01
1.769869527430247302e+01
7.944293133380502248e+00
1.196511711790413379e+01
7.978442230763875820e+00
1.139499289269896209e+01
1.059837700888740919e+01
8.964778239189996611e+00
1.052767940698351623e+01
5.798508811786310169e+00
1.023359007455852954e+01
8.991103854691719022e+00
7.827666212958257930e+00
1.084154284595788198e+01
1.392920380921854573e+01
5.796572880571418729e+00
1.843067743820931881e+01
1.097422312999537120e+01
9.683558798513757893e+00
8.563485090244730813e+00
8.263219179147915483e+00
8.166933014447669947e+00
8.748381572367620151e+00
7.645874033356887978e+00
1.893221227187553524e+01
7.792927123105205744e+00
1.131894951666551918e+01
7.461663700648219155e+00
1.294140520529383664e+01
1.599582148323961306e+01
1.463604226295550781e+01
5.938085076120591665e+00
8.881022855572162200e+00
8.537762111854947378e+00
8.157176000569835495e+00
8.029855906624080220e+00
8.814816245243701331e+00
1.074613075327389033e+01
7.543871062094494206e+00
6.184910310233593833e+00
6.331513360885040242e+00
1.104440095302614289e+01
1.144144658091480515e+01
1.128693014731458888e+01
1.317453195778923636e+01
6.467677903212179835e+00
9.832950344955836641e+00
1.093746476722223626e+01
9.181659341396491314e+00
1.139062308749248231e+01
1.064548425883048743e+01
7.515298427086902322e+00
7.633316476237824943e+00
9.272410513789555608e+00
1.020021953228976841e+01
1.044281142310182631e+01
9.194561830250609802e+00
6.528027175938936111e+00
7.234921699899200753e+00
1.041810910008539182e+01
1.176090967879650862e+01
1.273028500271099972e+01
1.089941568331835242e+01
8.255777204994405594e+00
7.845646365525659860e+00
7.512663969345510395e+00
1.016931420880916193e+01
4.951945543327405552e+00
9.464103267642226314e+00
5.224758271583055169e+00
1.115333181428006704e+01
4.756679534726786507e+00
5.502158889759841465e+00
6.535949363838722270e+00
5.776127928539038336e+00
1.149765614423612448e+01
5.909313599067107070e+00
6.923573364693817567e+00
8.063434982564549713e+00
6.372261185907178493e+00
6.556134765202416226e+00
1.060236964579998364e+01
7.837157430524931634e+00
7.488261495373556897e+00
1.009498913633250439e+01
7.872635922728399294e+00
8.539986387496936615e+00
7.226177644115348464e+00
6.152924452037330738e+00
5.672281609395601443e+00
5.274783211044674403e+00
1.148075027285899807e+01
4.524283297702884177e+00
5.979100354337931300e+00
6.967500207936507373e+00
7.300964884402772803e+00
8.153849155207716137e+00
9.528728956038786890e+00
8.681272925075120384e+00
4.722497936445070543e+00
5.538260616581194284e+00
6.062704477350991716e+00
5.928184458656906131e+00
7.602625795305915979e+00
7.360609481305275814e+00
8.706458014049415439e+00
9.084805992589156887e+00
5.732867377768349648e+00
5.986845399523108568e+00
8.264586762466105796e+00
7.505266236033397043e+00
6.046277346948180309e+00
1.046888668952270152e+01
7.804281835314845317e+00
6.020298313110236776e+00
7.537748671479842066e+00
6.443014239644405450e+00
5.766527661580453490e+00
9.986922216006579589e+00
1.149443982312399193e+01
7.077923575156320091e+00
7.396934939819043819e+00
7.403637475893233955e+00
4.756653011179051482e+00
5.578373650144589746e+00
6.866833284407505289e+00
6.563313790122873748e+00
6.194248114700350527e+00
6.869542067277007114e+00
5.236815451528721965e+00
8.016889226313098860e+00
5.344663619250376030e+00
6.255850852353835201e+00
4.152297264734401416e+00
8.213108659900504094e+00
7.026865752718619795e+00
5.854225904374342093e+00
5.108101521279747814e+00
8.047686106971720932e+00
1.091679644556327133e+01
7.938064168846306501e+00
8.173285877826247159e+00
7.339623480484116946e+00
6.612832232460128523e+00
2.135741220747303970e+01
7.909731324396075181e+00
6.675074280512432345e+00
6.995586612765674062e+00
5.140714502619144533e+00
5.032262880994982090e+00
7.590182328731582828e+00
6.783126804250776409e+00
4.639524413138542691e+00
4.960253023636410852e+00
6.447140730294721678e+00
7.428185848290937976e+00
7.508644587435926887e+00
1.279921702529857441e+01
7.044564433041499818e+00
6.297694231163309730e+00
5.819805507690953839e+00
7.572262792013193078e+00
4.690975099153795291e+00
5.996251287762504489e+00
4.540500961133919766e+00
5.816853771862135147e+00
8.379482327842486811e+00
1.012028802641499858e+01
5.624632464113432206e+00
4.914249131303599860e+00
7.240645558794414072e+00
6.417165822978285306e+00
8.663283126868886797e+00
5.892186610397691204e+00
7.961822601162473312e+00
6.160970683432401174e+00
5.294671930437259810e+00
4.860773508415790367e+00
7.302968856710467804e+00
5.092494071221455698e+00
9.823173750005881999e+00
5.299120973762391884e+00
4.837357606652064490e+00
5.077792387509912686e+00
4.433507186370252207e+00
7.873412602863465892e+00
5.889116328446141857e+00
4.799202773349745321e+00
8.163585637130969630e+00
8.997706838339484037e+00
7.950766298040566227e+00
6.093027130952797243e+00
4.055999527764078572e+00
5.477119656865114372e+00
8.132514998423994612e+00
8.967154425866540990e+00
7.912106622595280747e+00
5.930464522559202756e+00
8.295158924479048679e+00
4.128337614250545684e+00
6.263177882479072700e+00
9.329511367564712998e+00
7.254979222374863035e+00
5.081724764644788728e+00
5.841802946913698058e+00
6.876538868737908317e+00
8.520123742722899962e+00
7.513475920940647867e+00
7.365533286647501399e+00
8.644345950411929991e+00
1.547361844588799862e+01
6.801551340035419280e+00
4.572078351387155237e+00
1.076168090438602398e+01
1.090667907079372334e+01
4.846056929397621005e+00
7.311284093259466488e+00
5.899212673752662006e+00
4.129779360330095628e+00
6.337659773131781193e+00
7.003534266378451001e+00
4.324768107152805463e+00
9.803229286646717000e+00
8.732778008567997574e+00
6.948796321509654206e+00
5.614388580926616079e+00
4.250750479231776069e+00
4.739758782397433201e+00
7.843242433377966449e+00
8.567959415624892827e+00
7.453342420516119837e+00
6.529719623202921319e+00
3.797804205695062940e+00
5.015749433707579641e+00
6.373202491093705291e+00
6.414129021238241357e+00
5.137297701397973704e+00
8.992013127835457809e+00
7.587990808910907603e+00
7.875296569546369696e+00
6.443711390988315912e+00
6.501417692630429457e+00
6.371398022226080649e+00
4.382853163481969183e+00
4.570195148873109403e+00
3.640392869345616678e+00
8.735003842652121264e+00
7.514941712214446845e+00
5.294607264063191820e+00
1.085668666032461438e+01
6.064040648155900826e+00
8.078051038483087254e+00
8.455718075602481676e+00
5.494260787198313345e+00
5.521962692987558263e+00
4.729601125466150080e+00
6.633782229656826068e+00
4.946777169695787180e+00
5.216976818880471711e+00
4.977124118844991507e+00
4.280952763119490356e+00
6.055883009441866527e+00
4.729877503784487125e+00
4.742435872905949701e+00
7.651968770710401380e+00
4.645916506818511316e+00
5.625312024428537505e+00
1.012750940078795558e+01
9.023668773562500078e+00
3.836229868840124180e+00
4.654367473664316357e+00
1.064831535254202066e+01
6.445443601648974230e+00
7.418316915170573900e+00
8.638906746613391974e+00
6.895902445688809834e+00
4.926336250468706268e+00
5.076983137978099414e+00
4.658889447095007519e+00
5.205845578349953762e+00
4.438569009289570211e+00
5.184655295058262503e+00
5.531447341516817495e+00
8.477383669003582867e+00
5.667434923137489200e+00
4.893730866394871093e+00
2.139891122399430401e+01
5.831994597175778949e+00
3.799920383360931186e+00
6.800794763186433833e+00
4.627541838036742128e+00
1.424047730294838132e+01
7.467017381110207630e+00
5.872874453431166764e+00
5.629769633478237445e+00
8.141213450401249219e+00
5.526366468455185199e+00
7.777969926312577442e+00
5.218682697189449549e+00
4.583952673155102353e+00
3.928999445614113739e+00
3.873462779529553313e+00
6.502571171478577661e+00
6.037924164594387300e+00
5.774594793383387881e+00
5.854470173396900456e+00
6.759098893509475126e+00
1.375021319517577290e+01
4.692428494900233282e+00
7.177793893272033543e+00
1.030703590358531763e+01
9.347897899756848261e+00
6.209297943526784103e+00
6.481273077544050132e+00
4.103777943296947228e+00
3.875336308621777359e+00
1.305947628975658681e+01
5.437442633050104668e+00
9.589719853484334422e+00
9.508999682716401836e+00
1.108030177804216265e+01
3.692680442808079722e+00
9.975722574529140019e+00
4.517320722423648682e+00
5.467255612684005506e+00
7.310480442247892618e+00
5.948515579778527851e+00
6.290595619117391735e+00
4.362369905029019890e+00
4.888558027903523673e+00
1.023811897632773871e+01
6.798870398052067721e+00
3.957800662872070774e+00
8.381881335706871994e+00
4.576111763513062591e+00
6.839682222357034824e+00
7.847704344431073231e+00
6.968059159982113115e+00
5.128194183262024808e+00
4.632815245795380399e+00
4.485209771346066354e+00
4.264332156977173938e+00
6.196630538293932844e+00
6.345184943953415591e+00
7.750988513938799507e+00
3.845308239252744453e+00
3.676130500307461357e+00
5.674584961477271428e+00
6.859341751104670593e+00
6.029140011102093410e+00
1.069110537869527633e+01
1.157076329771144252e+01
6.337745466494231650e+00
4.698081060872890902e+00
8.479785534418862625e+00
9.983474887151990274e+00
7.523720425159516445e+00
7.029090452582854809e+00
6.147638815535503731e+00
4.722864096702602765e+00
4.968761763077021776e+00
7.257664861631125675e+00
4.894844041052296646e+00
6.465360684732701202e+00
5.660971311250628801e+00
4.968804074915791347e+00
4.844978094348627806e+00
3.664152533224017461e+00
7.828944852426252154e+00
8.698875304512617035e+00
3.472100182366035348e+00
4.479718200784330584e+00
6.381306663513661270e+00
5.192323634587301839e+00
4.542365808467772048e+00
4.845583714846252832e+00
6.760429808410991726e+00
5.147607190232655228e+00
4.834339367064091952e+00
6.784452438152422715e+00
4.806253182509374611e+00
1.195201498204429491e+01
3.991820750818779295e+00
8.113561930818972812e+00
6.906204857499519179e+00
4.330980794885510576e+00
1.694730294983570218e+01
7.691211332520844657e+00
6.521756238152251584e+00
5.492414571948700086e+00
3.120068765377481235e+00
7.389278249829559719e+00
1.311501499995055298e+01
6.604746996957236327e+00
1.537497680604387540e+01
4.836685084818824087e+00
6.629834851443123789e+00
5.192315681217849033e+00
2.982328080667613790e+00
8.596275542198382524e+00
5.450804841782803223e+00
7.523730689016486117e+00
9.294732806530818792e+00
6.650598227118512007e+00
3.491062389075717309e+00
3.638992902562915077e+00
6.242075174487254685e+00
4.948453486019658065e+00
1.068462524815785564e+01
1.126379038136129651e+01
5.193666895981015941e+00
1.697437199000192365e+01
4.684828219627173773e+00
7.397683709504808469e+00
3.841356230944239503e+00
4.434605642752786459e+00
6.857573774310891324e+00
4.517480810778404354e+00
4.911477259261972428e+00
4.005408521410703138e+00
4.424444919506743901e+00
7.115770120783262875e+00
7.715549987070390969e+00
4.884473545774289605e+00
9.238549793459574389e+00
8.971928842623785982e+00
5.138155121277002912e+00
3.952753522794394403e+00
9.904772997138291402e+00
3.702042162432745531e+00
8.344349255869412119e+00
8.669230538675384068e+00
4.958977244970235176e+00
4.131433502513393030e+00
3.567469947704287492e+00
8.361607872891493543e+00
1.968254298987116968e+01
8.439078622361529725e+00
7.332242176757921115e+00
3.301350021657158518e+00
7.226875283283282769e+00
4.113911958319759421e+00
4.751443973573998392e+00
6.709480450735198609e+00
5.973278350175249329e+00
4.598107614700145618e+00
6.669491990555351357e+00
4.662478393446868097e+00
9.354539748311911040e+00
7.476665465769052332e+00
3.724257031331371426e+00
5.712988646502470402e+00
1.500925201480216842e+01
4.314863086201828679e+00
1.270356136514380196e+01
5.484866718547569242e+00
5.200798323084484309e+00
9.024848969516867214e+00
4.993908583183038985e+00
5.603147290553091686e+00
6.160542004126455140e+00
5.519243067121622381e+00
7.494353145101830371e+00
5.901543363917875595e+00
3.261929682157630239e+00
5.712934210873943819e+00
4.684926895106813483e+00
5.079436101636296108e+00
1.181635132558161416e+01
5.936065966755969647e+00
6.081713922460909139e+00
4.459830521553869609e+00
3.915856353799766154e+00
7.453871441192951863e+00
6.034510329772427184e+00
6.284905011750380410e+00
5.030626357492242740e+00
5.343491424136745493e+00
7.917072531616109465e+00
5.648408244018798818e+00
4.994267474319193489e+00
8.631470552549950881e+00
5.671067582736156965e+00
6.204575962445634474e+00
5.116854183183544791e+00
4.093136714124470998e+00
1.815544439805773536e+01
1.351388822565202652e+01
4.232347620368812180e+00
8.864340976046273468e+00
4.028825101459009517e+00
3.865931586954439503e+00
5.215614342149628158e+00
3.395458454230121159e+00
1.167865079891624980e+01
6.645899493759570120e+00
6.802242430603451240e+00
5.714533114596833663e+00
1.389295994077545870e+01
5.268601289476750438e+00
4.663660018223847459e+00
4.219938464874214645e+00
9.697040103212499318e+00
3.200965024766372569e+00
7.016619577530457619e+00
3.910564871003054499e+00
2.978777053503000261e+01
1.956124527115989764e+01
1.288106071554046217e+01
4.719197332186619853e+00
3.514741724287536506e+00
7.327218520631038068e+00
7.596528444643529276e+00
5.406837226784914741e+00
5.274003340812795315e+00
9.292785021364561970e+00
4.795432105754031227e+00
6.059320500378886365e+00
4.636022812577075491e+00
3.123975423461025525e+00
5.231806647897913720e+00
1.894538082043744964e+01
9.197657114326064587e+00
1.523509356294066208e+01
4.751332793868037641e+00
7.648752321811980615e+00
1.003537261920558876e+01
5.049027962859663710e+00
9.127552813279946164e+00
9.467073162308370371e+00
6.698774917200706724e+00
3.710483064910238937e+00
4.896141781757427758e+00
7.928569960080751322e+00
6.456538415286045662e+00
5.037357603106901394e+00
3.438296081327459675e+00
6.656929019766506528e+00
1.607969536879539518e+01
7.833468321139665846e+00
3.817354467214109537e+00
5.309326951036577036e+00
3.538636461986855775e+00
4.872280012076522837e+00
4.206005335104319620e+00
5.437602994037575854e+00
3.779672080289615987e+00
5.396719619113382826e+00
4.034305515992943292e+00
6.403914116388433442e+00
6.108044023947970302e+00
2.089018299174286497e+01
5.952942220994809297e+00
6.770112355570976348e+00
1.131355604953566463e+01
3.027008843568334839e+01
4.508278562970545522e+00
8.533578201774449923e+00
5.080261963227712840e+00
1.038668687447968786e+01
6.876418253429979366e+00
6.174962489998518045e+00
4.211639642640125025e+00
5.038200044657842547e+00
7.469176093605436328e+00
4.532945898397968243e+00
2.707990331573913778e+00
5.943741430958255023e+00
8.336430349540773221e+00
4.147827389234445050e+00
6.430946799912855560e+00
6.295062967027924117e+00
3.604393784310730542e+00
1.626276499736704295e+01
4.406643797613496893e+00
4.967008745099009914e+00
4.061129892564707689e+00
4.879908658824778200e+00
6.099578877763883966e+00
1.252463271967058311e+01
4.054673782193298770e+00
4.477847149396270154e+00
4.116474144851001604e+00
7.184928501911286958e+00
5.801016479254082370e+00
7.270222045638820241e+00
4.798158846750043338e+00
5.670228308914738946e+00
1.340277500970553604e+01
4.591695046818465187e+00
9.150736525902656737e+00
3.917716297838082617e+00
6.447562734034470999e+00
8.166253176778081269e+00
4.810993987698467755e+00
3.674399001352389504e+00
1.722451785913019506e+01
1.246282729416827451e+01
4.909997993046226306e+00
1.725040991953906655e+01
1.667845080024903837e+01
5.191698781553781394e+00
5.483511735315157232e+00
9.830534805072112192e+00
5.615460167347833043e+00
7.083173404776868409e+00
3.349492784452676730e+00
1.409801914449028359e+01
6.005489269893261373e+00
6.319072000352245588e+00
3.737403848971311948e+00
6.869485924136007782e+00
1.063007977077607791e+01
4.118799165470471202e+00
5.196039046323575050e+00
8.338877603534344374e+00
1.122739197639048569e+01
8.172489407429598174e+00
8.642955490899717930e+00
1.082755242150450847e+01
1.520617722338038469e+01
5.031373434566469349e+00
8.831970442463111581e+00
4.764031498920574315e+00
8.369623741107250936e+00
5.720311805770025515e+00
6.768177958140847217e+00
7.300021727412516981e+00
1.470282832000202333e+01
8.223185952526980813e+00
5.030924853678730102e+00
7.570263489821835279e+00
9.113544457171316893e+00
7.883304168200815809e+00
6.049287798596918009e+00
5.527138969306782279e+00
7.343431138590207574e+00
4.928769723491829957e+00
7.865277440619795613e+00
1.700638315939630019e+01
4.414030452922212078e+00
2.618077761125438130e+01
5.532748113042275762e+00
7.188405631823015618e+00
6.639176526583766780e+00
3.981727790714899573e+00
1.259572345328301246e+01
1.106318768615915005e+01
6.469128822187741434e+00
6.815254882776470069e+00
1.053875339694168467e+01
3.613051271521447561e+00
6.102208263197996807e+00
1.276697926211402745e+01
3.803877244773677724e+00
5.942299924919078435e+00
8.168740909016563023e+00
3.847292307403042066e+00
6.495124539764353777e+00
8.155731108853139233e+00
5.055043226746377627e+00
5.682427786906368183e+00
5.006049849527411943e+00
9.122462237732744228e+00
3.216938674940189369e+00
1.269969259297563013e+01
7.645151760616107239e+00
7.233678993278092939e+00
4.281040017463356051e+00
4.044711859332379866e+00
8.029674122218011689e+00
4.332918226767232817e+00
7.287360926850730003e+00
7.412209886484085075e+00
4.516108924267161484e+00
4.231234059126335545e+00
7.346124106506130680e+00
1.138902401501759165e+01
3.362702051991980579e+00
6.551290821819657495e+00
5.979525031019155890e+00
6.951583739167158882e+00
3.483576224686927514e+00
4.111710761260021663e+00
5.163842282053411559e+00
6.446647158530072197e+00
6.488185577652136438e+00
4.529757341830388029e+00
4.738689163192465692e+00
1.249246773865838200e+01
1.218466862572926246e+01
3.643429191115086230e+00
4.773535475227220104e+00
9.316708989274397723e+00
7.268574898924065941e+00
1.080029117119846660e+01
4.887731241558404882e+00
5.243805367022123853e+00
7.336296952915052572e+00
7.551040156171270112e+00
6.100508790273846849e+00
1.045863386454771948e+01
5.295747400371917379e+00
4.366351620185166205e+00
6.323571240131662385e+00
3.855179213985540532e+00
5.853555766426380202e+00
5.846470384252927310e+00
4.492062058582494188e+00
1.741940892940140273e+01
3.952472910184552823e+00
5.229056000335966736e+00
5.772747598640014743e+00
3.736299483624082818e+00
4.900497379578300894e+00
4.789962661463977867e+00
7.932324862167392965e+00
4.316362965378803374e+00
7.161005117123360186e+00
4.093197426030090291e+00
6.015816702436848296e+00
4.751196696587958179e+00
4.130028835556292854e+00
1.623184487681129795e+01
4.884752192585534836e+00
7.927947466003785415e+00
3.705490222840110981e+00
1.769217381933988165e+01
5.862111324613585417e+00
3.566240652912374021e+00
4.410756892109595206e+00
4.841138866630472215e+00
4.671209158872728473e+00
1.318723275968444852e+01
1.617944915457011490e+01
1.604886780324647688e+01
1.208276872952407111e+01
8.883334999117327158e+00
1.635307833964514757e+01
7.859284824664250380e+00
6.905254195944417361e+00
6.077557474898492629e+00
1.024180174809225541e+01
1.282280464158359479e+01
1.310672161814895098e+01
8.165651457648994693e+00
3.227304252920076166e+00
4.546396619273224360e+00
6.088671484425081992e+00
1.583765965963168298e+01
1.441274230471630169e+01
3.150183430891964953e+00
5.752209645991778864e+00
3.324862511009341492e+00
1.096766576548139049e+01
6.663944339247952264e+00
6.021371359049942917e+00
6.824113696770445436e+00
4.669743414490707956e+00
5.584904814166096187e+00
1.020256525966046901e+01
4.774274568918562167e+00
1.505995140042702118e+01
7.658093258444662155e+00
7.685354219291906652e+00
1.791900293574969538e+01
7.453701788318911170e+00
5.775779569042281736e+00
7.773492844978138194e+00
1.017589856947150828e+01
6.781237137449726227e+00
6.289331904730127043e+00
3.954794322057987976e+00
1.170446438922112264e+01
1.260819386972648992e+01
8.215416479817056583e+00
6.974207770080239399e+00
4.929255681894184171e+00
9.993042272649770297e+00
4.834648696101798926e+00
1.045694295006491892e+01
4.064547374862092610e+00
1.718443585026944476e+01
3.950525193422100401e+00
3.030634055253883741e+00
4.820728562197039047e+00
8.107857088747220331e+00
3.907140657983029897e+00
4.135708075064716382e+00
1.186723462335796953e+01
1.140096429500735198e+01
5.894400268994107961e+00
2.003674862380382038e+01
3.482620965536566082e+00
1.986352124367581595e+01
1.694168282814405657e+01
1.037460183078249543e+01
4.956112430793034207e+00
9.916071443385373385e+00
2.720841223908880835e+00
4.240433681783221331e+00
5.675992882979251419e+00
1.121157645155219740e+01
3.204348913437129465e+00
7.824871882913799759e+00
4.360131592145642720e+00
5.165790188119601112e+00
4.613917691259389997e+00
7.450267265151651941e+00
4.077052886726387548e+00
3.860850711405141134e+00
8.418201326802359219e+00
1.706013650246153546e+01
3.468964899007767499e+00
3.049950934255571955e+00
5.335937560175169736e+00
1.322264414129646326e+01
8.329087950590881917e+00
5.344105033714202868e+00
1.234387085737635914e+01
4.794128863622892034e+00
1.368053298585931721e+01
3.167854062931101389e+00
4.318747655050518830e+00
4.849916235577130585e+00
4.430741010463857599e+00
7.679977860086598440e+00
3.629833924469623163e+00
9.058484251340864546e+00
3.629825372891245738e+00
1.091720242096946158e+01
4.090301103216419598e+00
6.266642785570759600e+00
6.437731901643586774e+00
5.113188967572380506e+00
6.162596229099777112e+00
8.289948077295335338e+00
5.412525637766901987e+00
5.176120057086112780e+00
3.048094706799353126e+00
3.684963227638803573e+00
4.206367661218890497e+00
3.671935456699371159e+00
4.006763188995929426e+00
