2.152669229507446214e-01
3.512272858619690241e-02
3.431917214393615662e-02
3.406180167198181313e-02
3.417434334754943653e-02
3.412443947792052901e-02
3.392204689979553406e-02
3.419923520088195834e-02
3.404301023483276289e-02
3.407054090499878063e-02
3.428244042396545732e-02
3.424684667587279963e-02
3.438895821571349987e-02
3.430784559249878268e-02
3.431403088569641435e-02
3.422656130790710516e-02
3.419159650802612582e-02
3.438917708396911632e-02
3.446990227699280041e-02
3.449534010887145979e-02
3.423630237579345509e-02
3.427356696128844998e-02
3.442255878448486489e-02
3.425610160827636391e-02
3.421389055252075512e-02
3.469072723388672008e-02
3.417142486572265908e-02
3.460436153411865223e-02
3.462370204925536987e-02
3.447478032112121643e-02
3.434350156784057861e-02
3.420663166046142289e-02
3.439632010459899719e-02
3.466562962532043768e-02
3.473923516273498546e-02
3.483873891830444047e-02
3.468583512306213507e-02
3.466842246055602816e-02
3.469439148902893344e-02
3.497650241851806702e-02
3.462819290161132935e-02
3.475285649299621887e-02
3.488877487182617115e-02
3.470143890380859159e-02
3.466260743141174466e-02
3.455024337768554388e-02
3.493607211112976368e-02
3.432541179656982411e-02
3.457547473907470609e-02
3.419424247741699452e-02
3.433196139335632086e-02
3.439722776412963701e-02
3.439039874076843528e-02
3.436159753799438582e-02
3.473907732963561756e-02
3.487354207038879245e-02
3.517905569076538314e-02
3.544563007354736145e-02
3.501076698303222379e-02
3.485338640213012790e-02
3.501284193992614674e-02
3.454508805274963262e-02
3.500739669799804443e-02
3.492294025421142922e-02
3.476347756385803067e-02
3.468341898918152200e-02
3.471741461753845293e-02
3.477389311790466536e-02
3.459305381774902682e-02
3.416836690902710222e-02
3.485884046554565269e-02
3.497837138175964589e-02
3.505685830116272300e-02
3.496650147438049028e-02
3.464371109008788918e-02
3.497401189804077298e-02
3.500278401374817133e-02
3.468524336814880066e-02
3.464002060890197798e-02
3.498830986022949396e-02
3.512600302696228249e-02
3.477386236190795760e-02
3.523474478721618647e-02
3.563628959655761735e-02
3.506664228439330955e-02
3.521689462661743014e-02
3.537125635147094632e-02
3.528561592102050920e-02
3.533763718605041626e-02
3.516974997520446594e-02
3.533484435081481884e-02
3.551494455337524114e-02
3.542001843452453891e-02
3.545321249961853188e-02
3.545335173606872781e-02
3.557272386550903304e-02
3.548405456542969016e-02
3.528473567962646384e-02
3.559698009490967069e-02
3.535675001144409496e-02
3.564208412170410262e-02
3.527982544898986689e-02
3.545634961128234924e-02
3.589892578125000039e-02
3.549555420875549067e-02
3.553881216049194214e-02
3.549159860610962003e-02
3.549268770217895580e-02
3.524882292747497786e-02
3.556427574157714627e-02
3.557045054435729881e-02
3.490038633346557312e-02
3.513384199142455949e-02
3.486936354637146240e-02
3.552240777015686080e-02
3.526128315925598083e-02
3.538149476051330455e-02
3.534849810600280973e-02
3.537087798118591225e-02
3.516603136062622370e-02
3.528561997413635215e-02
3.506687426567077492e-02
3.507163381576538369e-02
3.515726232528686851e-02
3.538494324684143127e-02
3.508051085472106700e-02
3.557795262336731212e-02
3.505396556854248336e-02
3.521332764625549616e-02
3.533001804351806885e-02
3.532172727584838995e-02
3.526225972175597856e-02
3.520279288291931069e-02
3.539648270606994551e-02
3.527334976196289107e-02
3.517283248901367093e-02
3.519127082824707181e-02
3.517473268508911066e-02
3.501823019981384344e-02
3.493425869941711726e-02
3.544651651382445950e-02
3.514223384857177723e-02
3.516033697128295721e-02
3.573911476135253895e-02
3.545299267768859536e-02
3.521682906150817860e-02
3.544949960708618231e-02
3.553111362457275074e-02
3.492006850242614785e-02
3.519758129119873041e-02
3.486400055885315041e-02
3.558101582527160855e-02
3.543116188049316717e-02
3.460547423362731606e-02
3.584108066558838041e-02
3.535427927970886258e-02
3.589229965209960599e-02
3.556301808357238692e-02
3.554504013061523388e-02
3.542112731933593633e-02
3.600925469398498502e-02
3.576682257652282620e-02
3.575361561775207420e-02
3.587341070175170676e-02
3.612711024284363109e-02
3.581193828582763389e-02
3.580250740051269670e-02
3.481141591072082347e-02
3.596643090248107660e-02
3.596027350425719943e-02
3.593593764305114818e-02
3.634967589378356595e-02
3.596324753761291626e-02
3.618633484840393100e-02
3.635161995887756237e-02
3.590196943283081171e-02
3.586601805686950861e-02
3.516465640068053983e-02
3.595686292648315324e-02
3.644320392608642323e-02
3.597209525108337191e-02
3.606532192230224587e-02
3.614326453208923512e-02
3.588156032562255654e-02
3.578537106513977190e-02
3.598523259162902943e-02
3.627487325668334733e-02
3.658225893974303977e-02
3.634229493141174355e-02
3.639528679847717219e-02
3.630469298362731800e-02
3.629172921180725403e-02
3.597945332527160978e-02
3.616904640197753790e-02
3.604520463943481495e-02
3.589745736122131048e-02
3.652423167228698725e-02
3.605322909355163780e-02
3.607747530937194941e-02
3.626683068275451949e-02
3.662252688407897916e-02
3.552798080444335982e-02
3.629227209091186179e-02
3.654017353057861101e-02
3.626552438735961698e-02
3.565337991714477572e-02
3.633977794647216819e-02
3.624489450454711909e-02
3.528413152694702404e-02
3.619291377067566234e-02
3.640037679672241538e-02
3.620661711692810258e-02
3.635528922080993874e-02
3.632351398468017245e-02
3.622203183174133034e-02
3.608283424377441151e-02
3.635392117500305109e-02
3.647579193115234319e-02
3.561353850364685353e-02
3.562808990478515819e-02
3.635274410247802540e-02
3.604433465003967219e-02
3.624126863479613936e-02
3.641491031646728466e-02
3.629013490676880060e-02
3.638193511962890814e-02
3.638250923156738370e-02
3.600867891311645280e-02
3.632600593566894659e-02
3.631687521934509610e-02
3.611779212951660156e-02
3.671706914901733121e-02
3.657664465904236079e-02
3.662084078788757635e-02
3.635946869850158886e-02
3.637959051132202276e-02
3.636120247840881475e-02
3.627452945709228743e-02
3.647734832763671609e-02
3.669745659828185791e-02
3.659643244743347040e-02
3.651416444778442238e-02
3.667785525321960727e-02
3.629355955123901578e-02
3.559651994705199940e-02
3.645471191406250006e-02
3.674089455604553217e-02
3.650097823143005210e-02
3.632602381706237504e-02
3.645172500610351779e-02
3.586384367942810347e-02
3.584561896324157948e-02
3.655973482131957830e-02
3.576154899597167730e-02
3.557725930213927884e-02
3.659051275253295821e-02
3.657705593109130543e-02
3.658340382575988453e-02
3.643338751792907920e-02
3.659701538085937539e-02
3.655467104911803988e-02
3.667790603637695324e-02
3.653456997871398770e-02
3.654120349884033142e-02
3.656502270698547274e-02
3.635353446006774764e-02
3.657956218719482511e-02
3.689745688438415827e-02
3.622438502311706859e-02
3.653047537803649769e-02
3.666957306861877430e-02
3.653820228576660362e-02
3.664524126052856601e-02
3.673922705650329440e-02
3.648714184761047558e-02
3.597232604026794761e-02
3.654268121719360385e-02
3.673615264892578225e-02
3.677022767066955716e-02
3.664838504791259610e-02
3.683048677444458047e-02
3.650634360313415733e-02
3.657143664360046342e-02
3.675085353851318543e-02
3.684901762008666731e-02
3.679426503181457836e-02
3.669589161872863908e-02
3.655565834045410023e-02
3.568967270851135243e-02
3.586233067512512029e-02
3.623442316055297541e-02
3.668589568138122536e-02
3.680786752700805631e-02
3.611120724678039406e-02
3.632820248603820662e-02
3.611583614349365284e-02
3.674723672866821167e-02
3.683456444740295516e-02
3.654720640182495400e-02
3.683828973770141707e-02
3.693689918518066467e-02
3.659734749794006647e-02
3.651712536811828336e-02
3.647417140007019193e-02
3.587155795097351357e-02
3.584261798858642822e-02
3.565960144996643127e-02
3.637930274009704840e-02
3.653757858276367176e-02
3.663526391983032426e-02
3.672019433975219627e-02
3.698769354820251321e-02
3.666165614128112649e-02
3.646445631980896329e-02
3.704819917678833091e-02
3.682768416404724049e-02
3.680181193351745456e-02
3.727871632575988775e-02
3.689628267288207891e-02
3.701776027679443137e-02
3.712359309196472390e-02
3.698778963088989596e-02
3.705552196502685802e-02
3.670924520492553633e-02
3.677524256706237588e-02
3.642635011672973322e-02
3.676200556755065962e-02
3.672809839248657171e-02
3.715971779823303012e-02
3.701191449165344011e-02
3.705491757392883473e-02
3.671389985084533986e-02
3.710154247283935225e-02
3.702624845504760842e-02
3.694898247718811368e-02
3.657355284690856634e-02
3.639969444274902127e-02
3.664386677742004217e-02
3.696784710884094133e-02
3.695345234870910794e-02
3.738654136657714594e-02
3.721035456657409424e-02
3.706900072097778220e-02
3.712639713287353704e-02
3.705125284194946134e-02
3.700417900085449519e-02
3.710977840423584223e-02
3.725764703750610030e-02
3.690665769577026328e-02
3.704633879661559798e-02
3.660821366310119951e-02
3.712760829925536993e-02
3.698083472251892379e-02
3.730305647850036543e-02
3.696118640899657970e-02
3.696936082839966109e-02
3.691704368591308683e-02
3.624676203727722479e-02
3.676769685745238936e-02
3.706155562400818143e-02
3.684303784370422663e-02
3.663890981674194219e-02
3.639919066429138372e-02
3.678075098991394343e-02
3.657811689376831016e-02
3.728614473342895669e-02
3.652948856353759738e-02
3.688463211059569979e-02
3.682294702529907010e-02
3.712048673629760737e-02
3.720364880561828624e-02
3.709115147590637263e-02
3.665429186820983593e-02
3.632103061676025119e-02
3.618312406539916926e-02
3.721299719810485657e-02
3.735401272773742481e-02
3.690469932556152133e-02
3.696818661689758173e-02
3.714124512672424550e-02
3.705891776084899863e-02
3.653878974914550465e-02
3.687449002265930087e-02
3.700768518447875716e-02
3.698679184913634954e-02
3.714590001106261863e-02
3.696997022628784046e-02
3.702737045288086171e-02
3.746956944465637540e-02
3.708362078666686823e-02
3.694044566154480042e-02
3.701495790481567488e-02
3.695973920822143849e-02
3.678308153152465981e-02
3.632268667221069669e-02
3.675346469879150341e-02
3.629640364646911921e-02
3.702072095870971580e-02
3.715901780128479104e-02
3.684777164459228371e-02
3.750328755378723455e-02
3.713773036003113065e-02
3.720609545707702359e-02
3.709978652000427146e-02
3.657011914253234519e-02
3.715347051620483676e-02
3.666840267181396829e-02
3.681452417373657499e-02
3.617842268943786965e-02
3.731679725646972617e-02
3.737805151939391918e-02
3.750747323036193737e-02
3.684858465194702087e-02
3.736797904968261475e-02
3.696193623542785855e-02
3.704462957382202021e-02
3.691514778137207353e-02
3.691256284713745339e-02
3.718282985687255959e-02
3.736437964439392329e-02
3.665376400947571028e-02
3.668152618408203336e-02
3.696702694892883140e-02
3.682177853584289728e-02
3.679397416114807418e-02
3.748286175727844061e-02
3.685965514183044134e-02
3.720242953300476052e-02
3.742051792144775180e-02
3.727879095077514526e-02
3.726301956176757829e-02
3.707307839393615689e-02
3.681070208549499373e-02
3.703307247161865406e-02
3.699476599693298645e-02
3.721684241294860584e-02
3.604121494293213018e-02
3.696298289299011081e-02
3.699175667762756581e-02
3.702833819389343001e-02
3.714970350265502791e-02
3.695459127426147655e-02
3.706204319000244024e-02
3.691506671905517289e-02
3.703251695632934354e-02
3.697557592391968045e-02
3.700452828407287814e-02
3.738942909240722950e-02
3.588113856315612582e-02
3.513650989532470653e-02
3.717120957374572821e-02
3.660582733154296720e-02
3.685708189010620389e-02
3.698324489593506070e-02
3.709258389472961520e-02
3.739857077598571916e-02
3.728881525993347351e-02
3.722704195976257041e-02
3.723365736007690219e-02
3.721411466598510687e-02
3.702783870697021196e-02
3.718175363540649619e-02
3.723350739479065058e-02
3.719073224067687838e-02
3.726454186439514399e-02
3.739524888992309254e-02
3.700483107566833463e-02
3.744701480865478271e-02
3.725377416610718001e-02
3.717543745040893799e-02
3.722662091255188321e-02
3.731778573989868314e-02
3.693021845817565790e-02
3.731376457214355402e-02
3.637385606765747292e-02
3.692316198348998685e-02
3.726636576652526955e-02
3.735329508781433383e-02
3.714449119567871105e-02
3.711531090736389094e-02
3.718967795372009333e-02
3.715551352500915533e-02
3.709155774116516119e-02
3.749151062965393189e-02
3.759359574317932412e-02
3.724069809913635454e-02
3.678516340255737205e-02
3.730048322677612105e-02
3.721534013748169223e-02
3.681872248649597362e-02
3.680063915252685530e-02
3.737544870376587058e-02
3.706380701065063732e-02
3.675046443939208873e-02
3.695109653472900685e-02
3.703017592430114802e-02
3.739526271820068498e-02
3.706724119186401156e-02
3.712437367439270358e-02
3.712754774093628141e-02
3.741937541961670027e-02
3.724400758743286188e-02
3.720720958709716752e-02
3.731346154212951405e-02
3.718263053894042824e-02
3.684143662452697698e-02
3.747358632087707808e-02
3.708036494255066012e-02
3.726594305038451876e-02
3.718605303764343367e-02
3.752253341674804954e-02
3.669568991661071450e-02
3.769323730468750189e-02
3.717179536819457952e-02
3.759863924980163391e-02
3.745785021781921492e-02
3.568755555152892944e-02
3.690062212944030667e-02
3.767686796188354781e-02
3.745378351211547940e-02
3.720786237716675049e-02
3.759151625633239818e-02
3.651831102371215498e-02
3.705504631996154458e-02
3.593470382690429343e-02
3.739098930358886880e-02
3.759760570526123058e-02
3.736725902557373052e-02
3.738746857643127780e-02
3.646897363662719715e-02
3.703645515441894576e-02
3.639795565605163236e-02
3.778860569000244002e-02
3.757250070571899192e-02
3.683451819419860523e-02
3.734452891349792497e-02
3.739269828796387002e-02
3.734208989143371349e-02
3.758241724967956859e-02
3.725928616523742354e-02
3.694897270202636419e-02
3.728992891311645741e-02
3.711625623703002780e-02
3.749164366722106817e-02
3.731227660179137900e-02
3.762037277221679660e-02
3.759387707710266230e-02
3.752295756340026656e-02
3.751062440872192372e-02
3.767736625671386924e-02
3.748740386962890608e-02
3.736669611930847068e-02
3.746511387825011974e-02
3.750625228881836193e-02
3.741975569725036754e-02
3.785684013366698991e-02
3.736406302452087436e-02
3.778397512435913153e-02
3.717595338821411133e-02
3.756207442283630155e-02
3.750947284698486622e-02
3.762701559066772283e-02
3.778657817840576361e-02
3.719618725776672324e-02
3.682202386856078813e-02
3.758329510688782071e-02
3.708670759201049966e-02
3.741709899902343622e-02
3.764202213287353577e-02
3.762790489196777416e-02
3.793935918807983532e-02
3.767287302017211653e-02
3.744242501258850109e-02
3.778301215171814276e-02
3.776871228218078858e-02
3.759652662277221391e-02
3.781370449066161904e-02
3.722805523872375205e-02
3.746333241462707769e-02
3.757100343704223439e-02
3.751395702362060602e-02
3.731408739089965565e-02
3.763434934616088912e-02
3.745436549186706432e-02
3.753229689598083785e-02
3.742449545860290772e-02
3.700413703918457170e-02
3.757949638366699097e-02
3.765596604347228732e-02
3.714802837371826427e-02
3.695637917518615478e-02
3.700400209426880221e-02
3.720197701454162897e-02
3.699196624755859281e-02
3.705355000495910711e-02
3.729765605926513988e-02
3.653185033798217463e-02
3.676643490791321051e-02
3.700676560401916504e-02
3.692398214340209678e-02
3.661763405799865756e-02
3.696111488342285201e-02
3.659353041648864824e-02
3.680727958679199524e-02
3.751836156845092529e-02
3.676007580757140875e-02
3.685443592071533520e-02
3.734089183807372953e-02
3.667030215263366449e-02
3.654420828819274908e-02
3.706844043731689214e-02
3.698533487319946578e-02
3.682205724716186568e-02
3.681790828704833984e-02
3.744833922386169717e-02
3.658571004867553628e-02
3.748698067665100220e-02
3.680371522903442411e-02
3.702403140068054321e-02
3.707048869132995722e-02
3.686511278152465598e-02
3.665446138381957958e-02
3.677946352958678944e-02
3.693726325035095320e-02
3.689827275276184176e-02
3.645854115486144714e-02
3.733648872375488342e-02
3.721169114112853754e-02
3.708056211471557478e-02
3.717164635658264105e-02
3.755483889579772777e-02
3.697081303596496532e-02
3.705287790298462253e-02
3.700801348686218184e-02
3.680915713310242005e-02
3.708929347991943293e-02
3.723497319221496377e-02
3.723521661758422835e-02
3.709884142875671115e-02
3.704026579856872781e-02
3.689516329765319541e-02
3.715447092056274603e-02
3.698469758033752497e-02
3.697774934768676552e-02
3.617316102981567305e-02
3.706997656822204334e-02
3.733003354072570584e-02
3.711327552795409823e-02
3.709029841423034518e-02
3.727438521385192938e-02
3.781013274192809859e-02
3.681445884704589999e-02
3.726142668724059803e-02
3.712163257598877220e-02
3.746916317939757990e-02
3.718133282661437861e-02
3.733913087844848572e-02
3.758049488067626703e-02
3.737271690368652172e-02
3.561508035659789739e-02
3.721527409553528065e-02
3.706488013267517090e-02
3.715174913406372320e-02
3.769474911689758151e-02
3.723270606994628917e-02
3.712548255920410101e-02
3.705949449539184398e-02
3.697173237800598089e-02
3.714930438995361212e-02
3.775998377799987676e-02
3.747335529327392584e-02
3.757395434379577626e-02
3.735537862777710272e-02
3.738419795036315718e-02
3.740870404243469560e-02
3.723653507232665971e-02
3.718549108505248696e-02
3.739236807823181213e-02
3.721567511558532965e-02
3.664961862564086736e-02
3.744513583183288474e-02
3.759923863410949418e-02
3.719136214256286294e-02
3.731483149528503490e-02
3.719215154647827204e-02
3.726776480674743458e-02
3.718305611610412537e-02
3.740685749053954817e-02
3.754997158050537437e-02
3.766117024421691828e-02
3.745229887962341075e-02
3.736025142669677918e-02
3.756695127487182789e-02
3.721948313713073497e-02
3.720748162269592318e-02
3.767672252655029225e-02
3.748286294937133722e-02
3.786617541313171131e-02
3.729265522956848322e-02
3.764457774162292825e-02
3.773080182075500694e-02
3.778096580505371088e-02
3.767803788185119379e-02
3.699492788314819036e-02
3.788046193122864003e-02
3.757320809364318726e-02
3.763219189643859930e-02
3.760683560371398670e-02
3.753908824920654252e-02
3.813439083099365301e-02
3.795889258384704812e-02
3.785519647598266368e-02
3.819087934494018455e-02
3.757954072952270769e-02
3.771569132804870883e-02
3.754944348335265830e-02
3.786314296722412265e-02
3.794709897041320668e-02
3.807166838645935358e-02
3.791518568992614802e-02
3.825530409812927246e-02
3.817922520637512251e-02
3.790739727020263350e-02
3.734898161888122736e-02
3.782162499427795671e-02
3.790302348136902200e-02
3.789231443405151334e-02
3.739583277702331759e-02
3.814667701721191628e-02
3.788247299194336115e-02
3.761571645736694336e-02
3.799304246902465709e-02
3.780784583091735540e-02
3.838979935646057162e-02
3.739221978187561024e-02
3.809011673927307357e-02
3.762722802162170310e-02
3.826895928382873652e-02
3.799354577064514155e-02
3.815241026878356950e-02
3.798519325256347751e-02
3.785873532295227356e-02
3.804289674758910833e-02
3.761461353302002208e-02
3.780494451522826982e-02
3.779271197319030579e-02
3.785420775413513017e-02
3.753505754470825434e-02
3.801628375053405645e-02
3.765742373466491461e-02
3.810084390640258722e-02
3.783120155334472601e-02
3.810118699073791748e-02
3.772359871864319064e-02
3.761435627937317200e-02
3.785802650451659812e-02
3.769336724281310835e-02
3.784183073043823065e-02
3.799623227119446056e-02
3.804376101493835149e-02
3.804117870330810808e-02
3.816505265235901195e-02
3.827692770957946689e-02
3.795870184898376271e-02
3.687934565544128546e-02
3.780537891387939636e-02
3.831237268447876265e-02
3.826531720161437805e-02
3.685238313674926713e-02
3.705393862724304377e-02
3.816510272026062134e-02
3.830833411216735818e-02
3.825649571418762024e-02
3.775711441040038863e-02
3.786326527595520325e-02
3.824635386466979786e-02
3.806932592391967796e-02
3.758149409294128662e-02
3.739178895950317355e-02
3.828460454940795649e-02
3.796345281600951860e-02
3.756917858123779569e-02
3.826741838455199884e-02
3.832695841789245800e-02
3.813909649848937905e-02
3.838158369064331027e-02
3.815660667419433494e-02
3.817796039581299039e-02
3.801072311401366977e-02
3.775625205039977866e-02
3.765360736846923989e-02
3.766618633270263361e-02
3.716106724739074579e-02
3.804077363014220919e-02
3.790183997154236012e-02
3.814029932022094949e-02
3.841247606277466142e-02
3.837522506713866854e-02
3.803250098228454917e-02
3.820724034309386924e-02
3.804938483238220343e-02
3.802917623519897622e-02
3.782913827896117881e-02
3.730738425254821744e-02
3.770070528984070107e-02
3.840602612495422341e-02
3.870661282539367837e-02
3.854943966865539279e-02
3.834730100631714156e-02
3.844869709014892695e-02
3.715710425376891890e-02
3.798121690750121821e-02
3.841842985153198081e-02
3.789886474609374667e-02
3.844843554496765042e-02
3.805652737617492426e-02
3.823576354980468689e-02
3.812688064575195379e-02
3.835950779914856085e-02
3.861055564880370994e-02
3.838725161552429543e-02
3.854395699501037692e-02
3.818964719772338645e-02
3.851517796516418235e-02
3.798272156715393200e-02
3.725749826431274531e-02
3.834693241119385004e-02
3.835475635528564492e-02
3.832889652252197132e-02
3.843626356124878185e-02
3.794395041465759011e-02
3.847951436042785361e-02
3.815116167068481612e-02
3.861012363433837663e-02
3.833708930015564120e-02
3.832567620277405052e-02
3.814551067352294628e-02
3.857375168800353943e-02
3.869860410690307423e-02
3.876018881797790860e-02
3.855422496795654630e-02
3.860378432273865040e-02
3.860200929641723760e-02
3.885826611518859719e-02
3.851603817939758256e-02
3.865892648696899608e-02
3.839800667762756359e-02
3.850730013847351169e-02
3.851548933982849171e-02
3.834685230255126948e-02
3.866059064865112055e-02
3.830229735374450495e-02
3.886341333389282254e-02
3.841231775283813349e-02
3.885526132583617953e-02
3.867763519287109597e-02
3.853257536888122364e-02
3.863508582115173645e-02
3.865064954757690269e-02
3.876054215431213451e-02
3.852364587783813771e-02
3.856395244598388727e-02
3.856692647933959717e-02
3.852010107040405168e-02
3.858460164070129372e-02
3.874076318740844738e-02
3.837765383720397744e-02
3.841236400604248341e-02
3.832968759536743014e-02
3.865620040893554682e-02
3.850684380531311374e-02
3.891882276535034435e-02
3.870089244842529058e-02
3.867640304565429787e-02
3.852660989761352850e-02
3.873926901817321966e-02
3.882481122016906427e-02
3.903359818458557173e-02
3.865720081329345609e-02
3.818070769309997448e-02
3.877348732948303345e-02
3.878374648094177340e-02
3.882342267036437838e-02
3.850063085556030412e-02
3.857871961593627858e-02
3.824531102180481201e-02
3.825700163841247448e-02
3.854886078834533769e-02
3.848911571502685453e-02
3.855684375762939708e-02
3.888156533241272222e-02
3.915200662612915161e-02
3.864629173278808644e-02
3.875598001480102389e-02
3.895642304420471325e-02
3.886230206489563188e-02
3.874050354957580405e-02
3.875986313819885370e-02
3.878869342803954734e-02
3.868792486190796021e-02
3.862186074256897250e-02
3.857324099540710566e-02
3.843630695343017850e-02
3.919269728660583485e-02
3.906320166587829573e-02
3.860018634796142517e-02
3.858854174613952914e-02
3.891739940643310774e-02
3.883415937423705805e-02
3.887442207336425787e-02
3.949406528472900607e-02
3.918104958534240900e-02
3.862262487411498996e-02
3.879114103317260476e-02
3.882951760292053384e-02
3.904560732841491633e-02
3.859938454627991067e-02
3.831410455703735535e-02
3.865779757499694658e-02
3.919340705871582342e-02
3.887650775909423650e-02
3.875037360191345426e-02
3.867923235893249573e-02
3.850197529792785678e-02
3.880139422416686856e-02
3.895302391052245933e-02
3.864951682090759372e-02
3.896165347099304205e-02
3.897342395782470853e-02
3.874488425254821872e-02
3.867013835906982222e-02
3.877558541297912442e-02
3.886415624618530518e-02
3.863935613632202282e-02
3.906046676635742398e-02
3.890938258171081771e-02
3.878671669960021690e-02
3.891351675987243797e-02
3.894196629524231124e-02
3.903265547752380465e-02
3.854222059249878124e-02
3.888712239265441906e-02
3.905213999748229775e-02
3.839712619781494168e-02
3.876669597625732183e-02
3.872582197189330944e-02
3.894437575340271157e-02
3.907133030891418723e-02
3.895979332923889260e-02
3.878642344474792641e-02
3.920330047607421819e-02
3.943689870834350686e-02
3.878436017036437922e-02
3.890624618530273693e-02
3.905903887748718439e-02
3.873384213447570584e-02
3.912933135032653498e-02
3.909429717063903770e-02
3.925389289855957253e-02
3.915369510650634766e-02
3.929434704780578741e-02
3.944864487648010176e-02
3.950919723510742249e-02
3.947151350975036666e-02
3.909478092193603704e-02
3.887187957763672125e-02
3.900573801994323964e-02
3.923009419441222945e-02
3.874348163604736384e-02
3.880458879470825156e-02
3.907543277740478660e-02
3.834960103034973367e-02
3.875148725509643816e-02
3.893380904197692866e-02
3.839358448982238547e-02
3.833435893058776550e-02
3.853129029273986983e-02
3.852680301666260021e-02
3.873324179649353244e-02
3.895173096656799616e-02
3.855930161476135015e-02
3.866039609909057567e-02
3.873505091667175243e-02
3.794051504135131925e-02
3.706600928306579695e-02
3.685238337516784368e-02
3.854378604888916010e-02
3.873966860771178855e-02
3.893537926673889399e-02
3.935281419754028259e-02
3.836187434196472457e-02
3.795004606246948214e-02
3.840127778053283730e-02
3.864635586738586481e-02
3.853840160369872980e-02
3.839123415946960743e-02
3.755247974395752031e-02
3.850797367095946944e-02
3.897294068336486922e-02
