2.149756800000000000e+07
2.150090000000000000e+07
2.150198000000000000e+07
2.150245200000000000e+07
2.150552000000000000e+07
2.150787600000000000e+07
2.150818800000000000e+07
2.150848800000000000e+07
2.150870800000000000e+07
2.151083600000000000e+07
2.151094400000000000e+07
2.151094400000000000e+07
2.151094400000000000e+07
2.151094400000000000e+07
2.151094400000000000e+07
2.151094400000000000e+07
2.151094400000000000e+07
2.151094400000000000e+07
2.151094400000000000e+07
2.151094400000000000e+07
2.151094400000000000e+07
2.151094400000000000e+07
2.151094400000000000e+07
2.151094400000000000e+07
2.151094400000000000e+07
2.151094400000000000e+07
2.151094400000000000e+07
2.151094400000000000e+07
2.151094400000000000e+07
2.151094400000000000e+07
2.151094400000000000e+07
2.151094400000000000e+07
2.151094400000000000e+07
2.151094400000000000e+07
2.151094400000000000e+07
2.151094400000000000e+07
2.151094400000000000e+07
2.151094400000000000e+07
2.151094400000000000e+07
2.151094400000000000e+07
2.151094400000000000e+07
2.151094400000000000e+07
2.151094400000000000e+07
2.151094400000000000e+07
2.151094400000000000e+07
2.151094400000000000e+07
2.151094400000000000e+07
2.151094400000000000e+07
2.151094400000000000e+07
2.151094400000000000e+07
2.151094400000000000e+07
2.151094400000000000e+07
2.151094400000000000e+07
2.151094400000000000e+07
2.151094400000000000e+07
2.151094400000000000e+07
2.151094400000000000e+07
2.151094400000000000e+07
2.151094400000000000e+07
2.151094400000000000e+07
2.151094400000000000e+07
2.151094400000000000e+07
2.151094400000000000e+07
2.151094400000000000e+07
2.151094400000000000e+07
2.151094400000000000e+07
2.151094400000000000e+07
2.151094400000000000e+07
2.151094400000000000e+07
2.151094400000000000e+07
2.151094400000000000e+07
2.151094400000000000e+07
2.151094400000000000e+07
2.151094400000000000e+07
2.151094400000000000e+07
2.151094400000000000e+07
2.151094400000000000e+07
2.151094400000000000e+07
2.151094400000000000e+07
2.151094400000000000e+07
2.151094400000000000e+07
2.151094400000000000e+07
2.151094400000000000e+07
2.151094400000000000e+07
2.151094400000000000e+07
2.151094400000000000e+07
2.151094400000000000e+07
2.151094400000000000e+07
2.151094400000000000e+07
2.151094400000000000e+07
2.151094400000000000e+07
2.151094400000000000e+07
2.151094400000000000e+07
2.151094400000000000e+07
2.151094400000000000e+07
2.151094400000000000e+07
2.151094400000000000e+07
2.151094400000000000e+07
2.151094400000000000e+07
2.151094400000000000e+07
2.151094400000000000e+07
2.151094400000000000e+07
2.151094400000000000e+07
2.151094400000000000e+07
2.151094400000000000e+07
2.151094400000000000e+07
2.151094400000000000e+07
2.151094400000000000e+07
2.151094400000000000e+07
2.151094400000000000e+07
2.151094400000000000e+07
2.151094400000000000e+07
2.151094400000000000e+07
2.151094400000000000e+07
2.151094400000000000e+07
2.151094400000000000e+07
2.151094400000000000e+07
2.151094400000000000e+07
2.151094400000000000e+07
2.151094400000000000e+07
2.151094400000000000e+07
2.151094400000000000e+07
2.151094400000000000e+07
2.151094400000000000e+07
2.151094400000000000e+07
2.151094400000000000e+07
2.151094400000000000e+07
2.151094400000000000e+07
2.151094400000000000e+07
2.151094400000000000e+07
2.151094400000000000e+07
2.151094400000000000e+07
2.151094400000000000e+07
2.151094400000000000e+07
2.151094400000000000e+07
2.151094400000000000e+07
2.151094400000000000e+07
2.151094400000000000e+07
2.151094400000000000e+07
2.151094400000000000e+07
2.151094400000000000e+07
2.151094400000000000e+07
2.151094400000000000e+07
2.151094400000000000e+07
2.151094400000000000e+07
2.151094400000000000e+07
2.151094400000000000e+07
2.151094400000000000e+07
2.151094400000000000e+07
2.151094400000000000e+07
2.151094400000000000e+07
2.151094400000000000e+07
2.151094400000000000e+07
2.151094400000000000e+07
2.151094400000000000e+07
2.151094400000000000e+07
2.151094400000000000e+07
2.151094400000000000e+07
2.151094400000000000e+07
2.151094400000000000e+07
2.151094400000000000e+07
2.151094400000000000e+07
2.151094400000000000e+07
2.151094400000000000e+07
2.151094400000000000e+07
2.151094400000000000e+07
2.151094400000000000e+07
2.151094400000000000e+07
2.151094400000000000e+07
2.151094400000000000e+07
2.151094400000000000e+07
2.151094400000000000e+07
2.151094400000000000e+07
2.151094400000000000e+07
2.151094400000000000e+07
2.151094400000000000e+07
2.151094400000000000e+07
2.151094400000000000e+07
2.151094400000000000e+07
2.151094400000000000e+07
2.151094400000000000e+07
2.151094400000000000e+07
2.151094400000000000e+07
2.151094400000000000e+07
2.151094400000000000e+07
2.151094400000000000e+07
2.151094400000000000e+07
2.151094400000000000e+07
2.151094400000000000e+07
2.151094400000000000e+07
2.151094400000000000e+07
2.151094400000000000e+07
2.151094400000000000e+07
2.151094400000000000e+07
2.151094400000000000e+07
2.151094400000000000e+07
2.151094400000000000e+07
2.151094400000000000e+07
2.151094400000000000e+07
2.151094400000000000e+07
2.151094400000000000e+07
2.151094400000000000e+07
2.151094400000000000e+07
2.151094400000000000e+07
2.151094400000000000e+07
2.151094400000000000e+07
2.151094400000000000e+07
2.151094400000000000e+07
2.151094400000000000e+07
2.151094400000000000e+07
2.151094400000000000e+07
2.151094400000000000e+07
2.151094400000000000e+07
2.151094400000000000e+07
2.151094400000000000e+07
2.151094400000000000e+07
2.151094400000000000e+07
2.151094400000000000e+07
2.151094400000000000e+07
2.151094400000000000e+07
2.151094400000000000e+07
2.151094400000000000e+07
2.151094400000000000e+07
2.151094400000000000e+07
2.151094400000000000e+07
2.151094400000000000e+07
2.151094400000000000e+07
2.151094400000000000e+07
2.151094400000000000e+07
2.151094400000000000e+07
2.151094400000000000e+07
2.151094400000000000e+07
2.151094400000000000e+07
2.151094400000000000e+07
2.151094400000000000e+07
2.151094400000000000e+07
2.151094400000000000e+07
2.151094400000000000e+07
2.151094400000000000e+07
2.151094400000000000e+07
2.151094400000000000e+07
2.151094400000000000e+07
2.151094400000000000e+07
2.151094400000000000e+07
2.151094400000000000e+07
2.151094400000000000e+07
2.151094400000000000e+07
2.151094400000000000e+07
2.151094400000000000e+07
2.151094400000000000e+07
2.151094400000000000e+07
2.151094400000000000e+07
2.151094400000000000e+07
2.151094400000000000e+07
2.151094400000000000e+07
2.151094400000000000e+07
2.151094400000000000e+07
2.151094400000000000e+07
2.151094400000000000e+07
2.151094400000000000e+07
2.151094400000000000e+07
2.151094400000000000e+07
2.151094400000000000e+07
2.151094400000000000e+07
2.151094400000000000e+07
2.151094400000000000e+07
2.151094400000000000e+07
2.151094400000000000e+07
2.151094400000000000e+07
2.151094400000000000e+07
2.151094400000000000e+07
2.151094400000000000e+07
2.151094400000000000e+07
2.151094400000000000e+07
2.151094400000000000e+07
2.151094400000000000e+07
2.151094400000000000e+07
2.151094400000000000e+07
2.151094400000000000e+07
2.151094400000000000e+07
2.151094400000000000e+07
2.151094400000000000e+07
2.151094400000000000e+07
2.151094400000000000e+07
2.151094400000000000e+07
2.151094400000000000e+07
2.151094400000000000e+07
2.151094400000000000e+07
2.151094400000000000e+07
2.151094400000000000e+07
2.151094400000000000e+07
2.151094400000000000e+07
2.151094400000000000e+07
2.151094400000000000e+07
2.151094400000000000e+07
2.151094400000000000e+07
2.151094400000000000e+07
2.151094400000000000e+07
2.151094400000000000e+07
2.151094400000000000e+07
2.151094400000000000e+07
2.151094400000000000e+07
2.151094400000000000e+07
2.151094400000000000e+07
2.151094400000000000e+07
2.151094400000000000e+07
2.151094400000000000e+07
2.151094400000000000e+07
2.151094400000000000e+07
2.151094400000000000e+07
2.151094400000000000e+07
2.151094400000000000e+07
2.151094400000000000e+07
2.151094400000000000e+07
2.151094400000000000e+07
2.151094400000000000e+07
2.151094400000000000e+07
2.151094400000000000e+07
2.151094400000000000e+07
2.151094400000000000e+07
2.151094400000000000e+07
2.151094400000000000e+07
2.151094400000000000e+07
2.151094400000000000e+07
2.151094400000000000e+07
2.151094400000000000e+07
2.151094400000000000e+07
2.151094400000000000e+07
2.151094400000000000e+07
2.151094400000000000e+07
2.151094400000000000e+07
2.151094400000000000e+07
2.151094400000000000e+07
2.151094400000000000e+07
2.151094400000000000e+07
2.151094400000000000e+07
2.151094400000000000e+07
2.151094400000000000e+07
2.151094400000000000e+07
2.151094400000000000e+07
2.151094400000000000e+07
2.151094400000000000e+07
2.151094400000000000e+07
2.151094400000000000e+07
2.151094400000000000e+07
2.151094400000000000e+07
2.151094400000000000e+07
2.151094400000000000e+07
2.151094400000000000e+07
2.151094400000000000e+07
2.151094400000000000e+07
2.151094400000000000e+07
2.151094400000000000e+07
2.151094400000000000e+07
2.151094400000000000e+07
2.151094400000000000e+07
2.151094400000000000e+07
2.151094400000000000e+07
2.151094400000000000e+07
2.151094400000000000e+07
2.151094400000000000e+07
2.151094400000000000e+07
2.151094400000000000e+07
2.151094400000000000e+07
2.151094400000000000e+07
2.151094400000000000e+07
2.151094400000000000e+07
2.151094400000000000e+07
2.151094400000000000e+07
2.151094400000000000e+07
2.151094400000000000e+07
2.151094400000000000e+07
2.151094400000000000e+07
2.151094400000000000e+07
2.151094400000000000e+07
2.151094400000000000e+07
2.151094400000000000e+07
2.151094400000000000e+07
2.151094400000000000e+07
2.151094400000000000e+07
2.151094400000000000e+07
2.151094400000000000e+07
2.151094400000000000e+07
2.151094400000000000e+07
2.151094400000000000e+07
2.151094400000000000e+07
2.151094400000000000e+07
2.151094400000000000e+07
2.151094400000000000e+07
2.151094400000000000e+07
2.151094400000000000e+07
2.151094400000000000e+07
2.151094400000000000e+07
2.151094400000000000e+07
2.151094400000000000e+07
2.151094400000000000e+07
2.151094400000000000e+07
2.151094400000000000e+07
2.151094400000000000e+07
2.151094400000000000e+07
2.151094400000000000e+07
2.151094400000000000e+07
2.151094400000000000e+07
2.151094400000000000e+07
2.151094400000000000e+07
2.151094400000000000e+07
2.151094400000000000e+07
2.151094400000000000e+07
2.151094400000000000e+07
2.151094400000000000e+07
2.151094400000000000e+07
2.151094400000000000e+07
2.151094400000000000e+07
2.151094400000000000e+07
2.151094400000000000e+07
2.151094400000000000e+07
2.151094400000000000e+07
2.151094400000000000e+07
2.151094400000000000e+07
2.151094400000000000e+07
2.151094400000000000e+07
2.151094400000000000e+07
2.151094400000000000e+07
2.151094400000000000e+07
2.151094400000000000e+07
2.151094400000000000e+07
2.151094400000000000e+07
2.151094400000000000e+07
2.151094400000000000e+07
2.151094400000000000e+07
2.151094400000000000e+07
2.151094400000000000e+07
2.151094400000000000e+07
2.151094400000000000e+07
2.151094400000000000e+07
2.151094400000000000e+07
2.151094400000000000e+07
2.151094400000000000e+07
2.151094400000000000e+07
2.151094400000000000e+07
2.151094400000000000e+07
2.151094400000000000e+07
2.151190000000000000e+07
2.156513200000000000e+07
2.162362000000000000e+07
2.167792800000000000e+07
2.171027200000000000e+07
2.173935200000000000e+07
2.175726800000000000e+07
2.177204400000000000e+07
2.179018800000000000e+07
2.180588800000000000e+07
2.182134000000000000e+07
2.182845200000000000e+07
2.192514400000000000e+07
2.192514400000000000e+07
2.195870800000000000e+07
2.208500800000000000e+07
2.208622400000000000e+07
2.208910000000000000e+07
2.210596800000000000e+07
2.210656000000000000e+07
2.210765200000000000e+07
2.212366800000000000e+07
2.212601600000000000e+07
2.212613600000000000e+07
2.213070000000000000e+07
2.213118400000000000e+07
2.213145200000000000e+07
2.213157600000000000e+07
2.213172400000000000e+07
2.213187600000000000e+07
2.213200000000000000e+07
2.213212400000000000e+07
2.213224400000000000e+07
2.213237600000000000e+07
2.213275200000000000e+07
2.213332000000000000e+07
2.213444400000000000e+07
2.213456800000000000e+07
2.213469200000000000e+07
2.213481200000000000e+07
2.213495200000000000e+07
2.213552000000000000e+07
2.213682400000000000e+07
2.213700800000000000e+07
2.213713200000000000e+07
2.213727600000000000e+07
2.213740000000000000e+07
2.213740000000000000e+07
2.213740000000000000e+07
2.213740000000000000e+07
2.213740000000000000e+07
2.213740000000000000e+07
2.213740000000000000e+07
2.213740000000000000e+07
2.213740000000000000e+07
2.213740000000000000e+07
2.213740000000000000e+07
2.213740000000000000e+07
2.213740000000000000e+07
2.213740000000000000e+07
2.213740000000000000e+07
2.213740000000000000e+07
2.213740000000000000e+07
2.213740000000000000e+07
2.213740000000000000e+07
2.213740000000000000e+07
2.213740000000000000e+07
2.213740000000000000e+07
2.213740000000000000e+07
2.213740000000000000e+07
2.213740000000000000e+07
2.213740000000000000e+07
2.213740000000000000e+07
2.213740000000000000e+07
2.213740000000000000e+07
2.213740000000000000e+07
2.213740000000000000e+07
2.213740000000000000e+07
2.213740000000000000e+07
2.213740000000000000e+07
2.213740000000000000e+07
2.213740000000000000e+07
2.213740000000000000e+07
2.213740000000000000e+07
2.213740000000000000e+07
2.213740000000000000e+07
2.213740000000000000e+07
2.213740000000000000e+07
2.213740000000000000e+07
2.213740000000000000e+07
2.213740000000000000e+07
2.213740000000000000e+07
2.213740000000000000e+07
2.213740000000000000e+07
2.213740000000000000e+07
2.213740000000000000e+07
2.213740000000000000e+07
2.213740000000000000e+07
2.213740000000000000e+07
2.213740000000000000e+07
2.213740000000000000e+07
2.213740000000000000e+07
2.213740000000000000e+07
2.213740000000000000e+07
2.213740000000000000e+07
2.213740000000000000e+07
2.213740000000000000e+07
2.213740000000000000e+07
2.213740000000000000e+07
2.213740000000000000e+07
2.213740000000000000e+07
2.213740000000000000e+07
2.213740000000000000e+07
2.213740000000000000e+07
2.213740000000000000e+07
2.213740000000000000e+07
2.213740000000000000e+07
2.213740000000000000e+07
2.213740000000000000e+07
2.213740000000000000e+07
2.213740000000000000e+07
2.213740000000000000e+07
2.213740000000000000e+07
2.213740000000000000e+07
2.213740000000000000e+07
2.213740000000000000e+07
2.213740000000000000e+07
2.213740000000000000e+07
2.213740000000000000e+07
2.213740000000000000e+07
2.213740000000000000e+07
2.213740000000000000e+07
2.213740000000000000e+07
2.213740000000000000e+07
2.213740000000000000e+07
2.213740000000000000e+07
2.213740000000000000e+07
2.213740000000000000e+07
2.213740000000000000e+07
2.213740000000000000e+07
2.213740000000000000e+07
2.213740000000000000e+07
2.213740000000000000e+07
2.213740000000000000e+07
2.213740000000000000e+07
2.213740000000000000e+07
2.213740000000000000e+07
2.213740000000000000e+07
2.213740000000000000e+07
2.213740000000000000e+07
2.213740000000000000e+07
2.213740000000000000e+07
2.213740000000000000e+07
2.213740000000000000e+07
2.213740000000000000e+07
2.213740000000000000e+07
2.213740000000000000e+07
2.213740000000000000e+07
2.213740000000000000e+07
2.213740000000000000e+07
2.213740000000000000e+07
2.213740000000000000e+07
2.213740000000000000e+07
2.213740000000000000e+07
2.213740000000000000e+07
2.213740000000000000e+07
2.213740000000000000e+07
2.213740000000000000e+07
2.213740000000000000e+07
2.213740000000000000e+07
2.213740000000000000e+07
2.213740000000000000e+07
2.213740000000000000e+07
2.213740000000000000e+07
2.213740000000000000e+07
2.213740000000000000e+07
2.213740000000000000e+07
2.213740000000000000e+07
2.213740000000000000e+07
2.213740000000000000e+07
2.213740000000000000e+07
2.213740000000000000e+07
2.213740000000000000e+07
2.213740000000000000e+07
2.213740000000000000e+07
2.213740000000000000e+07
2.213740000000000000e+07
2.213740000000000000e+07
2.213740000000000000e+07
2.213740000000000000e+07
2.213740000000000000e+07
2.213740000000000000e+07
2.213740000000000000e+07
2.213740000000000000e+07
2.213740000000000000e+07
2.213740000000000000e+07
2.213740000000000000e+07
2.213740000000000000e+07
2.213740000000000000e+07
2.213740000000000000e+07
2.213740000000000000e+07
2.213740000000000000e+07
2.213740000000000000e+07
2.213740000000000000e+07
2.213740000000000000e+07
2.213740000000000000e+07
2.213740000000000000e+07
2.213740000000000000e+07
2.213740000000000000e+07
2.213740000000000000e+07
2.213740000000000000e+07
2.213740000000000000e+07
2.213740000000000000e+07
2.213740000000000000e+07
2.213740000000000000e+07
2.213740000000000000e+07
2.213740000000000000e+07
2.213740000000000000e+07
2.213740000000000000e+07
2.213740000000000000e+07
2.213740000000000000e+07
2.213740000000000000e+07
2.213740000000000000e+07
2.213740000000000000e+07
2.213740000000000000e+07
2.213740000000000000e+07
2.213740000000000000e+07
2.213740000000000000e+07
2.213740000000000000e+07
2.213740000000000000e+07
2.213740000000000000e+07
2.222190800000000000e+07
2.230197600000000000e+07
2.230301200000000000e+07
2.230312800000000000e+07
2.230524400000000000e+07
2.230536000000000000e+07
2.230633600000000000e+07
2.230664400000000000e+07
2.230941600000000000e+07
2.231337600000000000e+07
2.231400000000000000e+07
2.231516800000000000e+07
2.231523600000000000e+07
2.231533200000000000e+07
2.231544800000000000e+07
2.231559200000000000e+07
2.231570800000000000e+07
2.231583600000000000e+07
2.231594800000000000e+07
2.231606400000000000e+07
2.231618800000000000e+07
2.231618800000000000e+07
2.231618800000000000e+07
2.231618800000000000e+07
2.231618800000000000e+07
2.231618800000000000e+07
2.231618800000000000e+07
2.231618800000000000e+07
2.231618800000000000e+07
2.231618800000000000e+07
2.231618800000000000e+07
2.231618800000000000e+07
2.231618800000000000e+07
2.231618800000000000e+07
2.231618800000000000e+07
2.231618800000000000e+07
2.231618800000000000e+07
2.231618800000000000e+07
2.231618800000000000e+07
2.231618800000000000e+07
2.231618800000000000e+07
2.231618800000000000e+07
2.231618800000000000e+07
2.231618800000000000e+07
2.231618800000000000e+07
2.231618800000000000e+07
2.231618800000000000e+07
2.231618800000000000e+07
2.231618800000000000e+07
2.231618800000000000e+07
2.231618800000000000e+07
2.231618800000000000e+07
2.231618800000000000e+07
2.231618800000000000e+07
2.231618800000000000e+07
2.231618800000000000e+07
2.231618800000000000e+07
2.231618800000000000e+07
2.231618800000000000e+07
2.231618800000000000e+07
2.231618800000000000e+07
2.231618800000000000e+07
2.231618800000000000e+07
2.231618800000000000e+07
2.231618800000000000e+07
2.231618800000000000e+07
2.231618800000000000e+07
2.231618800000000000e+07
2.231618800000000000e+07
2.231618800000000000e+07
2.231618800000000000e+07
2.231618800000000000e+07
2.231618800000000000e+07
2.231618800000000000e+07
2.231618800000000000e+07
2.231618800000000000e+07
2.231618800000000000e+07
2.231618800000000000e+07
2.231618800000000000e+07
2.231618800000000000e+07
2.231618800000000000e+07
2.231618800000000000e+07
2.231618800000000000e+07
2.231618800000000000e+07
2.231618800000000000e+07
2.231618800000000000e+07
2.231618800000000000e+07
2.231618800000000000e+07
2.231618800000000000e+07
2.231618800000000000e+07
2.231618800000000000e+07
2.231618800000000000e+07
2.231618800000000000e+07
2.231618800000000000e+07
2.231618800000000000e+07
2.231618800000000000e+07
2.231618800000000000e+07
2.231618800000000000e+07
2.231618800000000000e+07
2.231618800000000000e+07
2.231618800000000000e+07
2.231618800000000000e+07
2.231618800000000000e+07
2.231618800000000000e+07
2.231618800000000000e+07
2.231618800000000000e+07
2.231618800000000000e+07
2.231618800000000000e+07
2.231618800000000000e+07
2.231618800000000000e+07
2.231618800000000000e+07
2.231618800000000000e+07
2.231618800000000000e+07
2.231618800000000000e+07
2.231618800000000000e+07
2.231618800000000000e+07
2.231618800000000000e+07
2.231618800000000000e+07
2.231618800000000000e+07
2.231618800000000000e+07
2.231618800000000000e+07
2.231618800000000000e+07
2.231618800000000000e+07
2.231618800000000000e+07
2.231618800000000000e+07
2.231618800000000000e+07
2.231618800000000000e+07
2.231618800000000000e+07
2.231618800000000000e+07
2.231618800000000000e+07
2.231618800000000000e+07
2.231618800000000000e+07
2.231618800000000000e+07
2.231618800000000000e+07
2.231618800000000000e+07
2.231618800000000000e+07
2.231618800000000000e+07
2.231618800000000000e+07
2.231618800000000000e+07
2.231618800000000000e+07
2.231618800000000000e+07
2.231618800000000000e+07
2.231618800000000000e+07
2.231618800000000000e+07
2.231618800000000000e+07
2.231618800000000000e+07
2.231618800000000000e+07
2.231618800000000000e+07
2.231618800000000000e+07
2.231618800000000000e+07
2.231618800000000000e+07
2.231618800000000000e+07
2.231618800000000000e+07
2.231618800000000000e+07
2.231618800000000000e+07
2.231618800000000000e+07
2.231618800000000000e+07
2.231618800000000000e+07
2.231618800000000000e+07
2.231618800000000000e+07
2.231618800000000000e+07
2.231618800000000000e+07
2.231618800000000000e+07
2.231618800000000000e+07
2.231618800000000000e+07
2.231618800000000000e+07
2.231618800000000000e+07
2.231618800000000000e+07
2.231618800000000000e+07
2.231618800000000000e+07
2.231618800000000000e+07
2.231618800000000000e+07
2.231618800000000000e+07
2.231618800000000000e+07
2.231618800000000000e+07
2.231618800000000000e+07
2.231618800000000000e+07
2.231618800000000000e+07
2.231618800000000000e+07
2.231618800000000000e+07
2.231618800000000000e+07
2.231618800000000000e+07
2.231618800000000000e+07
2.231618800000000000e+07
2.231618800000000000e+07
2.231618800000000000e+07
2.231618800000000000e+07
2.231618800000000000e+07
2.231618800000000000e+07
2.231618800000000000e+07
2.231618800000000000e+07
2.231618800000000000e+07
2.231618800000000000e+07
2.231618800000000000e+07
2.231618800000000000e+07
2.231618800000000000e+07
2.231618800000000000e+07
2.231618800000000000e+07
2.231618800000000000e+07
2.231618800000000000e+07
2.231618800000000000e+07
2.231618800000000000e+07
2.231618800000000000e+07
2.231618800000000000e+07
2.231618800000000000e+07
2.231618800000000000e+07
2.231618800000000000e+07
2.231618800000000000e+07
2.231618800000000000e+07
2.231618800000000000e+07
2.231618800000000000e+07
2.231618800000000000e+07
2.231618800000000000e+07
2.231618800000000000e+07
2.231618800000000000e+07
2.231618800000000000e+07
2.231618800000000000e+07
2.231618800000000000e+07
2.231618800000000000e+07
2.231618800000000000e+07
2.231618800000000000e+07
2.231618800000000000e+07
2.231618800000000000e+07
2.231618800000000000e+07
2.231618800000000000e+07
2.231618800000000000e+07
2.231618800000000000e+07
2.231618800000000000e+07
2.231618800000000000e+07
2.231618800000000000e+07
2.231618800000000000e+07
2.231618800000000000e+07
2.231618800000000000e+07
2.231618800000000000e+07
2.231618800000000000e+07
2.231618800000000000e+07
2.231618800000000000e+07
2.231618800000000000e+07
2.231618800000000000e+07
2.231618800000000000e+07
2.231618800000000000e+07
2.231618800000000000e+07
2.231618800000000000e+07
2.231618800000000000e+07
2.231618800000000000e+07
2.231618800000000000e+07
2.231618800000000000e+07
2.231618800000000000e+07
2.231618800000000000e+07
2.231618800000000000e+07
2.231618800000000000e+07
2.231618800000000000e+07
2.231618800000000000e+07
2.231618800000000000e+07
2.231618800000000000e+07
2.231618800000000000e+07
2.231618800000000000e+07
2.231618800000000000e+07
2.231618800000000000e+07
2.231618800000000000e+07
2.231618800000000000e+07
2.231618800000000000e+07
2.231618800000000000e+07
2.231618800000000000e+07
2.231618800000000000e+07
2.231618800000000000e+07
2.231618800000000000e+07
2.231618800000000000e+07
2.231618800000000000e+07
2.231618800000000000e+07
2.231618800000000000e+07
2.231618800000000000e+07
2.231618800000000000e+07
2.231618800000000000e+07
2.231618800000000000e+07
2.231618800000000000e+07
2.231618800000000000e+07
2.231618800000000000e+07
2.231618800000000000e+07
2.231618800000000000e+07
2.231618800000000000e+07
2.231618800000000000e+07
2.231618800000000000e+07
2.231618800000000000e+07
2.231618800000000000e+07
2.231618800000000000e+07
2.231618800000000000e+07
2.231618800000000000e+07
2.231618800000000000e+07
2.231618800000000000e+07
2.231618800000000000e+07
2.231618800000000000e+07
2.231618800000000000e+07
2.231618800000000000e+07
2.231618800000000000e+07
2.231618800000000000e+07
2.231618800000000000e+07
2.231618800000000000e+07
2.231618800000000000e+07
2.231618800000000000e+07
2.231618800000000000e+07
2.231618800000000000e+07
2.231618800000000000e+07
2.231618800000000000e+07
2.231618800000000000e+07
2.231618800000000000e+07
2.231618800000000000e+07
2.231618800000000000e+07
2.231618800000000000e+07
2.231618800000000000e+07
2.231618800000000000e+07
2.231618800000000000e+07
2.231618800000000000e+07
2.231618800000000000e+07
2.231618800000000000e+07
2.231618800000000000e+07
2.231618800000000000e+07
2.231618800000000000e+07
2.231618800000000000e+07
2.231618800000000000e+07
2.231618800000000000e+07
2.231618800000000000e+07
2.231618800000000000e+07
