1.421145859275092675e+02
1.374900745603025882e+02
1.516320401583330693e+02
1.628671921206421302e+02
1.576531947033568599e+02
1.342724247447871733e+02
1.325697488054491373e+02
1.234749916840235784e+02
1.217426047972004568e+02
1.246391877906113876e+02
1.284235375215287434e+02
1.185703388801852469e+02
1.184894427974115700e+02
1.334834801397564945e+02
9.801661821565215860e+01
1.179328096355778257e+02
7.946116070202748460e+01
9.094842369166890705e+01
1.029510928337338385e+02
7.431343022335475723e+01
1.061102314680342005e+02
7.866258003855375591e+01
6.112523089614583682e+01
4.569699856459924803e+01
4.860433976176697968e+01
4.810861087810030057e+01
4.319864656425934157e+01
6.867493872969552626e+01
3.853855965394299687e+01
5.301571485760148050e+01
5.679252574671100717e+01
3.531283821655071620e+01
2.729947587231831463e+01
1.715378696970594774e+01
2.301636293247219811e+01
2.844420997621474712e+01
3.590965739612158103e+01
2.337342793848009137e+01
2.514978800208746534e+01
3.140131450582303074e+01
3.446265406941630260e+01
1.894921795408941634e+01
1.956082445362624611e+01
1.885521698402430602e+01
2.034752400996767463e+01
1.794134708696374503e+01
1.149009607763580654e+01
1.076441174751239771e+01
1.486062447026055366e+01
1.583915971181752624e+01
1.426050260571168060e+01
1.508069760086261724e+01
2.230024406682602844e+01
1.282677227838793854e+01
1.451210865669166594e+01
1.405566442421410578e+01
1.042814588448084834e+01
1.487258840820816275e+01
1.543703024314551087e+01
1.722455911535018558e+01
3.003366730215351765e+01
1.026013739770577793e+01
9.551386747739794458e+00
1.810580027116545665e+01
1.199624962666098860e+01
1.924236454248179129e+01
1.047210217820464351e+01
2.348814363989398757e+01
1.660021799068295323e+01
1.863185557362523426e+01
1.457763208394248444e+01
1.270086620438598857e+01
3.032511589350801984e+01
1.725205881486355963e+01
1.559648083648177419e+01
1.964980412317168401e+01
1.474138290622143899e+01
3.409186907964200230e+01
1.326182438149726650e+01
1.766792590734557677e+01
1.076266518578437115e+01
2.374109679406024043e+01
1.861119833168753956e+01
2.571816395364618302e+01
1.769772119080495543e+01
1.959753064008929613e+01
9.518313422085503461e+00
1.489174616677825114e+01
1.931423492955030241e+01
1.279050107332448505e+01
9.295525398020219043e+00
2.115151207970741609e+01
2.031461219943627938e+01
3.206143451739536232e+01
9.588206055323897914e+00
9.836749815921999485e+00
1.564310646820623241e+01
2.932535013880835706e+01
1.672702851242103250e+01
6.231974579037236950e+00
8.975320981487392658e+00
1.717952227600349957e+01
7.760926812803389474e+00
1.261928423577619185e+01
1.074341049047394492e+01
1.335460464148613724e+01
1.281971194000715286e+01
1.286932389856535153e+01
1.208205670298366030e+01
8.067780165148995764e+00
1.294193612399118365e+01
1.155100441605749495e+01
8.790052322351190384e+00
8.348132314511483187e+00
1.555519804406364592e+01
2.312886955783051590e+01
1.059256791303772793e+01
8.344742460016639996e+00
1.261652324673583259e+01
1.396960053069872565e+01
5.976683369688380765e+00
1.038524443969585853e+01
1.745705941953945484e+01
7.469456151465468707e+00
9.739069702547428875e+00
6.178680809636620808e+00
1.144371766029535209e+01
6.494359835772089085e+00
5.505785100146507460e+00
5.500789727182573863e+00
5.503310046564761748e+00
1.173371691876740819e+01
1.250943300994246066e+01
1.988924646033760624e+01
1.468374786989355130e+01
6.951519841755041895e+00
6.677068965096260911e+00
5.054725875840754945e+00
7.191089639342291839e+00
7.597302900976529827e+00
1.722410956950189131e+01
3.416992715599327113e+01
7.893682233690702432e+00
7.001711804678008022e+00
1.255944546074021417e+01
7.466573237809101649e+00
8.668905924527852136e+00
1.110836844351319996e+01
9.935516744851133453e+00
6.391369723366936206e+00
1.779544124348070255e+01
4.858429431963439349e+00
8.447414277417193418e+00
1.274398818554670854e+01
5.313900098296562291e+00
3.749843161426872484e+01
6.649063451795762525e+00
1.043900744101430789e+01
1.052250547863181396e+01
9.400543606351419612e+00
1.686481998547141004e+01
8.111000024672319952e+00
9.644901247112324327e+00
1.623691183787747505e+01
8.376884135414970345e+00
1.546905318770086346e+01
1.007801277655078565e+01
1.673980050383281792e+01
1.797767679881994951e+01
7.063220695127818693e+00
4.460501371938148552e+00
1.093476221483960664e+01
1.533613198059036620e+01
1.980689755403775010e+01
9.826321142600193070e+00
6.445567971349876579e+00
1.181412365450618118e+01
6.785585472150649444e+00
2.365921269339576583e+01
1.419448110481802594e+01
4.473974524493149474e+00
5.756909216572661414e+00
1.194809103622472080e+01
2.318753810478142086e+01
3.348832361193319684e+01
6.500978730663824479e+00
1.145672024038709047e+01
1.011001560468754512e+01
6.605059263380182344e+00
8.253456079363708398e+00
1.513688042519029331e+01
6.251385302230759500e+00
7.025463322825668655e+00
9.814368674127939229e+00
7.800427882963647974e+00
5.865353108791378389e+00
4.743607581713062515e+00
5.530197004085163570e+00
5.945341124911548647e+00
1.293021413594727065e+01
5.710558598545430797e+00
1.799769020017000543e+01
1.385263291977258682e+01
1.616116279393959232e+01
1.089439470977669266e+01
2.090968738922195413e+01
2.911270493387976188e+01
1.632481848348661657e+01
1.851245694496251559e+01
1.428908239827953075e+01
2.282582205710873069e+01
8.580274065899482494e+00
7.277270225311469609e+00
1.030893589156560353e+01
7.033393524616905701e+00
1.344631930897025462e+01
3.193727909701638623e+01
1.872505226780261722e+01
1.974973329060096106e+01
4.665360632951291109e+00
4.419021940979388319e+01
1.169686374148739461e+01
9.559432965505317625e+00
8.859471238403251903e+00
1.129474400971596637e+01
1.247757057943781689e+01
5.647647995007642585e+00
7.414626317513527631e+00
7.086222136897732504e+00
1.490546481125642586e+01
1.937323364770416134e+01
1.425109062719405273e+01
5.444902741848908434e+00
3.112729221430568671e+01
1.351407669085607921e+01
2.235037883587263963e+01
1.442324572109775183e+01
1.280079286531575633e+01
1.025222081300169563e+01
9.601139914421054300e+00
8.467683309529396851e+00
1.097326803023747033e+01
1.216234285812083371e+01
1.332264883849847870e+01
2.071042422990646514e+01
1.073841070914502716e+01
1.551149595631064848e+01
7.985226649175222846e+00
2.577770380558299834e+01
7.115090177110945824e+00
1.455170907649097245e+01
7.889453426951549275e+00
7.388572648705538981e+00
4.717917844867856481e+00
1.478228193407801250e+01
5.518759238243855947e+01
5.974310976800238038e+00
9.716088298681340163e+00
1.072628916410964806e+01
1.452517603679905100e+01
1.406078160910481500e+01
1.525687574321649720e+01
1.748335956562508642e+01
1.749205765662781076e+01
5.863605468848877678e+00
6.739233280637833445e+00
3.561955183104867473e+01
6.627541683169327236e+00
2.419889729066997575e+01
1.915595363285390107e+01
5.851380608749052215e+01
1.691959325389420954e+01
1.911369229650762591e+01
1.522731924959894023e+01
1.891889153576628502e+01
8.446657390819286348e+00
9.060973092520994143e+00
9.418271148063947606e+00
8.596160175107474544e+00
2.560372329902369160e+01
2.495834554212900969e+01
1.449854022936425402e+01
6.447585238840622068e+00
1.318650920996260112e+01
1.232479039223145989e+01
7.160566017304738295e+00
7.751047464037730705e+00
8.172799704683638922e+00
7.626214464368270995e+00
8.114071967658802009e+00
1.285029359794104131e+01
1.096257372328255997e+01
7.686905803332512832e+00
1.540215523776434736e+01
5.706272094986559296e+00
1.343628790336140533e+01
7.116771286803328600e+00
1.297796129122595410e+01
9.241035802775138919e+00
7.670262418238126934e+00
1.704712003470235260e+01
2.351860882967363864e+01
2.548767919617986166e+01
6.773374102249482220e+00
1.206115622306428214e+01
2.270219458972544402e+01
6.943829035526873916e+00
8.144789924703051298e+00
1.509266293556141392e+01
6.002757383795055190e+00
8.551170723567913967e+00
8.802977371355886760e+00
5.202822929658588436e+01
7.266806562816867654e+00
2.067654125503952400e+01
1.019766992577097398e+01
1.272843427854551202e+01
1.840324693851555082e+01
1.664696719619678689e+01
8.009642236495645662e+00
9.111703366791187975e+00
1.031758574278959628e+01
1.159998439300037276e+01
3.832557809489932765e+01
2.156878172915588010e+01
9.404485231566461323e+00
5.871780037456679757e+00
2.623268376038889826e+01
1.586006064029368900e+01
5.382915205936381398e+00
6.142715674655239155e+00
1.041598813825946124e+01
9.715213742089668258e+00
1.168679617720702346e+01
1.862948843530170606e+01
2.190382284130106072e+01
7.460131573933806770e+00
1.569190684974386762e+01
6.421766235091057595e+00
1.882279941801465029e+01
8.853927897714788386e+00
6.198610845457865892e+00
1.208230928829562600e+01
7.148611692843853227e+00
9.146227153930150067e+00
1.843079112500816308e+01
3.022592686040182386e+01
1.120480409384270715e+01
9.144579667902203113e+00
6.607962155015645322e+00
8.462409812068640846e+00
1.743282082114907894e+01
1.660027893566629231e+01
1.279910632227688794e+01
1.248114820143691439e+01
1.159927750963189297e+01
9.116361517255022306e+00
9.837713048907785307e+00
1.160795791498945206e+01
5.155011427865620277e+00
4.084289863606856130e+01
1.366150347732769177e+01
2.827397794734098113e+01
1.610638797832891100e+01
1.093115321818027219e+01
7.720084501381660580e+00
2.163655271121472623e+01
2.645898952982297203e+01
2.002527791055163320e+01
6.181581689079573394e+00
2.231617115988403910e+01
2.850344848349119431e+01
1.323891396751571392e+01
1.299961256552095534e+01
7.941210279717953568e+00
1.303434194912385458e+01
3.972354322975007079e+01
2.650582367136255968e+01
9.764216098223426954e+00
1.385314689679815281e+01
1.040111231987886953e+01
4.347927413703829558e+01
6.799060112113844312e+00
7.903075925806505531e+00
2.791927884990735720e+01
1.621095616521630944e+01
2.331223797848953438e+01
1.416153726990855155e+01
9.606909247552628983e+00
8.991771296942751235e+00
1.301098113265499379e+01
2.041311632672354648e+01
2.140798144839532924e+01
7.549770169126811759e+00
1.622178473450253122e+01
2.634091172414306925e+01
2.772617621466743643e+01
2.211966030401543293e+01
1.755612964253849384e+01
1.047443949494410909e+01
7.136633360389404324e+00
2.662267257482780991e+01
2.516533732926397704e+01
1.224692677346742897e+01
1.500540215829493818e+01
1.970397595323677464e+01
1.028012366469969940e+01
4.027945177767981555e+00
3.906467878734923715e+01
1.712614645558762305e+01
6.239815687711968373e+00
2.392712090301057870e+01
9.287507825838899223e+00
1.097046130569789923e+01
6.619087698758844951e+00
3.472364896249376898e+01
2.174357446388206228e+01
7.733003771994253484e+00
1.434087531476787625e+01
1.558125986843278810e+01
6.764897874853250670e+00
5.036420058814077549e+01
2.168646712742243921e+01
1.810145660180723581e+01
8.742544854835559320e+00
3.873235017405389868e+01
1.462475715058277714e+01
1.346633438154091422e+01
2.280299550235979922e+01
6.291499528290812826e+00
1.393628628890241217e+01
2.786835633018345604e+01
6.226550010109178857e+00
9.353648575648183083e+00
1.654422798714462672e+01
1.668672772147771610e+01
2.015427312704508012e+01
2.115335413259797903e+01
1.575474024611714086e+01
2.547717494593461041e+01
6.192077147115809588e+00
2.148072263177483521e+01
1.792635649301431044e+01
6.324279083470345952e+00
2.415992423026031588e+01
2.136851003821344364e+01
2.341294919022167420e+01
1.922015445180220894e+01
2.250372288074845173e+01
3.163602086740366559e+01
3.017273728275076294e+01
3.300058796990403920e+01
6.559109346270629359e+00
9.889773251026285905e+00
2.343943154424133013e+01
1.138311872441471273e+01
1.334087317034672004e+01
7.298718330129731591e+00
1.790753520831447432e+01
7.394608564840654985e+00
6.809299567262233843e+00
3.104651844612085654e+01
8.377074957982392434e+00
1.008687113827552473e+01
8.553785186461594137e+00
2.706375609462881826e+01
2.005265160496173138e+01
5.934080462860089611e+00
2.191811260392175953e+01
1.079281971125386619e+01
1.116911957354164109e+01
1.009547090645370560e+01
1.105376020542060189e+01
5.461306421185566862e+00
2.663202311856971960e+01
3.556795979631859694e+01
2.393864104856658415e+01
2.081685424323561051e+01
9.525494530185362407e+00
3.139664537276700784e+01
1.132176911218444992e+01
1.558381062788264515e+01
1.205790454407756052e+01
1.843981180996382818e+01
2.018358795931080962e+01
1.038079672629695693e+01
3.262391592858714517e+01
1.313504417765542875e+01
4.145109611962527651e+01
3.485136991116788607e+01
1.943387566301781888e+01
2.401730247219431291e+01
1.770510028970972272e+01
2.164070398306755294e+01
9.357757646448293443e+00
3.641535119115629016e+01
1.226566363911104496e+01
3.832794254338336515e+01
1.370699773325900850e+01
7.526324547874195581e+00
1.477652179596034898e+01
1.711038716630185874e+01
7.774191620847207496e+00
8.871497189542498774e+00
1.442613183965160850e+01
2.043440445523585325e+01
3.996857355215611562e+01
2.663400879735712934e+01
3.090864027278881565e+01
7.109984567831388880e+00
5.309387951131259165e+00
7.790260981987458422e+00
9.204897427611239635e+00
6.015636491800460561e+00
2.099967379659653588e+01
1.973617204762598121e+01
7.081613921075676110e+00
2.020935089633101356e+01
4.392660282785817571e+01
8.131592121258561789e+00
1.510894230229191315e+01
9.523127439322227161e+00
8.291066888227486942e+00
7.550437900144072678e+00
1.307447853380559977e+01
1.907790560226044718e+01
2.754590930326508413e+01
1.373110162839541637e+01
1.278165690940770283e+01
3.432342973678819931e+01
3.238566928313558435e+01
8.591714541564556384e+00
1.178415630719297091e+01
2.700775203512682765e+01
2.719854434695947276e+01
7.831864919373479950e+00
1.660067308335219138e+01
1.538672924269393505e+01
3.527397739429379442e+01
2.484876818028584111e+01
1.616457451659379529e+01
2.935201593450560864e+01
8.976589195962064949e+00
1.284695914356658086e+01
1.431550915725770601e+01
2.522817474107587543e+01
6.917461474250045761e+00
2.168873041291437076e+01
2.194393916812335021e+01
5.892704418976013869e+01
4.650287750577604129e+01
2.245073995021179414e+01
1.563594832630540843e+01
1.751043639523119566e+01
2.603596060268765910e+01
1.861579808645173273e+01
1.226285855965356753e+01
8.850633465081976681e+00
1.869005740422723605e+01
9.181244695661119337e+00
9.947838585902610831e+00
2.587936130024298009e+01
8.967988208220836199e+00
2.782494718162615044e+01
1.255573787154541776e+01
8.932166887374339836e+00
9.463259989052334120e+00
3.118013629980330492e+01
1.113852644583614904e+01
1.046836783611280985e+01
6.901445528529542628e+01
9.520704534664186980e+00
1.959746072583232035e+01
1.257359337026785973e+01
2.756934707867488754e+01
6.519393070593835660e+00
3.782944931722838788e+01
9.374420365893886498e+00
1.290044600670673347e+01
2.513129956543901145e+01
2.013464995266251023e+01
1.270371870335372755e+01
1.362829773867556327e+01
1.220001933233603175e+01
4.230941399015436843e+01
3.286547522791245513e+01
2.373322914755562962e+01
2.970097053951120358e+01
1.088077734338509117e+01
1.118238220053134491e+01
7.450318760819619968e+00
4.810184222253828068e+01
7.821825883548237712e+00
1.119008196471224359e+01
2.705576985814249369e+01
3.301270438112063488e+01
3.029490886388798998e+01
2.211973877975941960e+01
2.718630489689081386e+01
3.895140176995771242e+01
8.125725696296239420e+00
2.208626073779237586e+01
1.375155651986244187e+01
1.144198203158821414e+01
6.111657717194544404e+01
1.159873177736884742e+01
1.504956915104851767e+01
1.959388416561366597e+01
1.960897521983055114e+01
4.700608566175622371e+01
8.835639234886665250e+00
2.003259230479133635e+01
1.376223020909982431e+01
5.383764970669858485e+01
1.185611769560754247e+01
3.075020441292289775e+01
1.135246886041374204e+01
1.086153664291633625e+01
1.004149938537336162e+01
5.058769544663380202e+01
4.603729902396143814e+01
2.271346224765382615e+01
3.221362423507600425e+01
2.078502314718060973e+01
1.236235024925899317e+01
4.441769683024004678e+01
4.177052250227498575e+01
3.686563278029289847e+01
2.320988929919281674e+01
5.295533338603683404e+01
4.457560830238085714e+01
2.826394050395586888e+01
2.536775932229646457e+01
2.344289889640233682e+01
3.144860571115903625e+01
6.208447333243356958e+00
1.175171794258055336e+01
2.834097638189512125e+01
1.722762597075603352e+01
4.131854858955335175e+01
1.020490861432841356e+01
2.504667393508207951e+01
4.436492733391629173e+01
9.773773267445143631e+00
1.396578601922099949e+01
2.693170353329054478e+01
1.299985104321013907e+01
1.141185088633032763e+01
5.405244420164082442e+01
3.699646442948071723e+01
2.505313632438960170e+01
1.829425315421102383e+01
6.261007285579616166e+01
9.680680723193891168e+00
8.643834038957756150e+00
2.922396240173019777e+01
2.767039561996588048e+01
4.267280770357367459e+01
1.059142636782635627e+01
1.291292822065174484e+01
1.781305876368615770e+01
1.211324557640049981e+01
1.398493021460604524e+01
2.538935240518745218e+01
3.175531619786370996e+01
1.054561513131008255e+01
1.286607715553098785e+01
3.255827002810305970e+01
2.259206002554978454e+01
2.254879287214587436e+01
1.018338456581694373e+01
2.377972402651795392e+01
1.074798412493850286e+01
7.421972099324478656e+00
1.231818587702894696e+01
1.304118308212290955e+01
2.061849213754923937e+01
1.323678346748168799e+01
7.812944804857172798e+00
1.226986778759384933e+01
1.268364855275027203e+01
1.632175567283209361e+01
1.720984509889644443e+01
3.062811499059775500e+01
7.977157700818004571e+00
5.210623031765145186e+01
3.286658807370486102e+01
1.770080344128144390e+01
1.600644536291558140e+01
2.136747023986718119e+01
2.022510115319620638e+01
1.287107057773993724e+01
8.823401397224181153e+00
1.021754780324189049e+01
2.086106507386594799e+01
1.927519458453977208e+01
1.578427334544032767e+01
7.887071097627427640e+00
7.333797806980546063e+00
9.646955175005851757e+00
7.203889604931975832e+00
4.542992498810435364e+01
5.601268509735525924e+01
2.527063750492281713e+01
2.912337980957229533e+01
1.603873605970124316e+01
7.184881676803567707e+00
3.208688477594389354e+01
5.236660398198985433e+01
1.881583709372667812e+01
2.112922381979091924e+01
1.192311603143786236e+01
1.682104591870863075e+01
1.104054963554457736e+01
2.158248183141668619e+01
1.514975824754401756e+01
2.583049177623620096e+01
2.247340186434592013e+01
1.985755156335804372e+01
1.641866606332926892e+01
1.205755754674566660e+01
2.887767291077146581e+01
2.115145330797109935e+01
4.389618759862457864e+01
1.622740563309707440e+01
8.531628618434622169e+00
7.112142888099488580e+00
1.172342341173977687e+01
1.452622793939965895e+01
7.387225191752859743e+00
7.689427341842026919e+00
1.520832705436464138e+01
5.102255154508297252e+00
3.430081639146185069e+01
8.397243267515593246e+00
9.543015146071066823e+00
1.785367113191162503e+01
1.216591393242909014e+01
6.639867198403273996e+00
4.174304001335471526e+01
1.123945354728911106e+01
5.911472884853915311e+00
1.668826080356107155e+01
4.231520188209803024e+01
7.362768763389944127e+01
3.403708813446135650e+01
2.147332906363475402e+01
7.952664346894616543e+00
6.375264636963480669e+00
3.888117292295287086e+01
3.465296111251499411e+01
1.752179434107024392e+01
1.130155343310008398e+01
2.200828881727068520e+01
1.892744421703302748e+01
1.255274258865484960e+01
1.957612753306295872e+01
2.804688108974564642e+01
3.684278803571222483e+01
5.596741963947445164e+00
3.259928879192251827e+01
3.191630068620689187e+01
7.984756470140044193e+00
7.111415610399736131e+00
2.909559511207937632e+01
4.377040035478744073e+01
1.459247674235811054e+01
8.690914734532565689e+00
3.422068447897770227e+01
6.375435719452991812e+00
4.290053088316342667e+01
1.378684026425272968e+01
2.037299386928659573e+01
7.200710723779480738e+00
3.352841086449281960e+01
4.778572008743574884e+01
1.345910825367478658e+01
3.370162976505520191e+01
2.024852887167710591e+01
1.552214756991854117e+01
1.970915680238240597e+01
1.525625879240002902e+01
2.494179403891853752e+01
1.373338716948005178e+01
2.623803375549971051e+01
2.623152909707132707e+01
6.668574710002836525e+00
6.553559778400407154e+00
1.828453118260728516e+01
1.745611418551293426e+01
3.183354901816017346e+01
3.894963398588666337e+01
1.004421945132884808e+01
1.051644286842029707e+01
1.247874573021509725e+01
1.814983297918621474e+01
2.900416533682978582e+01
7.958449251003657743e+00
1.569634596621024514e+01
1.034238362485420559e+01
2.088847614058934354e+01
1.760023376033237952e+01
3.739886996118841012e+01
3.088324049636749891e+01
4.810137235274960688e+01
7.873880973045295661e+00
2.821638630998114650e+01
1.198011336037070862e+01
2.332577444231332109e+01
4.118546131633086560e+01
1.183004733132882969e+01
1.285706482691738728e+01
1.855330286365099823e+01
1.710260290918086312e+01
2.921568463723992792e+01
4.526256597655866187e+01
7.872922383875217811e+00
1.765259694929084944e+01
1.623610715343729538e+01
2.813922493020949389e+01
1.967776575126316985e+01
1.910669520527411436e+01
3.883897446351770810e+01
2.359346442123156606e+01
4.955538514418007168e+01
2.526454853186987037e+01
1.961055464907841639e+01
9.823677897859106167e+00
7.913729684699216449e+00
1.369096407006093585e+01
9.184683291671690952e+00
4.301483757118054285e+01
1.664227998390999730e+01
3.279395368391366361e+01
1.149067432921573939e+01
2.162443580031902712e+01
9.821258739885116995e+00
6.612098430098211743e+00
3.955398068636097264e+01
3.358661142987922688e+01
1.335012238857084910e+01
8.618478783494314399e+00
2.909653563252801334e+01
7.900597365895658086e+00
1.334623927455675663e+01
9.831461990760907099e+00
3.810891790010743563e+01
7.433163824941869002e+00
3.013060769441810649e+01
1.452014835525023173e+01
3.112277196094313680e+01
3.096180634919026886e+01
2.993500384376162415e+01
4.017365037781410564e+01
6.549785992713718308e+00
1.898920122532691934e+01
1.329074832497604852e+01
1.093535835272776602e+01
1.567774273695836662e+01
3.475677740479780198e+01
8.158233512033701729e+00
8.661701468560810468e+00
2.155191862010440218e+01
9.752704351639316371e+00
9.618646090974088736e+00
4.431751849949115751e+01
1.210302661249013489e+01
2.578542063025340880e+01
4.474673011082978746e+01
1.769219895494088490e+01
4.604836220247600664e+01
2.160862991805199584e+01
1.661037830436631069e+01
6.078456275330528769e+01
1.331063053046279521e+01
8.574975422989719931e+00
2.091773737443868697e+01
4.216649133957096041e+01
2.037802915052691688e+01
2.955270034225332054e+01
2.170207408716914799e+01
4.075110649831945153e+01
1.440803437835391776e+01
4.229318132006705611e+01
6.982120033017795713e+00
1.601172420702967258e+01
3.857239526368358185e+01
3.056337447040801081e+01
1.223901018069491542e+01
2.062688677503944490e+01
9.757547277106477068e+00
1.192893292214837864e+01
1.529320371322564220e+01
2.939933345488654126e+01
7.775033829099898597e+00
1.944803414802732178e+01
3.107828180941380225e+01
2.735575565590838565e+01
3.574243968414248229e+01
4.044608070221412532e+01
4.744954487070494054e+01
1.002547496858334775e+01
9.935943619671036231e+00
4.030343683888689554e+01
2.021049919454825172e+01
2.388192779834093926e+01
3.271223637022017527e+01
6.321884523417372748e+01
2.157726428557028697e+01
3.271679731600198693e+01
1.472683515370878382e+01
1.018870089937886370e+01
2.163606598591514185e+01
1.900975097177260409e+01
6.316540062198873429e+00
1.538386833862520753e+01
2.370794291952264743e+01
3.556394736216818586e+01
2.796144333434234142e+01
1.677101979372120510e+01
3.134673603403263442e+01
4.168559983956802739e+01
4.189994692998758552e+01
1.439475027018919207e+01
2.547122960313048878e+01
3.674365579545426641e+01
1.692566126094470391e+01
8.387606052813588065e+00
2.988568769744659903e+01
1.194422069857399826e+01
1.116730251691919129e+01
3.755818443090745973e+01
3.430312022880876555e+01
3.874642915623453376e+01
3.221789918683928988e+01
4.127929545379657128e+01
7.252963880343071601e+00
6.017962437931897313e+01
3.172532007281806798e+01
1.375829393811427082e+01
3.847478491951994073e+01
1.918013713369802176e+01
1.140677920411235036e+01
3.734253517598408223e+01
3.939191186013749046e+01
3.191247259730740637e+01
4.836692894642479956e+01
2.815074943179154587e+01
1.392991771470695817e+01
1.545944281294937284e+01
1.447642528643330095e+01
2.801916366849765794e+01
1.283304147057697264e+01
3.752391804052582813e+01
2.805443050357808588e+01
4.816953837820621231e+01
8.712516830116165067e+00
4.037679243852618072e+01
4.535339666214883181e+01
1.141909412363974141e+01
2.446000464230750637e+01
1.443269719773889648e+01
3.473667617082463721e+01
2.733122178706905103e+01
1.026033502214099080e+01
4.288161561777440056e+01
1.474954591236052792e+01
8.731626115721411452e+00
1.202434323397970850e+01
1.486854407124615918e+01
6.587322427761352017e+00
6.585948327283828618e+00
1.409847579674925910e+01
4.630464862772802093e+01
1.133054911613256266e+01
1.851283146552457737e+01
6.218830293014148580e+00
1.201188984338825350e+01
8.116388774329134037e+01
1.285092057102436769e+01
1.259010873645378936e+01
1.286802837742110306e+01
8.238371554604006164e+00
2.322535132730127216e+01
9.299682188063851385e+00
1.100751814224851444e+01
2.101771462208571961e+01
1.436039067935768720e+01
4.995836682599283307e+01
1.779521041913388757e+01
3.038698362493489569e+01
9.395471458446019497e+00
2.990605293608265214e+01
9.478539156058113591e+00
1.807861192735038358e+01
2.572555437613180729e+01
1.169524815450887800e+01
1.923211526046178932e+01
1.190505666971812104e+01
