2.525808234214782511e-01
5.131927299499512013e-02
5.043883299827575661e-02
4.976984024047851479e-02
5.008983731269836537e-02
5.015435099601745633e-02
5.031684970855712646e-02
5.022027707099914473e-02
5.025480055809020824e-02
4.967283320426940652e-02
4.978437852859497054e-02
5.037974429130553933e-02
5.023216199874878246e-02
5.007723283767700345e-02
5.008719038963317660e-02
5.015430784225463623e-02
4.993731975555419644e-02
5.020770788192749357e-02
5.056065154075622264e-02
5.045525050163269382e-02
5.039226460456848466e-02
5.072305154800414717e-02
5.064313483238220420e-02
5.055744433403015076e-02
5.067302727699279918e-02
5.104157590866088834e-02
5.089647984504699907e-02
5.047901630401611245e-02
5.084237504005432312e-02
5.046923184394836587e-02
5.023654890060424982e-02
5.096379232406616361e-02
5.100550270080566467e-02
5.068198919296264954e-02
5.111849570274352994e-02
5.032911300659179826e-02
5.087403559684753468e-02
5.149769544601440208e-02
5.051929092407226457e-02
5.081608390808105280e-02
5.132325315475463889e-02
5.087264561653136868e-02
5.124122333526611589e-02
5.086382865905761386e-02
5.104612135887146018e-02
5.103840088844299044e-02
5.141141319274902116e-02
5.111110520362854154e-02
5.084240365028381420e-02
5.065969371795654014e-02
5.157895708084106468e-02
5.109125590324401639e-02
5.131128406524658458e-02
5.012989711761474398e-02
5.051601195335388150e-02
5.100869178771972462e-02
5.086499428749084728e-02
5.074189710617065668e-02
5.114776062965393361e-02
5.076486778259277355e-02
5.144300699234008456e-02
5.076994037628174139e-02
5.123853421211242709e-02
5.150292706489562750e-02
5.144436335563659646e-02
5.184234023094177329e-02
5.172814369201660101e-02
5.163579607009887579e-02
5.170769166946410922e-02
5.119228100776672397e-02
5.053318905830383317e-02
5.182457518577575362e-02
5.040295195579529153e-02
5.131175518035888811e-02
5.155336952209472329e-02
5.187328481674194358e-02
5.097498154640197482e-02
5.125757360458373796e-02
5.084107708930969000e-02
5.129736852645874062e-02
5.195091176033019703e-02
5.197698855400085388e-02
5.179954004287719987e-02
5.200497817993163935e-02
5.132644963264465510e-02
5.187087202072143688e-02
5.166951203346252519e-02
5.169676923751830716e-02
5.187297534942626742e-02
5.134004831314086664e-02
5.168319463729858371e-02
5.069829225540160855e-02
5.140514922142028903e-02
5.195980215072631969e-02
5.212133121490478832e-02
5.216261839866637856e-02
5.167724585533142040e-02
5.141080713272094815e-02
5.103353357315063704e-02
5.169193816184997764e-02
5.194582653045654030e-02
5.216359543800354326e-02
5.085949707031250239e-02
5.099457478523254650e-02
5.215985608100891235e-02
5.165535497665404985e-02
5.220456933975219788e-02
5.212032032012939298e-02
5.247345757484436074e-02
5.194172501564026101e-02
5.168440604209900008e-02
5.176027178764343317e-02
5.214233541488647733e-02
5.216075420379638616e-02
5.096576476097106762e-02
5.144662666320800465e-02
5.030888509750366250e-02
5.237603735923766768e-02
5.220094156265258495e-02
5.208038711547851446e-02
5.238485550880431912e-02
5.246354627609253057e-02
5.221243047714233670e-02
5.209289813041687034e-02
5.209591531753540034e-02
5.188163423538207780e-02
5.229018306732177712e-02
5.229421448707580883e-02
5.199052524566650374e-02
5.206808900833129888e-02
5.082843422889709445e-02
5.196252202987670932e-02
5.159481835365295477e-02
5.219851088523864979e-02
5.174152469635009965e-02
5.159481501579284840e-02
5.180324959754943615e-02
5.217346024513244696e-02
5.208879399299621432e-02
5.238301587104797485e-02
5.249771690368652127e-02
5.151585388183593794e-02
5.104232645034790378e-02
5.139377117156982561e-02
5.236731266975402921e-02
5.230022335052490062e-02
5.180596852302551264e-02
5.208952283859252796e-02
5.121271061897277738e-02
5.004340791702270586e-02
5.187326550483703502e-02
5.213112545013427745e-02
5.235034513473510454e-02
5.149994897842407465e-02
5.206676054000854148e-02
5.163692426681518871e-02
5.212679600715636880e-02
4.974098777770995933e-02
5.200234627723693964e-02
5.219709610939025912e-02
5.238806867599487410e-02
5.212341570854187034e-02
5.169558382034301902e-02
5.191254734992981068e-02
5.188128924369812128e-02
5.209192681312561218e-02
5.252562594413757308e-02
5.219424271583557318e-02
5.260149145126342962e-02
5.218244671821594544e-02
5.127029824256897073e-02
5.269723272323608571e-02
5.239587450027465704e-02
5.179660582542419678e-02
5.019269180297851463e-02
5.175253963470458768e-02
5.229335832595825156e-02
5.259556603431701782e-02
5.191500449180602716e-02
5.258939027786255216e-02
5.264555549621582203e-02
5.274217939376830977e-02
5.251630210876465088e-02
5.232864880561828580e-02
5.261373353004455272e-02
5.260543251037597817e-02
5.264918637275695784e-02
5.221494030952453930e-02
5.249148702621459633e-02
5.254250884056091420e-02
5.266668510437011452e-02
5.269621586799621421e-02
5.102695131301879933e-02
5.146541738510131830e-02
5.230330538749694558e-02
5.257373905181884910e-02
5.133840346336365074e-02
5.188274574279785195e-02
5.224046659469604170e-02
5.108341217041015292e-02
5.233710813522338828e-02
5.211607933044433427e-02
5.252350425720214711e-02
5.240227031707763578e-02
5.232997703552245972e-02
5.143989467620849881e-02
5.169912505149841520e-02
5.218770742416381503e-02
5.138539195060729675e-02
5.171795392036437899e-02
5.149789261817932368e-02
5.129662489891052141e-02
5.179944682121277039e-02
5.114858508110046303e-02
5.101175737380981429e-02
5.092926740646361999e-02
5.087804412841796797e-02
5.099119448661804110e-02
5.080275988578796670e-02
5.065727090835571433e-02
5.053812599182128801e-02
5.054505372047424228e-02
5.019895291328430043e-02
5.034554123878479115e-02
5.025049710273742781e-02
4.999371147155761558e-02
5.048809671401977700e-02
4.968996191024780545e-02
5.035010123252868508e-02
5.045543694496154585e-02
5.055703282356262263e-02
5.058777046203613570e-02
5.069815158843993946e-02
4.996044850349426469e-02
4.991060137748717929e-02
5.051479578018188560e-02
5.075256085395812855e-02
5.054031014442443570e-02
5.076912045478820801e-02
5.085247635841369518e-02
5.061060500144958646e-02
5.017076468467712713e-02
5.055759096145629600e-02
5.012530398368835599e-02
5.087158942222595043e-02
5.116495752334594693e-02
5.063071727752685436e-02
5.062875723838806269e-02
5.080930209159851413e-02
5.095356464385986106e-02
5.066636943817138389e-02
5.017518568038940169e-02
5.053953576087951566e-02
5.110914850234985624e-02
5.295233631134033114e-02
5.278139328956604065e-02
5.292916750907897955e-02
5.299531984329223372e-02
5.118882608413696106e-02
5.003369927406311340e-02
5.256243324279784995e-02
5.290571856498717945e-02
5.275319552421570135e-02
5.294862818717956804e-02
5.257293009757995489e-02
5.279868674278258983e-02
5.279558920860290272e-02
5.283586573600768804e-02
5.270968890190124573e-02
5.281006669998168646e-02
5.265357565879821844e-02
5.267348599433899214e-02
5.252807378768920704e-02
5.180111932754516424e-02
5.104845809936523621e-02
5.256590747833252142e-02
5.291653418540954307e-02
5.290336322784423839e-02
5.293374609947204545e-02
5.253083252906799033e-02
5.190109062194823986e-02
5.281126809120178373e-02
5.005820608139038147e-02
5.028689408302307318e-02
5.240853571891784801e-02
5.314914560317993142e-02
5.313705277442932334e-02
5.306697893142699879e-02
5.312873935699462952e-02
5.252464079856872248e-02
5.301902127265930437e-02
5.302255892753601069e-02
5.318230032920837069e-02
5.282647633552551431e-02
5.303298091888427462e-02
5.285801410675048523e-02
5.319326710700988947e-02
5.320547747611999168e-02
5.288433694839477645e-02
5.158083868026733243e-02
5.334307718276977417e-02
5.334952545166015553e-02
5.311515951156615956e-02
5.330466842651367110e-02
5.331941127777099776e-02
5.303179335594176980e-02
5.284371471405029108e-02
5.277530097961425498e-02
5.325758671760558866e-02
5.322454166412353416e-02
5.331012701988219887e-02
5.328372311592102090e-02
5.334571409225463690e-02
5.338352894783020275e-02
5.308684539794921581e-02
5.302649450302124312e-02
5.162366461753845059e-02
5.213036680221557612e-02
5.248845601081848083e-02
5.344841432571410811e-02
5.332138609886169500e-02
5.332561135292053500e-02
5.353944277763366538e-02
5.264684367179870567e-02
5.307110905647277610e-02
5.336001086235046126e-02
5.262813544273376581e-02
5.360964608192443637e-02
5.332750678062438826e-02
5.336263298988342535e-02
5.345305442810058261e-02
5.133521437644958385e-02
5.225497627258300637e-02
5.319569015502929876e-02
5.153375697135924999e-02
5.282470774650573769e-02
5.175808978080749523e-02
5.342140269279480047e-02
5.339014077186584467e-02
5.357688426971435325e-02
5.335197973251342568e-02
5.352713370323181064e-02
5.353147387504577498e-02
5.320805406570434243e-02
5.344303679466247403e-02
5.343388414382934520e-02
5.352546954154967923e-02
5.345073366165160877e-02
5.318315386772155817e-02
5.069161152839660872e-02
5.184314513206481762e-02
5.362110304832458374e-02
5.331788372993469249e-02
5.352124667167663247e-02
5.355286145210266108e-02
5.204173588752746688e-02
5.346472525596618341e-02
5.361315464973449851e-02
5.341564369201660251e-02
5.354685115814208918e-02
5.356250834465026839e-02
5.353780698776244851e-02
5.354530048370361589e-02
5.350178956985473383e-02
5.361626076698303156e-02
5.362298488616943498e-02
5.330716657638549794e-02
5.316919088363647461e-02
5.352822184562683328e-02
5.294295239448547352e-02
5.363060998916625854e-02
5.366506719589233393e-02
5.379595637321472196e-02
5.307804226875305342e-02
5.373258495330810597e-02
5.388721323013305475e-02
5.372835206985473316e-02
5.364894127845764443e-02
5.344476222991943054e-02
5.332469487190246576e-02
5.336419749259948414e-02
5.360131025314331110e-02
5.337648320198058738e-02
5.300738668441772744e-02
5.286693024635315263e-02
5.246646356582641835e-02
5.324492907524108753e-02
5.325690770149230785e-02
5.281301760673522833e-02
5.292578458786010437e-02
5.311857342720031905e-02
5.348129129409789906e-02
5.318534135818481223e-02
5.320398521423339716e-02
5.293813657760620267e-02
5.330297422409057545e-02
5.327202367782592901e-02
5.318506336212158042e-02
5.373905611038207880e-02
5.375132083892822377e-02
5.360598421096801625e-02
5.349134349822998180e-02
5.371842837333679066e-02
5.341438722610473977e-02
5.328134250640868819e-02
5.359937453269958407e-02
5.355890297889709384e-02
5.344869446754455661e-02
5.387977886199950966e-02
5.328512239456176941e-02
5.364762568473815940e-02
5.361610555648804038e-02
5.326291370391846025e-02
5.361612105369567560e-02
5.364665818214416765e-02
5.354809594154357616e-02
5.302702403068542542e-02
5.345841741561889460e-02
5.385138297080993564e-02
5.380407619476318404e-02
5.358258199691772611e-02
5.363653826713561668e-02
5.348890352249145719e-02
5.314379215240478543e-02
5.359726047515869091e-02
5.224134850502014371e-02
5.375706791877746249e-02
5.389150142669677651e-02
5.382956814765930270e-02
5.369907641410827381e-02
5.372411751747131065e-02
5.357725715637207120e-02
5.341146183013915916e-02
5.325915598869323392e-02
5.384172916412353210e-02
5.369217514991760087e-02
5.323108291625976846e-02
5.267726707458496305e-02
5.247260928153991977e-02
5.373727011680602683e-02
5.371543836593627858e-02
5.370513772964477517e-02
5.384794020652770852e-02
5.387441635131835771e-02
5.390490078926086365e-02
5.366355085372925132e-02
5.325659108161926586e-02
5.393997693061828441e-02
5.389664745330810525e-02
5.369259524345398188e-02
5.382022118568420554e-02
5.374761199951171714e-02
5.317517471313476518e-02
5.384860253334045749e-02
5.373363208770751825e-02
5.345421671867370272e-02
5.305634808540344444e-02
5.379822421073913313e-02
5.361372828483581404e-02
5.316544866561889737e-02
5.322361207008361600e-02
5.367785334587096835e-02
5.377897906303405473e-02
5.380390524864196722e-02
5.385050082206726402e-02
5.382883739471435586e-02
5.375499200820922641e-02
5.366148400306701427e-02
5.371071410179138056e-02
5.330275678634643216e-02
5.087598514556884721e-02
5.218098521232605175e-02
5.381563258171081360e-02
5.386458325386047491e-02
5.351394224166870078e-02
5.372059154510498008e-02
5.387110424041748058e-02
5.396945166587829856e-02
5.341986918449401905e-02
5.381386780738830339e-02
5.378218483924866039e-02
5.407998967170715016e-02
5.381541657447815041e-02
5.364951634407043313e-02
5.398433065414428439e-02
5.399930882453918279e-02
5.401014995574951461e-02
5.406020569801330694e-02
5.325981616973876620e-02
5.358675980567931957e-02
5.196475672721862643e-02
5.337072920799255243e-02
5.408111381530762013e-02
5.399397611618041853e-02
5.367842674255371427e-02
5.393896627426147256e-02
5.407427740097046215e-02
5.407633566856383939e-02
5.408719587326049627e-02
5.389848566055297635e-02
5.397714781761169672e-02
5.403085994720459306e-02
5.303663039207458241e-02
5.124991345405578713e-02
5.379104208946228205e-02
5.280470561981201461e-02
5.401710438728332675e-02
5.374639272689819142e-02
5.416121006011962585e-02
5.384047293663024591e-02
5.414294981956482150e-02
5.407039856910705877e-02
5.415372991561889782e-02
5.396946501731872403e-02
5.364979171752929515e-02
5.341903352737426697e-02
5.340573024749755565e-02
5.393998956680298024e-02
5.411795711517333740e-02
5.411063933372497331e-02
5.433670663833618103e-02
5.407831192016601674e-02
5.393807911872863792e-02
5.389097666740417375e-02
5.433268380165100220e-02
5.417993593215942455e-02
5.421323919296264920e-02
5.423812723159789767e-02
5.424600172042846891e-02
5.411796164512634039e-02
5.440212917327880843e-02
5.405289769172668540e-02
5.418981003761291770e-02
5.404204392433166471e-02
5.421919274330139205e-02
5.393944287300109913e-02
5.422406125068664207e-02
5.297908639907836920e-02
5.365215969085693204e-02
5.440192842483520391e-02
5.395786643028259444e-02
5.425336694717407260e-02
5.426891303062438693e-02
5.427576684951782027e-02
5.429216885566711531e-02
5.393147444725036876e-02
5.387396097183227289e-02
5.330188941955566612e-02
5.248256802558898954e-02
5.417466306686401223e-02
5.422719502449035306e-02
5.433315396308899259e-02
5.438289475440979265e-02
5.438296580314636031e-02
5.401717495918274131e-02
5.207090735435485757e-02
5.375730752944946067e-02
5.387917852401733626e-02
5.421216201782226574e-02
5.445852136611938760e-02
5.415451836585998685e-02
5.430651450157165244e-02
5.418923473358154552e-02
5.269433045387268005e-02
5.413095664978027216e-02
5.392429089546203758e-02
5.401089859008788990e-02
5.443974637985229265e-02
5.397204327583313144e-02
5.418599486351013267e-02
5.416313195228576738e-02
5.403598308563232339e-02
5.403130435943603177e-02
5.372098684310912947e-02
5.366096949577331410e-02
5.353351354598998718e-02
5.314868235588073725e-02
5.334980440139770741e-02
5.303597092628478671e-02
5.361335039138794001e-02
5.171164464950561701e-02
5.322811436653137468e-02
5.259558081626892340e-02
5.271568274497985540e-02
5.299892497062683172e-02
5.280509972572326738e-02
5.247371220588684104e-02
5.249382352828979581e-02
5.179738974571228283e-02
5.255778717994689930e-02
5.187840461730956754e-02
5.206202459335327465e-02
5.200063300132751198e-02
5.180221199989318986e-02
5.153508973121643383e-02
5.145319795608520319e-02
5.151988911628722911e-02
5.179580688476562167e-02
5.400555729866027971e-02
5.434873795509338051e-02
5.420564103126526007e-02
5.432073974609374911e-02
5.380484509468078796e-02
5.451608872413635232e-02
5.462675380706787098e-02
5.386519646644592069e-02
5.421460819244384999e-02
5.435728216171264310e-02
5.451384186744689941e-02
5.463745927810668979e-02
5.418864703178406100e-02
5.428715300559997653e-02
5.448027276992797874e-02
5.431691169738769864e-02
5.439187002182006847e-02
5.435263729095458907e-02
5.430231904983520708e-02
5.457131552696228155e-02
5.441894078254699840e-02
5.438010215759277177e-02
5.421491026878356989e-02
5.435368227958679160e-02
5.430821418762207115e-02
5.409163022041321017e-02
5.430069541931152599e-02
5.452113533020019193e-02
5.458788681030273676e-02
5.463572478294372731e-02
5.469657444953918146e-02
5.475927948951721247e-02
5.466017842292785617e-02
5.468237543106078957e-02
5.452067065238952459e-02
5.437404942512512329e-02
5.466105031967163214e-02
5.451776218414306624e-02
5.450627374649048146e-02
5.463321542739868475e-02
5.455827879905700978e-02
5.459558987617492420e-02
5.422068238258361678e-02
5.462435507774353327e-02
5.456200885772705123e-02
5.406249094009399347e-02
5.479496049880981656e-02
5.476317739486694092e-02
5.472698712348938316e-02
5.435469913482666310e-02
5.458144736289977789e-02
5.483220529556274286e-02
5.478668570518493985e-02
5.467030024528503340e-02
5.476661992073059149e-02
5.473831796646118353e-02
5.424152708053588817e-02
5.478273582458496188e-02
5.459764766693115529e-02
5.466704845428466825e-02
5.447380304336547907e-02
5.479954957962036161e-02
5.461979579925536898e-02
5.469694328308105646e-02
5.469632196426391785e-02
5.459288024902343717e-02
5.484337639808654907e-02
5.486802244186401306e-02
5.493204879760742176e-02
5.472128462791443076e-02
5.471179771423340110e-02
5.477198004722595021e-02
5.482960963249206704e-02
5.457046985626221036e-02
5.417302155494690269e-02
5.395900297164916981e-02
5.339602398872375644e-02
5.496451783180236750e-02
5.491297674179076993e-02
5.480975508689880232e-02
5.477371525764465621e-02
5.490692949295043757e-02
5.469867038726806963e-02
5.447291684150695756e-02
5.504705286026000816e-02
5.503319597244262645e-02
5.513878035545349138e-02
5.508525109291076416e-02
5.479297947883605968e-02
5.483565545082092624e-02
5.487208676338195534e-02
5.512010121345520264e-02
5.511427831649780285e-02
5.478541231155395486e-02
5.495596623420715560e-02
5.484526467323302956e-02
5.503204607963561867e-02
5.510685944557189991e-02
5.505458068847655928e-02
5.505570435523986922e-02
5.507106137275695479e-02
5.502633142471313743e-02
5.468235397338867126e-02
5.506091713905334611e-02
5.495353674888611012e-02
5.511629748344421681e-02
5.514560103416443065e-02
5.520839738845825101e-02
5.508381175994873230e-02
5.499255609512328918e-02
5.489731049537658475e-02
5.504933762550354159e-02
5.472650289535522378e-02
5.463822102546692094e-02
5.443020224571228083e-02
5.471087217330932589e-02
5.500752663612365478e-02
5.493655443191527987e-02
5.462939000129699713e-02
5.473601174354553178e-02
5.494005680084228238e-02
5.511964440345764465e-02
5.495152282714843572e-02
5.506674599647522206e-02
5.502478194236755382e-02
5.517532134056091220e-02
5.484453654289245944e-02
5.512144494056701871e-02
5.406592154502868480e-02
5.200505518913269010e-02
5.504209542274474815e-02
5.503396558761596696e-02
5.522957849502563299e-02
5.499907350540161194e-02
5.491657423973083513e-02
5.491415643692016541e-02
5.513222932815551453e-02
5.510685706138610668e-02
5.511603713035583690e-02
5.510546350479125777e-02
5.469249987602233659e-02
5.466174697875976485e-02
5.516020798683166776e-02
5.491456818580627702e-02
5.530149555206299167e-02
5.447134590148925565e-02
5.522694754600524641e-02
5.500610494613647483e-02
5.506730818748473838e-02
5.483127760887145791e-02
5.493431401252746316e-02
5.488473486900329740e-02
5.474021029472351391e-02
5.468647003173827958e-02
5.485598039627075095e-02
5.468387842178344671e-02
5.476168751716613964e-02
5.494021964073181330e-02
5.468815112113952631e-02
5.459931349754333640e-02
5.480540728569030517e-02
5.476107168197631714e-02
5.490053224563598566e-02
5.502274703979492115e-02
5.508420801162719482e-02
5.549698066711426098e-02
5.464979863166809226e-02
5.525881266593932889e-02
5.482713794708252153e-02
5.501178836822509521e-02
5.506855154037475913e-02
5.521545839309692505e-02
5.539362835884094338e-02
5.526550078392028498e-02
5.492570877075195201e-02
5.543156123161315646e-02
5.474931740760802940e-02
5.498484063148498246e-02
5.500258708000183017e-02
5.494468021392822504e-02
5.449266910552978682e-02
5.515627789497375144e-02
5.523750948905944980e-02
5.530072665214538774e-02
5.539387750625610063e-02
5.547909355163574419e-02
5.542151927947998324e-02
5.530313301086425826e-02
5.529446101188659896e-02
5.549138522148132358e-02
5.535593724250793130e-02
5.536884570121765325e-02
5.489605116844177568e-02
5.519149708747863453e-02
5.508517360687256031e-02
5.525843524932861489e-02
5.538812971115112532e-02
5.539428281784057606e-02
5.559120368957519431e-02
5.487988615036010903e-02
5.535762858390808061e-02
5.535037589073181497e-02
5.540899133682251204e-02
5.546257805824279796e-02
5.542376494407653953e-02
5.544114375114440885e-02
5.542485189437866555e-02
5.464824795722961204e-02
5.542301034927368114e-02
5.539813041687011858e-02
5.551794791221618952e-02
5.536966252326964988e-02
5.530471229553222956e-02
5.531430220603943126e-02
5.516933465003967529e-02
5.541779685020446766e-02
5.537345719337463668e-02
5.361582660675048850e-02
5.547515225410461215e-02
5.537149834632873469e-02
5.529327678680420050e-02
5.505012011528015448e-02
5.533857178688049439e-02
5.488367128372192288e-02
5.503695893287658542e-02
5.498375773429870633e-02
5.526849174499511713e-02
5.492140078544616860e-02
5.343271231651305908e-02
5.365700984001159357e-02
5.340409111976623241e-02
5.222430396080016829e-02
5.287953782081603743e-02
5.510743522644043213e-02
5.522363209724426292e-02
5.328602409362793307e-02
5.417958569526672152e-02
5.453370571136474665e-02
5.433577346801757996e-02
5.310343456268310641e-02
5.371312618255615068e-02
5.305363512039184409e-02
5.198878169059753529e-02
5.355114912986755349e-02
5.334532546997070024e-02
5.308877873420715654e-02
5.307730937004089683e-02
5.303346610069274714e-02
5.270324969291687034e-02
5.267464399337768582e-02
5.250405430793762124e-02
5.264297842979431125e-02
5.236430788040161155e-02
5.248936128616332741e-02
5.252460050582885565e-02
5.259622931480407992e-02
5.264195275306701727e-02
5.272443509101867876e-02
5.397779607772826976e-02
5.462453961372375211e-02
5.425530362129211276e-02
5.446044397354125877e-02
5.413911914825439431e-02
5.490024662017822105e-02
5.481579971313476490e-02
5.442988562583923190e-02
5.413160228729248236e-02
5.543346405029296597e-02
5.475460267066955405e-02
5.505657505989074857e-02
5.460297274589538674e-02
5.433766031265258728e-02
5.473497772216796842e-02
5.410318470001220653e-02
5.413651299476623241e-02
5.444512057304382036e-02
5.414798355102538874e-02
5.450599002838135004e-02
5.477087330818176253e-02
5.447055149078369046e-02
5.466179251670837125e-02
5.400026035308837929e-02
5.450535154342651262e-02
5.460258603096008329e-02
5.386902332305908148e-02
5.444581127166748385e-02
5.524969983100891380e-02
5.519500374794006348e-02
5.532069873809814659e-02
5.539567303657531860e-02
5.558241057395935103e-02
5.515300726890563776e-02
5.493484783172607189e-02
5.556882238388061862e-02
5.494746589660644276e-02
5.519765520095825523e-02
5.485309243202209778e-02
5.553703141212463362e-02
5.548831558227539096e-02
5.522133994102478016e-02
5.545685553550720043e-02
5.427659225463866977e-02
5.567638826370239352e-02
5.517339873313904103e-02
5.550589418411255166e-02
5.485866260528564353e-02
5.510538959503173684e-02
5.545905876159668013e-02
5.545417809486389432e-02
5.481035470962524608e-02
5.549836635589599360e-02
5.545398116111755621e-02
5.536240339279174805e-02
5.459161281585693526e-02
5.524326348304748474e-02
5.557602739334106118e-02
5.589712643623351990e-02
5.577440834045409995e-02
5.415364170074463135e-02
5.427076888084411688e-02
5.375718355178833036e-02
5.578116512298583740e-02
5.570937395095824918e-02
5.567509675025939658e-02
5.585795402526855247e-02
5.568671393394470509e-02
5.581442427635192882e-02
5.530149579048156822e-02
5.601550364494323891e-02
5.557511496543884183e-02
5.576571488380432234e-02
5.576549029350280628e-02
5.549212169647217002e-02
5.586378026008605863e-02
5.570473527908325478e-02
5.574879956245422374e-02
5.576878857612609791e-02
5.605638790130615390e-02
5.604849648475646734e-02
5.594642162322997769e-02
5.620398616790771296e-02
5.581540656089782615e-02
5.591303658485412276e-02
5.587714147567748868e-02
5.533365750312805448e-02
5.610062885284423928e-02
5.620735168457031278e-02
5.615620231628418169e-02
5.558522224426269698e-02
5.603538584709167464e-02
5.611584949493408220e-02
5.610784173011779813e-02
5.605009865760803012e-02
5.614791560173034574e-02
5.633530616760253767e-02
5.612220001220703108e-02
5.614387965202331798e-02
5.611245369911194159e-02
5.608815908432007030e-02
5.557877373695373213e-02
5.630772328376770081e-02
5.615252757072448919e-02
5.623097681999206232e-02
5.377045130729675437e-02
5.491932249069213928e-02
5.630015277862548961e-02
5.632606077194213939e-02
5.619104886054992337e-02
5.564979004859924028e-02
5.574087023735046359e-02
5.628207325935363770e-02
5.637197947502136514e-02
5.634954333305358665e-02
5.635496902465820385e-02
5.620524191856384605e-02
5.615501880645751981e-02
5.579678487777710305e-02
5.542685723304748707e-02
5.637736558914184515e-02
5.631244158744812267e-02
5.594551801681518777e-02
5.634466862678527699e-02
5.629333043098449368e-02
5.610674405097961642e-02
5.612696576118469255e-02
5.500355911254882491e-02
5.483878588676452392e-02
5.633430457115173179e-02
5.618128204345702870e-02
5.618394446372985962e-02
5.595902633666992310e-02
5.631021022796631192e-02
5.631046509742736877e-02
5.636846685409546004e-02
5.632787942886352539e-02
5.554380083084106690e-02
5.613424205780029319e-02
5.579235100746154918e-02
5.597637438774109159e-02
5.570283937454223455e-02
5.608281183242797702e-02
