1.368190217267394075e+02
1.414572391211818569e+02
1.507698905165265728e+02
1.617885217633823061e+02
1.427218313019213838e+02
1.405494738580406135e+02
1.215697367964753681e+02
1.195934045033906870e+02
1.245542649693874750e+02
1.241502782125941451e+02
1.173450468279971659e+02
1.208538894969077688e+02
1.016210239995566837e+02
9.285629098271517989e+01
9.641503684981715594e+01
8.305905367083119017e+01
8.597328272172114794e+01
6.289631713275733915e+01
7.805937558732748016e+01
6.001382114396047029e+01
5.695644022780342652e+01
5.391264187220672000e+01
4.305991794237089465e+01
3.600746698908418608e+01
3.902540185347869794e+01
4.702273061472799753e+01
3.414226785775537820e+01
2.509010548452087974e+01
2.122569150807228411e+01
2.284364003761472617e+01
2.222653397454219615e+01
2.924062721368897400e+01
1.825882733444134587e+01
2.352586377703931930e+01
2.260307018929486134e+01
2.087498380858233560e+01
2.306357873311127449e+01
2.358210296721664179e+01
2.266179517287256218e+01
1.429317690971202737e+01
1.521376013892737333e+01
3.978761868871195162e+01
1.928061709322534867e+01
2.377972910039510879e+01
1.524100268644397183e+01
1.295419186322538785e+01
1.818184554463874036e+01
1.103010887736912338e+01
1.129607661925359885e+01
1.261173075525239895e+01
9.985232201270809682e+00
1.522291370374015962e+01
1.804223391414041089e+01
1.235716040437721475e+01
1.464552801069493704e+01
1.343031034975354210e+01
8.690930026663211905e+00
2.540884174315163335e+01
2.547497067389560854e+01
1.805686014613515411e+01
2.132668667845047494e+01
2.617703943872851013e+01
1.528399194743680489e+01
9.568473765869685010e+00
1.277665559382545979e+01
1.430811143051295176e+01
1.258267984244539051e+01
1.340421177224049920e+01
1.531101124241059885e+01
1.669373135368643801e+01
2.225860940782446207e+01
2.722514380603547224e+01
1.591517026138434332e+01
1.246011481104121899e+01
1.075433025040874746e+01
1.065256582591754331e+01
1.678830541739231563e+01
9.607120916046698156e+00
2.059570820188110929e+01
1.290603471197741037e+01
1.741067118459785590e+01
1.106727676062727994e+01
1.759459429150168219e+01
2.333476619847168365e+01
6.103218132744309798e+00
1.206725651793703236e+01
1.334034589454262409e+01
1.043187184898958897e+01
1.406878320605187938e+01
1.197112215622548526e+01
1.064710635530973626e+01
1.357270762976988721e+01
1.291252649747911896e+01
7.417224892683007553e+00
1.368413937880363740e+01
1.561660157930732495e+01
1.083760404485772533e+01
1.337712589606509006e+01
1.542168201873375999e+01
8.344061619064390811e+00
1.643500329513144109e+01
1.685475596417779087e+01
1.381660653252020410e+01
3.193274119870726224e+01
1.334538628185657849e+01
1.097926410508314277e+01
1.564965870961512451e+01
1.358750823964161825e+01
1.118771633024458367e+01
5.853378525268061239e+00
1.445360719573263353e+01
1.055486768988474466e+01
8.854115836872809453e+00
1.360155416667154427e+01
1.050372128714320930e+01
1.215635334265650869e+01
1.233106074996949886e+01
2.229127191005322572e+01
7.470367285929335743e+00
1.148019554665301456e+01
1.434821574854883508e+01
7.621855703145524075e+00
1.162331190551079096e+01
9.811318090545755766e+00
1.090517710718507338e+01
1.048632458919899513e+01
1.034095545498615820e+01
7.855592428247347492e+00
6.692868309430805240e+00
6.004244334554408979e+00
2.467434718406305194e+01
4.516352921560742750e+00
6.347659258498378421e+00
6.417119358278645436e+00
6.223030487212640516e+00
6.436272269552833158e+00
1.502895678162495940e+01
1.269904966252836687e+01
1.361975532782542508e+01
1.282289872501312722e+01
1.014740624662218416e+01
6.878865802233139704e+00
1.610622344860294675e+01
1.148190272882142438e+01
3.990126384460130016e+00
1.075373182120761051e+01
8.685589762226763710e+00
5.973205040727679993e+00
1.127987337098512555e+01
7.644052625194222017e+00
6.574058730263343975e+00
1.113078730703425379e+01
7.124068819305549916e+00
6.370473077765780090e+00
7.549858277973294562e+00
1.356643248761799647e+01
7.375576895302677016e+00
5.117068682091560738e+00
7.818271897541263726e+00
7.159104572860064408e+00
5.347361846787837436e+00
7.456239020761925573e+00
6.295600249761454492e+00
6.076318727019826227e+00
9.596764462701122156e+00
8.646602706063308830e+00
1.034372763783522586e+01
6.865527079860137327e+00
3.386124585276411025e+00
1.109938656581294936e+01
6.250286720250039174e+00
1.362753252701275031e+01
1.223825074622772746e+01
6.917656955426311427e+00
1.109126743669340520e+01
1.054157074096524305e+01
6.175876037399556928e+00
6.585125272301068478e+00
5.842406609076295609e+00
9.303574119796827802e+00
5.678434510232153620e+00
7.585776277571040893e+00
1.751445008532055425e+01
1.217037778065715692e+01
1.302824163804996260e+01
5.946269343554838827e+00
7.948630158675915602e+00
7.670943676936695432e+00
5.971665900227193013e+00
7.221055145149757770e+00
1.380331688590317540e+01
1.217296557039324689e+01
3.567615182382190664e+00
5.633720664950451429e+00
8.958072767949030180e+00
4.099568978553021381e+00
7.922811442508919555e+00
8.218825428828766988e+00
4.266099004166523656e+00
4.005203815447090143e+00
7.488997179553698480e+00
1.128589309993859402e+01
1.615005457261765187e+01
4.446987668431233054e+00
5.768838301427917870e+00
8.861538805061844215e+00
4.338455242871302353e+00
5.411434929354187240e+00
6.820591911508555150e+00
1.364971034564826269e+01
5.378968545302700299e+00
1.502459503846492161e+01
6.208371396575510737e+00
1.045025827542399810e+01
5.688882467051489478e+00
4.427460863286431625e+00
6.530999088566955990e+00
1.455450851336195228e+01
8.142584564589245844e+00
7.590453243494665436e+00
4.987418128702665321e+00
8.751684176559734851e+00
4.898611958336954508e+00
1.087560507358938722e+01
1.181618683087717159e+01
8.117483824935117553e+00
6.550307647761718144e+00
1.109028818484802414e+01
6.972518871566615317e+00
8.484186931438429724e+00
5.917368673204705054e+00
8.694030192703641191e+00
9.123238976221202279e+00
5.781219906615929993e+00
3.736653848316802584e+00
1.225497484132419324e+01
6.379971032110077545e+00
7.540885482570063303e+00
6.736431855232919652e+00
6.101993427863061648e+00
5.573982216330112038e+00
3.973590192021711598e+00
1.153323810436321217e+01
7.702862431186161984e+00
4.699855467863120140e+00
8.701936630554310881e+00
8.645820443422122636e+00
6.071842552554429950e+00
4.862722048920725015e+00
6.650792432752565375e+00
1.727311918485398579e+01
5.229186850974696377e+00
9.914968844921462576e+00
1.122963302275508113e+01
2.296645320955210323e+01
6.497146439673779916e+00
4.020270803028928697e+00
4.568296742659972764e+00
8.484730375769029109e+00
8.731561192431291474e+00
4.927423889611637797e+00
1.361026862400359150e+01
1.416022300260953237e+01
5.423864091292189826e+00
6.406161148379691639e+00
7.082830872702940539e+00
5.054580163477745636e+00
1.524044541846088485e+01
6.792098386973750124e+00
4.829653321100614072e+00
8.137821078008098397e+00
1.019558994592669166e+01
1.396089627733262084e+01
3.823278507210278843e+00
5.019896831233388923e+00
1.687170159259914470e+01
1.153360385048702241e+01
3.638571719531665138e+00
4.261929520434706298e+00
4.631127534733148643e+00
1.417455667880161130e+01
9.105969420615984689e+00
4.847957970689728668e+00
1.352331631631974851e+01
1.171475891656214152e+01
1.296281047875532799e+01
1.000525437796823880e+01
7.674757156951722337e+00
4.648309393785651444e+00
6.433143155585987927e+00
5.484168732022387083e+00
9.877933671286401207e+00
5.103876257182323961e+00
6.637525562898788145e+00
1.134475191096447766e+01
7.932427412902871566e+00
7.014342342677371889e+00
8.006412138073654816e+00
3.663610926159745595e+00
4.713396232512136130e+00
4.439626090492049038e+00
7.465876219596838226e+00
4.417923021592807586e+00
8.943572474971858810e+00
1.588941500639416127e+01
6.683833890467149708e+00
5.521552371731433873e+00
4.466656259961386155e+00
5.415038970811867358e+00
6.257324186082735551e+00
9.020533378734524987e+00
5.218648734530251687e+00
5.148713141600757659e+00
8.164875638856717188e+00
1.317795452187728422e+01
5.422335052374371855e+00
7.839676443659075566e+00
1.090577432219003207e+01
5.332538710461686371e+00
7.715189756794991638e+00
6.533886311631823318e+00
9.611131433186134387e+00
7.149949916368251834e+00
5.869437811124520010e+00
6.721706492813020795e+00
4.469802244624001553e+00
4.403501246180923978e+00
5.280983039333006168e+00
7.971911334187645970e+00
1.132419653458075359e+01
3.487829223807757284e+00
6.653988301050317133e+00
1.079467628454784212e+01
5.839303568360330488e+00
6.775285273547882348e+00
3.287705083718557741e+00
8.127749655958865560e+00
6.266014257024094647e+00
6.560273028218796654e+00
6.241814653372917299e+00
5.377520770718677845e+00
4.233402421510482405e+00
8.446934695187991338e+00
7.506228154814395204e+00
5.329964441101857631e+00
7.320039877381594451e+00
8.118677275987799646e+00
5.000194959505480874e+00
3.200760718170069463e+00
8.599717900717973151e+00
5.747785581396167132e+00
6.396425324766224385e+00
3.816285356507854498e+00
4.643985824891905700e+00
6.654178658933727952e+00
8.334501956659773114e+00
4.193739856903183849e+00
7.590702200223932827e+00
5.029985786156479399e+00
8.482559614371805168e+00
4.263856372472734080e+00
4.049377500919066009e+00
5.469736495046518598e+00
7.493472222845247721e+00
1.314121555170087952e+01
1.338230287896238480e+01
3.765559987111366080e+00
7.371746653501908497e+00
5.130566136913911279e+00
1.124704589973057267e+01
7.609570621621350561e+00
1.058299881617912064e+01
4.057174477365635745e+00
6.359400995394808298e+00
7.693098272116527525e+00
4.776185677416803443e+00
1.049215645650732576e+01
4.951251106262180457e+00
7.644831635026783978e+00
5.224957433294084019e+00
4.043766096938868237e+00
4.788244690670722115e+00
8.489821397532587355e+00
5.166410771943219515e+00
6.651353062087955514e+00
9.273228302586883132e+00
4.367833743056885432e+00
5.304199979846864643e+00
9.127982383410774503e+00
3.965795580852487845e+00
7.493845263712340277e+00
5.518215569354005368e+00
5.802552713171871268e+00
6.291939748565520851e+00
4.351037579984851078e+00
6.638725405757953446e+00
5.718452838581374209e+00
4.892406007166696824e+00
9.885639519895313754e+00
6.796845091059360300e+00
6.297600667711527933e+00
6.141178570016504246e+00
4.966421763629399244e+00
7.752230681848330640e+00
5.240036523202778795e+00
7.875012961318279103e+00
5.167147948824002412e+00
1.271122244797306244e+01
4.987598680920236838e+00
7.732169947381269282e+00
5.825885153726845900e+00
5.477108094009244255e+00
1.520617021568390648e+01
4.142941082196732516e+00
4.781819062472316695e+00
3.854768086284329431e+00
5.197818813785461067e+00
6.237514445914730032e+00
5.357116952030437140e+00
6.678420763627231693e+00
5.225044510065474768e+00
7.226053202851661084e+00
6.290117997827715968e+00
1.132500480370758744e+01
8.946056241069587855e+00
6.418559279830699182e+00
4.209484215049293709e+00
4.397963860457544172e+00
4.023692019112838913e+00
5.704832818555876983e+00
9.814519543882976649e+00
7.407448836062213715e+00
5.367846795751231248e+00
9.509641154279115938e+00
3.502925555415827397e+00
1.387982425094577721e+01
5.992321211467219300e+00
7.820068867144867930e+00
9.795805547916687672e+00
6.243640466094408481e+00
4.985442886468368862e+00
3.754448267411386819e+00
4.864499660384825397e+00
1.671827077320700283e+01
7.798543135272129057e+00
6.025791135080674543e+00
8.787176403226604648e+00
1.498979659759295480e+01
1.314961016310983943e+01
9.241826979396346786e+00
8.664125515932310506e+00
8.421693332926915687e+00
1.020534024848533328e+01
3.875347989656916958e+00
1.032035625636112286e+01
8.072029517833151147e+00
5.846520895593946499e+00
4.481740982689230712e+00
8.468122994306867213e+00
5.765986787941441705e+00
7.299091987376092661e+00
8.276718978972313678e+00
2.402863089678402275e+01
6.890434498045209466e+00
6.355161909912087737e+00
9.630231965645648984e+00
1.308791292119822813e+01
6.052649848440041502e+00
1.015964484637670928e+01
9.059732553258683652e+00
9.583151629312208541e+00
5.169505598701057636e+00
1.499886023098039445e+01
7.750263386026753132e+00
1.230732600578557445e+01
4.877408079211093650e+00
1.498428221641397151e+01
7.215765995151105727e+00
1.140142682697241305e+01
3.321983370428487348e+00
6.220207926727417735e+00
1.312507028050446856e+01
5.193178866238685742e+00
5.913771463555121066e+00
8.663291224760664377e+00
8.975141292556802597e+00
4.780880325685104459e+00
2.679426541388709992e+01
4.514823287872469670e+00
4.067249512191707161e+00
6.227510898637469872e+00
7.933325414579192270e+00
6.948105339546677861e+00
5.330572572201114134e+00
7.073997165930122399e+00
7.079490282429211412e+00
8.497523792004921361e+00
7.117228536892264756e+00
9.851990749004968961e+00
6.833259207591956041e+00
9.890094635255463729e+00
1.397496217599977797e+01
8.347382757326021974e+00
5.812104655215996729e+00
5.080344043846379165e+00
1.828369474300485464e+01
7.706151727157406484e+00
8.908946741979487882e+00
2.173317036701923044e+01
9.316033836732671602e+00
7.492705181753517074e+00
1.943144832065351935e+01
6.666056744668454215e+00
4.567890449777396888e+00
5.364328840703057821e+00
5.316650075720570356e+00
1.051733070878219678e+01
8.487007245402978128e+00
1.367292999071084303e+01
2.093869802995271456e+01
6.866991394978833263e+00
9.568341545033451467e+00
8.405831593539017987e+00
4.788047947518847103e+00
6.588350498702953750e+00
1.335771131271994960e+01
5.053826718149284858e+00
7.723157807508662209e+00
1.061829310082781852e+01
9.293626531429953985e+00
7.689836902029482779e+00
1.087093228692011415e+01
5.804531631621202337e+00
8.037219941558864988e+00
5.075504330812754539e+00
5.540655158487195919e+00
1.086602630089167043e+01
1.284306555634720759e+01
9.893449216423125137e+00
6.708000434670736034e+00
7.099611510195408925e+00
4.645011815214601825e+00
8.342298357236574091e+00
1.063201781383236444e+01
2.056644914647113254e+01
5.035761124824422730e+00
4.354957521410927512e+00
6.045016070306379774e+00
1.009859736257815577e+01
7.120228871371707235e+00
9.906977609284213671e+00
7.260855555248692639e+00
9.812047087060804529e+00
6.441993861313453529e+00
1.067693989103649166e+01
1.143581268555077912e+01
1.761329236377672913e+01
6.428823009870232141e+00
8.203612667090425248e+00
7.565719675947415013e+00
8.724134633562805163e+00
8.744749504428879661e+00
9.666280737638176745e+00
4.557165989578733978e+00
1.222950400010886085e+01
1.685738819354715545e+01
6.928593224904012970e+00
9.547498399018513382e+00
5.921766152150881091e+00
8.448304633470691272e+00
1.187652696256151152e+01
1.070390580080558607e+01
1.212338502392898043e+01
6.336665650577449682e+00
6.936969147744567188e+00
1.372357096271846189e+01
9.445428886169036531e+00
7.806715229891900698e+00
1.120779747374850110e+01
1.037658755148905243e+01
9.047989711697573156e+00
1.307713062411288263e+01
2.262109764961861202e+01
1.333312506994750102e+01
1.447676924038141166e+01
9.571591913599814205e+00
2.381223173978462526e+01
6.807881376902964021e+00
1.300431175090833591e+01
1.324351750919655046e+01
9.591532921550594892e+00
1.498501376679703512e+01
9.014940179950345467e+00
6.709345076288102838e+00
6.787980267556749325e+00
7.426221877759390466e+00
3.824709394882360503e+00
9.238140606156088452e+00
1.516485397086514020e+01
7.895531575200241292e+00
6.896416291051788328e+00
1.881309421120284497e+01
4.408359211081365636e+00
8.866787539436259635e+00
5.731930851622713874e+00
2.063113009042826462e+01
1.087729369181658079e+01
5.507589512939904175e+00
9.329155659583422633e+00
9.847405978580468400e+00
8.666447089933960513e+00
1.681988775384994383e+01
9.276087127431770440e+00
5.559904061195456215e+00
6.704525057606159244e+00
8.413545590115420580e+00
9.798164993931690603e+00
6.495674584811374608e+00
6.701261755250454755e+00
7.819885065995934248e+00
7.996303167624483343e+00
5.256777494354998304e+00
8.391983405482690728e+00
1.822552986756304350e+01
7.101722143834625633e+00
7.976287880021737386e+00
8.862391234785432559e+00
6.580449367982231124e+00
6.837085539933588585e+00
4.211205810163834329e+00
9.321205415890657875e+00
1.876722118826401697e+01
1.224071189392003767e+01
1.541791833739864970e+01
8.157636833958795464e+00
1.285569914314531204e+01
4.586174454975967762e+00
2.320277074119210425e+01
1.240405668015327478e+01
1.051201012121639877e+01
1.083543101284563726e+01
6.909529115106164632e+00
8.176652291625705615e+00
1.417071459520770915e+01
5.974979052000685797e+00
1.440856372843110300e+01
9.657376051084742841e+00
1.397848117992605310e+01
6.333481657901828932e+00
1.036071384389390282e+01
6.417608896227802617e+00
8.537071901020828690e+00
5.444298970243043101e+00
6.172223726722346981e+00
1.273116893339575384e+01
1.012588605543403553e+01
7.251513028899807978e+00
1.325806514449610063e+01
4.783940508785493151e+00
5.550401237198872018e+00
6.121489463551923471e+00
5.278401076541425319e+00
5.098793119224944270e+00
2.470829122869353256e+01
1.134585090110090277e+01
6.057135720098813181e+00
8.940557979954627754e+00
1.355367558639681036e+01
1.095284578568169032e+01
8.789697462789543891e+00
1.018899602160074025e+01
4.641619042278196439e+00
4.984719436768673795e+00
1.442964764188172921e+01
4.558143615237145951e+00
1.212908308726847117e+01
1.323752810011883874e+01
7.197606537051587594e+00
4.557095231396962376e+00
7.697885500980090612e+00
4.698816665419201399e+00
6.608892346599819945e+00
6.149108668887798501e+00
7.749590695295339948e+00
1.594803263406810245e+01
1.441527718469847130e+01
5.105686226134650951e+00
9.557060942242006973e+00
2.034887304815316966e+01
5.996632665270515083e+00
9.324786494069700282e+00
7.238906906321481927e+00
5.452363196438583692e+00
7.379346985815418591e+00
1.113811553371234631e+01
9.149862025945324717e+00
7.627044157559716986e+00
7.511989629935311719e+00
4.526602275183443602e+00
1.230494586920553957e+01
1.081051525500513222e+01
1.730640530968404178e+01
7.746408458905515992e+00
8.888053614807928327e+00
7.485800383149480375e+00
1.250999671737284658e+01
7.081564265254335133e+00
1.616595657049173695e+01
1.003980599919625227e+01
2.303514442647851013e+01
1.301541027775563109e+01
1.083879438253949523e+01
2.112543197071737922e+01
4.637027146163585023e+00
5.629923878943810855e+00
5.188578956853616475e+00
3.594847690691818531e+00
8.524771478864320073e+00
7.162096173812859234e+00
6.859126443114015537e+00
1.001367746377603574e+01
1.521283689156697960e+01
1.351214735627045727e+01
7.353255075127806961e+00
1.042012304394105726e+01
6.863590314900469558e+00
1.222563566716856087e+01
4.382744305970994958e+00
1.038929654160240368e+01
8.615654280164182666e+00
6.082642698450515972e+00
4.073718675476741602e+00
1.509127085222523057e+01
9.744393918843881508e+00
8.317116664239232904e+00
4.319827175020113152e+00
9.236934070377095907e+00
8.173243976312798864e+00
1.143242304849485436e+01
1.815353903601712915e+01
1.234195573522863931e+01
7.101675776372453619e+00
9.015205641144717674e+00
1.247066177450449231e+01
1.679522786191138195e+01
1.064192320045860818e+01
1.173750579607235700e+01
9.828881944662017034e+00
1.084818217068638013e+01
7.562267882163347998e+00
7.229910181965733429e+00
8.911872497482677957e+00
1.057722556316897311e+01
9.850521487955338884e+00
1.985957276343874867e+01
7.953861799590994153e+00
1.344960035128834441e+01
9.578160103617129550e+00
1.187044924748038532e+01
4.244813210814943893e+00
6.577845397396755445e+00
1.418343849914904808e+01
1.329769759683031971e+01
1.749879968600442126e+01
8.387026684280199262e+00
6.174979942577216718e+00
1.813573672283976634e+01
7.327098921318672353e+00
2.087800841161843479e+01
5.358633857570132442e+00
1.461140498678814836e+01
1.424343314587916787e+01
5.302166958633187654e+00
9.179568532494476685e+00
8.315816888810122265e+00
1.214784735939371174e+01
1.358858805924983137e+01
1.504985271952779335e+01
7.531305269815113057e+00
1.570165745747939035e+01
1.367104644823959347e+01
9.067739508372230972e+00
4.501602006880323970e+00
1.529499554698822905e+01
1.915898017711247547e+01
1.644333384454020930e+01
1.574876479900213333e+01
8.749128391320526887e+00
9.608552014488775939e+00
1.370454243773039238e+01
1.671296684872356408e+01
1.178985101467826802e+01
7.692447714721775576e+00
1.028263009778046388e+01
1.087589441231651044e+01
7.690315770945467477e+00
9.520807347787005881e+00
1.690373224961859933e+01
5.553668397440800319e+00
7.133983320386377613e+00
1.036766315941621031e+01
1.001627982753896440e+01
6.792501706951543206e+00
1.015560688727269856e+01
6.235100878209695274e+00
8.479433997524692401e+00
1.084025125908190290e+01
9.409496520506538175e+00
8.260596089062739011e+00
1.507225638437223658e+01
9.578074965988809808e+00
1.241619827759477346e+01
7.325059843536319448e+00
5.561337942034524140e+00
8.269718512071611016e+00
5.136426663251921987e+00
2.164243998598380969e+01
8.867074155111936307e+00
5.994803113617483525e+00
1.146730796928943441e+01
1.176189469406281241e+01
1.128545882031556147e+01
1.031941793728614520e+01
7.819896360013941283e+00
9.319684967727905445e+00
6.070462303623005873e+00
4.976113761267179747e+00
2.399585705937057156e+01
5.709439279993199889e+00
9.467799828959867270e+00
8.505596271603319991e+00
8.320053757217545254e+00
4.706642839576407944e+00
7.951190090936936627e+00
5.380659718606515263e+00
6.525222341181851071e+00
5.158223643148932780e+00
7.157821227443385226e+00
6.272497993369352542e+00
1.389299296854424881e+01
7.426631259061278634e+00
7.700123265742104373e+00
1.103363876716061043e+01
1.058797947688819896e+01
5.786704592567342154e+00
6.581708547250685548e+00
9.542994041373267677e+00
7.894958946763803276e+00
1.273792050917238328e+01
1.032281836791494278e+01
1.478090207937770018e+01
5.829054126247452672e+00
7.045513778014520945e+00
4.902592283207953372e+00
2.488572361632268581e+01
5.679996606924071934e+00
6.603332202086320102e+00
8.973203066793443483e+00
1.887007951744664069e+01
8.941369672456524142e+00
1.183182044932041599e+01
1.033841771046234292e+01
1.412391053272799546e+01
5.376399084209609214e+00
8.279588201598532038e+00
8.935568865153804552e+00
5.556685274900234006e+00
7.321366930616459712e+00
9.893379587354994342e+00
4.268070514943016036e+00
7.659851248925077627e+00
5.179591049378635681e+00
1.246583574169157593e+01
1.104025991821732688e+01
9.331159514032162150e+00
1.533723045967198217e+01
1.555844995254662777e+01
4.969064042241694068e+00
8.410705138937096592e+00
1.050702556361090778e+01
6.468221174702453169e+00
1.171189049881858324e+01
6.881701968909846201e+00
4.122235247458942986e+00
4.215924398338118273e+00
3.013399596571121997e+00
8.803725881045464163e+00
5.865384281143052547e+00
5.979287491284003053e+00
7.388320737080304568e+00
1.090769954669229058e+01
1.353971279107711467e+01
1.072020874221345998e+01
5.689432551296693674e+00
5.381425161465074325e+00
1.231050406439927691e+01
6.385787736088427202e+00
7.642945875721319560e+00
1.116048983162838759e+01
2.244687425433383154e+01
5.686696223715190790e+00
8.474994610873187284e+00
8.422657541249646940e+00
7.491544857331497553e+00
1.143343038083571273e+01
1.116264168621405339e+01
1.803581961831126179e+01
1.481857775092489860e+01
5.628716240537166904e+00
1.066738192675000185e+01
7.480485008213671350e+00
1.408841860242863753e+01
6.499186496061700957e+00
7.782292905077992984e+00
1.040530553714206263e+01
7.244257917603515118e+00
1.111422858093152399e+01
7.911453391888727538e+00
1.251144598929922047e+01
7.691434268594690593e+00
8.039943863219047415e+00
7.167723184877494269e+00
1.171739322612819478e+01
1.496847768467575435e+01
7.918622435233639401e+00
1.370087752277599158e+01
1.077511984846274906e+01
4.596964662053508732e+00
5.033495428207191758e+00
7.666849165711208336e+00
8.412097163533388766e+00
3.880563575276200439e+00
7.999545214685446659e+00
1.184556792336527664e+01
8.936083948081757100e+00
6.358942077018740591e+00
1.260844237681920532e+01
5.762535045484948881e+00
1.089802654019396400e+01
6.869827292107015815e+00
5.528766949531705777e+00
6.401677604018594536e+00
5.096569049376439509e+00
8.026686072886814571e+00
5.852413288916817002e+00
9.281195173471445514e+00
4.765885231394580757e+00
7.487982562024249944e+00
6.848800880697311300e+00
7.407235014604746759e+00
1.198535692018548282e+01
5.320099921651658015e+00
9.762551883907397254e+00
7.393137778679796490e+00
5.305306511015691839e+00
6.494075993084240217e+00
1.656538206085401654e+01
7.048314541344342210e+00
1.280819820227158878e+01
6.519295387566620192e+00
6.960671632981904722e+00
6.025578556826070020e+00
5.675710772309551899e+00
3.956510412909988172e+00
2.224113997484555938e+01
6.199090213378957159e+00
1.138379921706973441e+01
1.626930455148193033e+01
7.216902981134846407e+00
2.593521588252017551e+01
1.346740300329346596e+01
1.793592717316721519e+01
5.151471890948174703e+00
1.070004790967991681e+01
1.039543648797705089e+01
9.688185058412926765e+00
2.115474497591706537e+01
8.631239446731010290e+00
5.158927248871326476e+00
1.611268085992774957e+01
1.041052936899969339e+01
1.401348401432138324e+01
1.182327182901221896e+01
9.283723148878577192e+00
4.701207814812881303e+00
6.457697191973835515e+00
8.042532996194934114e+00
8.839149468475492100e+00
8.437690199130743807e+00
1.524094097923421920e+01
8.695909525746190027e+00
8.651730096362873823e+00
1.089656441355620231e+01
9.815021963541498806e+00
1.274630342734972821e+01
1.872559405078875727e+01
7.321663739211816235e+00
9.618821300465231872e+00
6.251454408494063308e+00
