2.609222042560577215e-01
5.892324090003966952e-02
5.754379510879516907e-02
5.691261553764342951e-02
5.707916522026062339e-02
5.700950646400451682e-02
5.725513267517089860e-02
5.724109745025635076e-02
5.719660902023315091e-02
5.732700300216674733e-02
5.715198898315429488e-02
5.702280902862549156e-02
5.692321538925170649e-02
5.722523880004883046e-02
5.719985723495483315e-02
5.669468164443969976e-02
5.706964826583862255e-02
5.702762770652770874e-02
5.696919918060303067e-02
5.741847896575928006e-02
5.709539055824279508e-02
5.726994156837463684e-02
5.731852507591247287e-02
5.727616357803344549e-02
5.750835537910461287e-02
5.788432741165160794e-02
5.758996248245239202e-02
5.775436162948608537e-02
5.795830273628235080e-02
5.799528336524963079e-02
5.772038412094115944e-02
5.752389335632324130e-02
5.744788861274719577e-02
5.798193430900573653e-02
5.785354375839233537e-02
5.778619694709778015e-02
5.707167792320251565e-02
5.707544159889221119e-02
5.726488661766052091e-02
5.704712820053100403e-02
5.756077361106872597e-02
5.735998487472534352e-02
5.745563673973083652e-02
5.710746121406555520e-02
5.694039630889892456e-02
5.703856945037841936e-02
5.684488534927368414e-02
5.687386751174926952e-02
5.664142751693725802e-02
5.676909208297729187e-02
5.660418319702148482e-02
5.608528375625610601e-02
5.640803694725036316e-02
5.646403765678405934e-02
5.777007436752319008e-02
5.846759748458862233e-02
5.867714667320251404e-02
5.863550901412963728e-02
5.846668910980224593e-02
5.849190998077392900e-02
5.852838110923767184e-02
5.859097170829773160e-02
5.810506749153137446e-02
5.898574519157409601e-02
5.866658377647399752e-02
5.856140136718750167e-02
5.885860395431518483e-02
5.909822964668273726e-02
5.864795923233032116e-02
5.846111130714416737e-02
5.841215777397155973e-02
5.878715920448303323e-02
5.769416594505310386e-02
5.860006737709045482e-02
5.900405287742614691e-02
5.885265445709228493e-02
5.832243680953979464e-02
5.909486699104309071e-02
5.903412699699402133e-02
5.913962841033935242e-02
5.852067899703979753e-02
5.869110655784606778e-02
5.885888361930847329e-02
5.925463294982909884e-02
5.942235946655273493e-02
5.999210381507873863e-02
5.956945919990539601e-02
5.877901220321655323e-02
5.894954657554626193e-02
5.902487516403197992e-02
5.857083702087402532e-02
5.816737937927245888e-02
5.890435886383056652e-02
5.869075465202331504e-02
5.884720325469970648e-02
5.883780360221863015e-02
5.883340573310852362e-02
5.851103067398071012e-02
5.853040099143982239e-02
5.936174893379211198e-02
5.882670927047729814e-02
5.925334072113037226e-02
5.876174926757812833e-02
5.881652855873108210e-02
5.914780545234680359e-02
5.956889843940734591e-02
5.917254853248596347e-02
5.920022583007812644e-02
5.917158031463622819e-02
5.927142095565796076e-02
5.910691738128662220e-02
5.929844427108764415e-02
5.880279064178466769e-02
5.829807901382446506e-02
5.959080243110656538e-02
5.936334013938903559e-02
5.943191885948181236e-02
5.941557240486144975e-02
5.904925537109374789e-02
5.885398530960082863e-02
5.967509412765503035e-02
5.942802190780639704e-02
5.916938209533691151e-02
5.857766795158386025e-02
5.902046680450439425e-02
5.937103700637817727e-02
5.883995532989502036e-02
5.836260366439819519e-02
5.802857565879821627e-02
5.933122849464416565e-02
5.900610661506652810e-02
5.701133823394775174e-02
5.812071037292480813e-02
5.938983321189880704e-02
5.994300174713134560e-02
5.951692485809326194e-02
5.913001418113708607e-02
5.887540674209594538e-02
5.807377433776855780e-02
5.896132779121399103e-02
5.830984163284301525e-02
5.894881081581115900e-02
5.964563727378845159e-02
5.992704653739928944e-02
5.948790884017944591e-02
5.927678894996642883e-02
5.903675460815429460e-02
5.998880457878112693e-02
5.960920286178588573e-02
5.979987502098083746e-02
5.985862398147583086e-02
5.987229466438293707e-02
6.008727335929870544e-02
5.884569239616393999e-02
5.719538855552673551e-02
5.954460072517395175e-02
5.862539196014403958e-02
5.954401326179504378e-02
5.843375134468078297e-02
6.000972199440002264e-02
5.979521417617798124e-02
6.032292127609253235e-02
5.951913928985595736e-02
5.993586945533752736e-02
6.016255497932434387e-02
5.883553814888000527e-02
6.005416154861450279e-02
5.955591773986816662e-02
5.978570818901061956e-02
6.040011525154113936e-02
5.958750271797180059e-02
5.946977615356445479e-02
5.950994634628296170e-02
5.934187531471252219e-02
5.930918431282043712e-02
6.010864615440368597e-02
6.008922195434570485e-02
5.980501413345336997e-02
6.018930625915527161e-02
5.977457118034362749e-02
5.980217337608337291e-02
5.993380832672118991e-02
5.796252441406250094e-02
5.988144230842590288e-02
5.993773221969604659e-02
5.929305601119995439e-02
5.957088208198547258e-02
5.976473927497863436e-02
6.004867386817932390e-02
5.855729818344115878e-02
5.967083382606506309e-02
5.964267635345459062e-02
5.878139710426330544e-02
5.962537336349487543e-02
5.989257788658142179e-02
6.069789743423462114e-02
6.059034180641174189e-02
6.003076171874999895e-02
5.987653183937072937e-02
6.042676496505737516e-02
6.060315871238708407e-02
5.979770660400390847e-02
5.961628413200378146e-02
5.911640930175781489e-02
5.892244338989258146e-02
5.887811350822448608e-02
5.826867747306823525e-02
5.804017853736877230e-02
5.871151709556579612e-02
5.749786090850830117e-02
5.809135127067566184e-02
5.788736200332641330e-02
5.798783564567566023e-02
5.882484769821166859e-02
5.835723948478698658e-02
5.858174681663513156e-02
5.840634870529174544e-02
5.822012066841125710e-02
5.905784678459167353e-02
5.855094146728515719e-02
5.830308389663696467e-02
5.847974276542663302e-02
5.846197700500488370e-02
5.829148316383361839e-02
5.764364624023437383e-02
5.840680646896362349e-02
5.862421512603759738e-02
5.805679845809936374e-02
5.921056079864502053e-02
5.901795101165771551e-02
5.933324527740478638e-02
5.956503176689147833e-02
5.888842034339904913e-02
5.891698241233825351e-02
5.978220033645630094e-02
5.934582853317260653e-02
5.915257668495178117e-02
5.909880733489990268e-02
5.910409641265869374e-02
5.963656115531921348e-02
5.852827501296996998e-02
5.871135997772216480e-02
5.909411931037902854e-02
5.897814202308655079e-02
5.969613885879516274e-02
5.941860485076904536e-02
5.911001658439635903e-02
5.953976440429687572e-02
5.928750824928284008e-02
5.863177418708800936e-02
5.885389232635498263e-02
5.885239100456237521e-02
5.946465182304382091e-02
5.925299263000488592e-02
5.956115579605102822e-02
5.934680986404419073e-02
5.945078039169311712e-02
5.933000946044921647e-02
5.966279268264770841e-02
5.915247225761413596e-02
5.985816860198974604e-02
5.870078110694885304e-02
5.866110134124755821e-02
5.951532554626464550e-02
5.978657913208007546e-02
5.923081326484680442e-02
5.975269532203674600e-02
5.965774559974670183e-02
5.897337627410888933e-02
5.946879577636719066e-02
5.978086543083190735e-02
5.941768765449523954e-02
5.997016334533691179e-02
5.955865979194641113e-02
5.863905024528503346e-02
5.945686936378478948e-02
5.943422651290893727e-02
5.957203555107117021e-02
5.935796451568603471e-02
5.681086635589599476e-02
5.817901229858398610e-02
5.899704074859619257e-02
5.794396567344665266e-02
5.820636200904846097e-02
5.955596828460693604e-02
5.905108618736266968e-02
5.937536811828613564e-02
5.939291906356811840e-02
6.001623010635376287e-02
5.919506978988647167e-02
5.950692510604858182e-02
5.925736355781555109e-02
5.934797120094299078e-02
5.909993028640746909e-02
5.947919654846191284e-02
5.996078515052795377e-02
5.812201666831970370e-02
5.804143428802490540e-02
5.982973241806030518e-02
5.935162091255188205e-02
5.861635756492614840e-02
5.897973036766052113e-02
5.951568412780761791e-02
5.960396718978881736e-02
5.972244787216186845e-02
5.933439087867736772e-02
5.954681372642517401e-02
5.950603294372558416e-02
5.938540434837341619e-02
5.888759398460387956e-02
5.965716958045959306e-02
5.965963315963745267e-02
5.935751628875732266e-02
5.961232948303222395e-02
5.944996905326842968e-02
5.970361375808715815e-02
6.014582419395447105e-02
6.047161793708800970e-02
5.961852884292602461e-02
5.970426011085510493e-02
5.935054683685302840e-02
5.821059560775757036e-02
5.894110035896301530e-02
5.914598870277405079e-02
5.807873845100403054e-02
5.936353111267089755e-02
5.925306391716003707e-02
5.924050021171569508e-02
5.887503504753113098e-02
5.870129561424255321e-02
5.896064877510071023e-02
5.929417014122009139e-02
5.912754154205322049e-02
5.886067771911621116e-02
5.878171277046203430e-02
5.866370558738708690e-02
5.826458549499511502e-02
5.819814610481262307e-02
5.882683825492859148e-02
5.818408060073852750e-02
5.947661113739013961e-02
5.913290476799010903e-02
5.858652782440185863e-02
5.911647629737853959e-02
5.910917353630065763e-02
5.939268469810485979e-02
5.886765384674072510e-02
5.916769027709960910e-02
5.848418974876403581e-02
5.882082629203796292e-02
5.825132322311401406e-02
5.878026247024536327e-02
5.873923182487487960e-02
5.869013595581054621e-02
5.887546992301941062e-02
5.850414776802063260e-02
5.839778089523315480e-02
5.883193039894103749e-02
5.889184617996216092e-02
5.857471680641174183e-02
5.906737208366394376e-02
5.859558463096618819e-02
5.877714276313781433e-02
5.947143840789794605e-02
5.862316346168518211e-02
5.870200586318969488e-02
5.854494929313659723e-02
5.695096898078918363e-02
5.765537047386169733e-02
5.970343995094299500e-02
5.937435507774353055e-02
5.968493652343750261e-02
6.019009208679199086e-02
5.950942373275756869e-02
6.016481637954711886e-02
6.029671645164489530e-02
5.994018888473510998e-02
5.964253568649292153e-02
5.898406195640563954e-02
5.835605573654174816e-02
5.952015471458434875e-02
5.944178891181945562e-02
5.974741339683532770e-02
5.954668569564819380e-02
5.975855827331542913e-02
5.968328738212585333e-02
5.954801177978515797e-02
5.950891113281250172e-02
5.964162492752075190e-02
6.024977636337280201e-02
5.960594248771667464e-02
5.978578734397888006e-02
5.963276743888854675e-02
5.933486390113830444e-02
5.971387147903442494e-02
5.981647920608520325e-02
5.802836513519286921e-02
5.912314033508300759e-02
5.952409291267395097e-02
6.042246890068054405e-02
5.859900498390197693e-02
6.063348245620727578e-02
6.049320340156555398e-02
6.006645560264587541e-02
6.069258570671081515e-02
6.034969878196716486e-02
6.007605218887328985e-02
5.989582252502441417e-02
6.045683026313782016e-02
5.961317753791808838e-02
5.982007765769958157e-02
5.966104674339294672e-02
6.024091005325317438e-02
5.974926877021789762e-02
6.017378926277160839e-02
5.997693991661071783e-02
6.091954588890075711e-02
6.013328409194946406e-02
6.016065001487731767e-02
6.025754141807555808e-02
6.018166232109069952e-02
6.061995387077331876e-02
6.114983534812927501e-02
6.054567980766296237e-02
6.009920001029968317e-02
5.999243235588073986e-02
6.045816755294800005e-02
6.011213135719299661e-02
6.045536112785339367e-02
5.993725705146789318e-02
6.057711124420166182e-02
5.992408847808838174e-02
5.875732398033142040e-02
5.979997706413268943e-02
6.014850592613220359e-02
6.053719258308410539e-02
6.054430103302001903e-02
6.001119494438171553e-02
6.005600571632385004e-02
6.076125574111938821e-02
6.071574401855468761e-02
6.014636492729186906e-02
5.971978640556335760e-02
6.066173696517944414e-02
6.017166328430175598e-02
5.786177396774291881e-02
6.053088474273681657e-02
6.053520250320434254e-02
6.035057544708252036e-02
6.053739356994628645e-02
5.996369814872741510e-02
6.017572832107544178e-02
6.009488630294800016e-02
6.004573822021484070e-02
6.042160511016845398e-02
6.062453150749206460e-02
6.006334161758422607e-02
6.028543114662170133e-02
6.011998987197875871e-02
6.071769952774047630e-02
5.952459073066711237e-02
6.008508777618408458e-02
6.015086388587951444e-02
6.051679968833923590e-02
6.035530257225036471e-02
6.016245532035827820e-02
5.984879207611083773e-02
6.004595875740051381e-02
6.049053668975830356e-02
6.036348628997802862e-02
6.081166672706603965e-02
6.043523001670837724e-02
5.976410317420959711e-02
6.077658772468566561e-02
6.018748188018798601e-02
6.109139800071716059e-02
6.029268145561218067e-02
6.000134301185607727e-02
6.019292473793029508e-02
6.071375465393066134e-02
6.050401353836059454e-02
6.009794116020202720e-02
6.007423400878906389e-02
6.009003686904907521e-02
5.904536485671996876e-02
6.037797951698303106e-02
6.055327224731445190e-02
6.065754961967468467e-02
6.094837450981140103e-02
6.046407651901244962e-02
6.018177485466003757e-02
6.033001160621643405e-02
6.037762308120727534e-02
6.028991127014159818e-02
6.039839673042297213e-02
6.031008720397949135e-02
6.045106434822082597e-02
5.997965598106384105e-02
5.978589344024658192e-02
6.044358944892883057e-02
5.935863280296325983e-02
6.051145648956298556e-02
5.952166557312011524e-02
5.960831809043884433e-02
6.007379221916198803e-02
5.951921987533569103e-02
5.974895644187927513e-02
5.838377213478088135e-02
5.977212333679199352e-02
6.002554082870483615e-02
5.983664107322692743e-02
6.023534488677978471e-02
6.108815455436706482e-02
6.014333677291869990e-02
6.035844755172729836e-02
6.019313168525695923e-02
6.040729498863220415e-02
6.067031526565552085e-02
6.028924298286437999e-02
6.010560965538024741e-02
6.015838146209716991e-02
6.070640349388122664e-02
6.060105395317077343e-02
6.023426222801208513e-02
6.004211425781250111e-02
6.002130293846130032e-02
5.977206945419311773e-02
6.003358697891235385e-02
5.953374004364013483e-02
5.885252237319946178e-02
6.052982592582702853e-02
6.097486400604248263e-02
6.009068393707275163e-02
6.072657012939453036e-02
6.086169266700744429e-02
6.068799805641174328e-02
6.065830826759338601e-02
5.992717289924621299e-02
6.089719748497009200e-02
6.100224328041076866e-02
6.070836520195007496e-02
6.051419162750244080e-02
6.036172533035278481e-02
6.089139342308044767e-02
6.050715565681457492e-02
6.091359066963195762e-02
6.128431892395019842e-02
6.037452626228332481e-02
6.113996505737304826e-02
6.055814886093139476e-02
6.046328139305114785e-02
6.116643691062927102e-02
6.094703245162964161e-02
6.078128814697265903e-02
6.079228925704956155e-02
6.145856189727783025e-02
6.155320310592651140e-02
6.083719062805175576e-02
6.137686610221862460e-02
6.112377309799194025e-02
6.143950653076171720e-02
6.139773225784301430e-02
6.137802243232726856e-02
6.083475232124328780e-02
5.967733526229858365e-02
5.788836598396301242e-02
6.066316652297973344e-02
6.087784719467163180e-02
6.048541069030761996e-02
6.042993855476379295e-02
6.078854131698608471e-02
6.043875050544738475e-02
6.065741014480590526e-02
6.054646682739257824e-02
6.076119041442871321e-02
6.072416567802429305e-02
6.162081432342529641e-02
6.100274229049682667e-02
6.120487070083618225e-02
6.067855334281921365e-02
5.921971559524535911e-02
6.012295436859130954e-02
6.129385781288147067e-02
5.979682850837707286e-02
6.111260032653808433e-02
6.065311837196350059e-02
6.093725371360778770e-02
6.058479976654052718e-02
6.055964803695678550e-02
6.048428893089294323e-02
6.038456511497497514e-02
6.054485201835632657e-02
6.068666934967040932e-02
6.079925799369811923e-02
6.092749953269958191e-02
6.037319350242614791e-02
5.938640856742859186e-02
6.091611409187316917e-02
6.179751920700073120e-02
6.100706839561462203e-02
6.121024513244628651e-02
6.099985098838806019e-02
6.110686683654785456e-02
6.070089054107666304e-02
6.088898563385009705e-02
6.097300982475280934e-02
6.087899231910705311e-02
6.096925234794616649e-02
6.090686130523681463e-02
6.086587119102478127e-02
6.069104576110839755e-02
6.033318519592285184e-02
6.127752375602722040e-02
6.049971222877502386e-02
6.018695855140686335e-02
6.099012923240661882e-02
6.017280817031860074e-02
6.022811722755432029e-02
6.051447749137878196e-02
6.032055020332336565e-02
6.010156917572021668e-02
6.053791141510009993e-02
6.011086678504944103e-02
6.007734966278076294e-02
6.024744844436645541e-02
5.990484142303467013e-02
5.993280386924743769e-02
6.171040797233581787e-02
6.075392794609069808e-02
6.166516304016113337e-02
6.087479162216186818e-02
6.112103796005249196e-02
6.104151582717895486e-02
6.108913016319274941e-02
6.024932146072387723e-02
6.040520620346069569e-02
5.983895063400268555e-02
6.058395147323608620e-02
6.040022993087768716e-02
5.981765747070312556e-02
5.969461631774902050e-02
5.911979532241821295e-02
5.976850390434264998e-02
5.945261144638061546e-02
5.943054294586181535e-02
5.943165087699889965e-02
5.939348220825195479e-02
5.925116801261901683e-02
5.923409318923950062e-02
5.915297794342040671e-02
5.918988990783691229e-02
6.003553366661072005e-02
5.845872592926025513e-02
5.872303318977355885e-02
5.980852365493774525e-02
5.967525863647461098e-02
6.116189455986022899e-02
5.962558221817016585e-02
6.149046969413757280e-02
6.130299973487853687e-02
6.126554918289184304e-02
6.112504601478576521e-02
6.013389658927917325e-02
5.907428836822509882e-02
5.923088645935058877e-02
6.134104871749877785e-02
5.983466005325317055e-02
6.144733810424804488e-02
6.152048921585082791e-02
6.114093065261840682e-02
6.170918416976928916e-02
6.162564063072204640e-02
6.107245731353759532e-02
6.092142462730407854e-02
6.147128987312316939e-02
6.129857969284057545e-02
6.131810355186462225e-02
6.089543128013610862e-02
6.094896817207336170e-02
6.106519842147827004e-02
6.098268699645996438e-02
6.076535344123840110e-02
6.121477460861206310e-02
6.088039994239807101e-02
6.178216671943664862e-02
6.150006175041198425e-02
6.160430407524108976e-02
6.180126690864563149e-02
6.124037909507751287e-02
6.124309086799621660e-02
6.178952121734618969e-02
6.141587758064270125e-02
6.116752600669860679e-02
6.135049033164977766e-02
6.188788104057312001e-02
6.129774045944214045e-02
6.237913680076598993e-02
6.108991312980651539e-02
6.122359299659729109e-02
6.122445917129516746e-02
6.127061867713928106e-02
6.131640267372131387e-02
6.126478123664855918e-02
6.237565112113952620e-02
6.127029418945312278e-02
6.118612599372863503e-02
6.156098604202270286e-02
6.185397219657898238e-02
6.203661060333252181e-02
6.204770183563232400e-02
6.180043387413024919e-02
6.113351225852966392e-02
6.131138157844543551e-02
6.230611252784729048e-02
6.152968764305114663e-02
6.179916191101074430e-02
6.115647864341736129e-02
6.193075704574584756e-02
6.145263695716857849e-02
6.160443162918090992e-02
6.121854686737060458e-02
6.050146436691284518e-02
6.217385578155517484e-02
6.195819091796875289e-02
6.158441996574402083e-02
6.199399232864379744e-02
6.155261564254761036e-02
6.088694810867309459e-02
6.144199657440185813e-02
6.179033184051513361e-02
6.170100474357605169e-02
6.171552920341491499e-02
6.150705218315124373e-02
6.192524886131286349e-02
6.166936349868774175e-02
6.174972438812256076e-02
6.202738189697265536e-02
6.159601998329162359e-02
6.176386094093323093e-02
6.245543694496154957e-02
5.992834377288818598e-02
6.174735164642333740e-02
6.140614414215087719e-02
6.145568346977233615e-02
6.144719624519347917e-02
6.213555026054382036e-02
6.159808969497680697e-02
6.100638008117675870e-02
6.171304225921631081e-02
6.156628799438476629e-02
6.178056788444519221e-02
6.142845273017883551e-02
6.128952956199645863e-02
6.152599334716796903e-02
6.166025996208190918e-02
6.187014365196227828e-02
6.147769999504089367e-02
6.143867850303649791e-02
6.179253125190734691e-02
6.186673450469970525e-02
6.167518615722656500e-02
6.194103980064392251e-02
6.225282597541809126e-02
6.181071734428406073e-02
6.166709518432617054e-02
6.170912575721741039e-02
6.024291872978210227e-02
6.102940392494201477e-02
6.148492574691772489e-02
6.182675290107726707e-02
6.208251047134399209e-02
6.182417702674865984e-02
6.145546436309814314e-02
6.211004495620727622e-02
6.145966744422912825e-02
6.069616508483886841e-02
6.062022185325622453e-02
6.230538105964660706e-02
6.211686086654662903e-02
6.187003850936889648e-02
6.224360346794128446e-02
6.238934898376465032e-02
6.157608485221862521e-02
6.162241959571838207e-02
6.082822966575622547e-02
6.072675490379333268e-02
6.079339194297790627e-02
6.090999627113342224e-02
6.094878339767455938e-02
6.094775342941283897e-02
6.087056112289428861e-02
6.076196289062500006e-02
6.162821912765503035e-02
6.103324007987975808e-02
6.118921971321106268e-02
6.093273568153381031e-02
6.110264158248901456e-02
6.146896982192993214e-02
6.197822523117065691e-02
6.209482431411743331e-02
6.218925380706787076e-02
6.183985042572021779e-02
6.110247206687927091e-02
6.170290207862853815e-02
6.179393839836120478e-02
6.193563675880432023e-02
6.225141239166259721e-02
6.143804502487182351e-02
6.183052086830138905e-02
6.224963235855102833e-02
6.143148446083068759e-02
6.189792490005493336e-02
6.198659014701843328e-02
6.031470441818237438e-02
6.205384254455566240e-02
6.212744903564453025e-02
6.179021048545837308e-02
6.177887678146362638e-02
6.193436312675475869e-02
6.235287046432495123e-02
6.235692834854125732e-02
6.211925816535950051e-02
6.222456455230712669e-02
6.182715892791747908e-02
6.197902941703796464e-02
6.165592980384826394e-02
6.165253949165343944e-02
6.154082655906677191e-02
6.223365902900696023e-02
6.143256568908691401e-02
6.172754287719726257e-02
6.239369463920593079e-02
6.255993914604186801e-02
6.234735488891601785e-02
6.201749753952026656e-02
6.164942336082458729e-02
6.193740725517273005e-02
6.234388303756713962e-02
6.205752944946289068e-02
5.976958537101745295e-02
6.109986519813537936e-02
6.176279711723327293e-02
6.168752503395080744e-02
6.162215662002563238e-02
6.161886405944824036e-02
6.225175404548644736e-02
6.225678467750549172e-02
6.166355824470520081e-02
5.951717638969421242e-02
6.231331944465637318e-02
6.216342806816101130e-02
6.214649415016174072e-02
6.177241897583007901e-02
6.226358532905578586e-02
6.245939040184021046e-02
6.215882158279419090e-02
6.217030000686645658e-02
6.238240385055542070e-02
6.246274065971374467e-02
6.190453600883483870e-02
6.253023028373717873e-02
6.227276277542113936e-02
6.276481866836547407e-02
6.175552129745483232e-02
6.245848560333251698e-02
6.236665177345275535e-02
6.228030300140380976e-02
6.201019167900085477e-02
6.203180646896361977e-02
6.180589246749877697e-02
6.176687264442443787e-02
6.184374880790710627e-02
6.185317945480346691e-02
6.175729107856750555e-02
6.047443914413452165e-02
5.971996808052063010e-02
6.152169704437256137e-02
6.248012089729309410e-02
6.193110680580139055e-02
6.186438226699829401e-02
6.195471191406250189e-02
6.170419478416443171e-02
6.170609641075134461e-02
6.195511507987976063e-02
6.200182104110717879e-02
6.250770616531371726e-02
6.225008392333984675e-02
6.197413682937621959e-02
6.245580148696899120e-02
6.197377324104309110e-02
6.251147723197937600e-02
6.229447770118713701e-02
6.224687266349792497e-02
6.204284787178039606e-02
6.178444170951843256e-02
6.175127196311950423e-02
6.244277048110961903e-02
6.196940922737121521e-02
6.213666272163391457e-02
6.192820811271667475e-02
6.046845889091491399e-02
5.928700613975525224e-02
6.116259002685547203e-02
6.087447023391723971e-02
6.137497997283935386e-02
6.110871958732604775e-02
6.084902167320251770e-02
6.052284741401672136e-02
5.992379021644592130e-02
6.012810444831848122e-02
6.016378378868102866e-02
6.059480834007262978e-02
6.005635666847228965e-02
6.012652373313903675e-02
6.155964064598083707e-02
6.180446195602416759e-02
6.126060032844543590e-02
6.147567558288574013e-02
6.145292305946350314e-02
6.085511732101440280e-02
6.115058207511901711e-02
6.180685162544250627e-02
6.119001555442810103e-02
6.089751601219177413e-02
6.162732577323913608e-02
6.137186050415038840e-02
6.176269650459289412e-02
6.065528893470763933e-02
6.126489758491516363e-02
6.102361106872558616e-02
6.142650032043456970e-02
6.141050410270691012e-02
6.183053421974182146e-02
6.141744875907897971e-02
6.097595357894897150e-02
6.103669810295105080e-02
6.144624972343444569e-02
6.144063997268676969e-02
6.117679643630981323e-02
6.152672290802001925e-02
6.049159455299377153e-02
6.149101305007934753e-02
6.274123215675353471e-02
6.235323524475097634e-02
6.250380325317382579e-02
6.300153589248656816e-02
6.230725884437560841e-02
6.210427570343017567e-02
6.260010647773742165e-02
6.221143698692321866e-02
6.185094237327575656e-02
6.194154262542724693e-02
6.213252687454223766e-02
6.270778083801269165e-02
6.239519715309142789e-02
6.178707408905029230e-02
6.076877498626708646e-02
6.255521440505981690e-02
6.248877429962158142e-02
6.239961266517639327e-02
6.229866385459899986e-02
6.231227350234985057e-02
6.198308777809143078e-02
6.271263217926024980e-02
6.095758271217346230e-02
6.211408305168152066e-02
6.254471468925476563e-02
6.171159863471984558e-02
5.970362663269043052e-02
6.013976216316223311e-02
6.324817276000976873e-02
6.250189280509949041e-02
6.223098969459534002e-02
6.191006946563720748e-02
6.166072988510131608e-02
6.275609588623046187e-02
6.301238083839416637e-02
6.283189129829407082e-02
6.271777439117431907e-02
6.250826501846314109e-02
6.287380909919738914e-02
6.237730050086975203e-02
6.285079717636107843e-02
6.279399609565734786e-02
6.253927278518676969e-02
6.278503918647766746e-02
6.293301677703858066e-02
6.262743163108826228e-02
6.239243412017822510e-02
6.270468258857726795e-02
6.250822544097900391e-02
6.202510857582092113e-02
6.258180427551270075e-02
6.260252714157105158e-02
6.339310264587402766e-02
6.238094639778136996e-02
6.298967766761780218e-02
6.310622954368591553e-02
6.317624235153197765e-02
