1.544009141555664542e+02
1.344121830167410110e+02
1.424352166279145990e+02
1.610789503098994828e+02
1.583976992423025933e+02
1.538746518443861078e+02
1.402867376078777113e+02
1.195685344265277479e+02
1.208109273346507422e+02
1.267687603980105422e+02
1.244979381840480812e+02
1.166057606674137617e+02
1.103865475047474973e+02
1.010204693827571418e+02
1.062293587807150601e+02
1.300918265831467693e+02
1.073169007047624177e+02
8.909030512894428000e+01
9.091860958413565186e+01
9.889210939062799355e+01
7.852554477665725585e+01
6.107754053999352095e+01
6.446657572538643421e+01
9.485053281654221280e+01
5.840479816145293768e+01
3.471677682807077048e+01
4.479976731879381191e+01
7.036214470393747433e+01
7.275229573675538575e+01
3.713180196653025433e+01
4.820126265550495503e+01
2.961438815463500163e+01
3.213523908490154213e+01
2.513816140424836476e+01
3.128357281206864471e+01
3.151317419026431565e+01
3.286065641237586732e+01
1.922642941181340959e+01
1.784395048779787274e+01
1.598335323342650582e+01
1.731809101190847500e+01
1.661350980373013897e+01
2.219039449227582139e+01
1.957329923284556017e+01
1.209202161951886012e+01
1.600398445775583056e+01
3.120670710436392881e+01
2.306772137887778484e+01
1.550427995189512487e+01
2.301186012779320933e+01
1.483312189963070793e+01
1.366261144318931997e+01
1.504502212397105687e+01
1.384467829894745883e+01
1.404039515555467865e+01
1.009799670576860642e+01
1.172517330028702887e+01
8.977192322257797841e+00
1.799310021094672862e+01
9.495813060194192801e+00
2.503471404920760790e+01
2.015650898665909452e+01
1.375237291792189254e+01
1.020027148432968289e+01
1.823984365178970535e+01
2.016217384061432227e+01
2.232702062004724297e+01
7.855749533570206999e+00
1.493392363688007407e+01
1.333766410237262257e+01
1.563693538998631638e+01
1.769394254440119951e+01
1.992479401379597093e+01
1.261586779942500058e+01
1.846525386115926182e+01
9.733876472574010563e+00
1.102266462032294214e+01
1.147391424426124473e+01
1.287581620247293834e+01
6.742900053502214774e+00
2.192796542742284416e+01
1.350973053793121537e+01
1.206123940581571397e+01
1.288332908737910820e+01
9.130519148552695086e+00
1.714360958545307767e+01
1.271555899747992235e+01
9.799651144750304965e+00
2.321099222252638938e+01
1.665913842193181793e+01
9.376348490713354522e+00
2.093078537296439734e+01
1.783172660183841529e+01
1.634168267306055000e+01
1.081686298173725902e+01
1.972596962152094235e+01
1.277318604899366150e+01
9.163236705622960443e+00
1.455281983927287293e+01
8.646342116437901737e+00
7.790892916090803588e+00
1.904586243300034809e+01
1.142551525799399670e+01
1.191840423505974478e+01
9.339538008819211257e+00
1.060801691349550424e+01
1.595489212555528269e+01
9.287078361242203428e+00
1.880959403256078488e+01
1.129369318881285622e+01
1.386670630361244960e+01
9.003242530498672735e+00
1.128029232793687342e+01
1.598527546650232800e+01
1.296187605101575002e+01
8.475444806817888477e+00
1.336563033235815823e+01
7.094116398491237874e+00
1.075594866641875846e+01
1.434863535124334710e+01
1.648984731552866023e+01
2.482603832119627185e+01
1.258941385903361088e+01
1.886818546455459611e+01
9.194050299313603958e+00
1.186363549415810681e+01
6.497357849241893746e+00
9.323833338761286171e+00
7.232372168711067140e+00
1.184705701592299221e+01
2.577025648530660717e+01
2.070024866452164147e+01
6.774012783999105558e+00
1.476557218609593747e+01
1.144273434235708109e+01
1.647093713758959410e+01
1.404904754622597984e+01
6.067491492073025405e+00
8.995033509453962850e+00
9.351355536513658251e+00
1.315238129375423348e+01
8.957661217428547928e+00
1.278670813549618934e+01
9.775088045140261528e+00
9.777103476534769300e+00
1.389077002168906638e+01
1.781432704294914515e+01
8.453477158856733453e+00
1.359084006233877773e+01
8.621407462489141693e+00
6.070865001254161619e+00
7.268892973609274222e+00
8.806788246934855735e+00
1.603944167224320694e+01
9.439549968634766586e+00
4.788033081348753051e+00
7.442138330721197903e+00
9.624819123740518734e+00
7.179441358551387431e+00
9.711239611788398562e+00
1.223297817255889619e+01
7.940472722286449070e+00
1.621101558376014395e+01
9.223196989543742674e+00
4.908774644917013319e+00
5.997966604382552802e+00
9.312446463767717120e+00
1.073035467819701338e+01
7.353355275144581427e+00
5.897322751453322631e+00
6.668445519643681152e+00
9.802414362390525326e+00
4.965150842434253420e+00
8.989660397487579502e+00
1.168357433585274663e+01
1.107882320896038308e+01
1.801576226639933864e+01
1.684830964974507950e+01
8.381089395456852387e+00
1.066200277203886237e+01
4.572679893367880055e+00
4.144766652560811337e+00
9.369723000840240346e+00
1.269944310830237910e+01
7.875121293234620623e+00
8.164525560528058890e+00
1.406423578190991464e+01
6.277258690083369785e+00
5.412987016962992115e+00
1.478488416128405625e+01
9.757718539218634746e+00
7.142339631746639661e+00
6.178141738149245832e+00
7.589362456494456843e+00
8.265454454800760686e+00
1.332604159019327206e+01
1.033206523272648880e+01
6.641558510115193492e+00
5.410621004555389746e+00
9.490423567675124517e+00
5.890459395753318894e+00
6.541288359926573648e+00
6.587650475996076338e+00
1.217386563243362829e+01
5.882455969347798685e+00
4.667157530140801924e+00
7.116560742784438176e+00
6.600932271663046080e+00
1.261909442822777905e+01
4.430415602547929765e+00
8.676135937883872273e+00
6.532558525534062355e+00
6.003324482146374486e+00
5.126276538323438992e+00
8.458740866386129653e+00
5.712457619744036208e+00
7.050053227262663036e+00
9.003391840651874034e+00
6.561227261886097395e+00
5.437187933390992711e+00
8.910087707328482765e+00
4.708609125414105812e+00
7.664745701049315407e+00
6.307499467476649357e+00
6.345970167978451926e+00
9.465969116530251526e+00
5.222489386756024032e+00
6.184787739481246938e+00
1.155957067964947527e+01
3.791715138421166476e+00
1.155697429190350434e+01
5.553731615599177829e+00
6.029249215883454305e+00
7.607274774478296031e+00
6.530019186608004844e+00
2.906357059799434595e+00
8.594266736677029783e+00
6.891593176132128740e+00
5.476323451746025306e+00
6.976538806802669690e+00
1.023799257012374753e+01
3.875951384465757155e+00
8.442128460805159662e+00
4.740536169927167087e+00
1.230070693488988809e+01
4.618016565279164709e+00
7.563171310290210947e+00
8.456876517742976773e+00
4.516484883720821131e+00
5.884824921543477139e+00
9.642650646289531835e+00
6.292524110607324417e+00
3.758121069327119201e+00
7.812802001816815611e+00
5.564606999374894336e+00
8.881367941253431653e+00
1.228506505758695866e+01
5.895215386398160895e+00
7.841350018472616590e+00
4.451807634834965555e+00
7.396442240952391778e+00
5.079064625525314014e+00
8.561647145639359024e+00
8.509854059876415633e+00
7.121257043897379901e+00
5.397771523784629544e+00
6.158609880980772999e+00
9.570503086196897158e+00
9.935105822168258882e+00
5.768086069068257160e+00
6.869208805129947137e+00
5.580746137936794860e+00
5.072004646003243522e+00
6.170115091843019428e+00
8.554526165487297718e+00
4.574977791568625385e+00
8.614866327517606948e+00
6.679000826079938058e+00
5.837684260819964166e+00
5.828372977635368990e+00
7.491715229298183232e+00
6.662379439320414320e+00
6.513917354738664400e+00
8.567791270013975335e+00
5.325333537927660288e+00
3.854807789761017567e+00
1.003977430571736207e+01
7.418196424056104910e+00
7.947340816756117476e+00
4.177627631192105007e+00
4.922294524694653006e+00
5.190083974481270346e+00
6.782874824331155850e+00
8.386534096434983709e+00
6.559628702459047389e+00
1.499130678827832597e+01
5.010851670440578332e+00
8.502631080240972139e+00
4.593491402216098862e+00
1.325701915411485388e+01
8.858899770737577839e+00
5.567988463432285151e+00
1.341998013239935972e+01
5.254310601575129525e+00
1.413764393970399169e+01
4.441301789850701454e+00
1.381035586611684884e+01
6.199827068728604118e+00
6.041828245756625471e+00
5.337754117615990168e+00
7.304181679023671769e+00
6.857636535756379992e+00
4.469826397638699156e+00
4.794000432018429514e+00
4.071485921824645970e+00
8.835192268721723252e+00
8.337392872518892162e+00
9.120143340557214984e+00
6.020754822603366030e+00
6.698644347370965590e+00
8.513842890879489644e+00
6.053170506154113895e+00
5.378020027485278298e+00
5.238392182038832168e+00
1.056340235852129261e+01
7.617725713023842715e+00
1.188418456945351664e+01
4.947704268440332065e+00
7.006180189943742143e+00
5.104355201921638496e+00
5.890794313447546671e+00
7.484234833733487413e+00
6.056729440660389763e+00
5.221524082642987175e+00
6.401816482237928874e+00
4.826340915313587665e+00
6.511674272816365239e+00
4.394929959446645107e+00
1.138491230202368243e+01
8.452542542216221477e+00
1.061256003216549715e+01
1.528583822603391162e+01
7.523677083971373136e+00
5.460993807339113104e+00
1.241316561826489639e+01
5.075196909954757807e+00
6.017368850419076765e+00
8.934679011128597637e+00
6.034584973592566293e+00
5.720312977738475801e+00
5.917836894494086231e+00
5.359586142774086071e+00
5.485660393626092812e+00
7.779677616203218626e+00
1.813242501097882098e+01
7.019635105986737678e+00
5.894978026565336648e+00
6.860986208274583831e+00
7.157378471661355768e+00
9.047553028230161942e+00
8.318636185921134185e+00
8.339656051243583335e+00
8.197860956502072582e+00
4.537249042784187836e+00
6.372302726556973163e+00
6.990187656192092369e+00
9.428030798436425997e+00
6.794527559022340846e+00
5.525952392510525613e+00
6.562426165742265560e+00
4.441138757541136073e+00
5.763842005773716970e+00
7.192315910661523759e+00
7.835668152091440852e+00
6.301371359807115269e+00
9.329244257743416924e+00
7.067309575912717357e+00
6.097180141694960476e+00
5.040961489213009905e+00
6.858992273189338462e+00
3.835442924178549262e+00
8.959674898192446335e+00
5.128870342328172072e+00
4.751871367205449559e+00
5.500209702826484026e+00
1.401248519467386799e+01
4.822718696647015690e+00
7.755530526039598804e+00
8.589683438090528256e+00
7.312001831624160175e+00
7.783704074731992328e+00
6.518558301232415531e+00
5.413498369900717755e+00
7.078972071491024920e+00
7.433351546739093152e+00
6.251320140058035157e+00
7.617631513028874757e+00
8.255610636237522115e+00
5.463192190319237973e+00
9.858301067730405265e+00
4.891387448145326111e+00
8.663912533057109400e+00
5.766648810802553982e+00
6.898914400436125582e+00
5.519835871386383985e+00
6.438388014730719533e+00
5.382234619642244589e+00
3.234543817162954582e+00
5.278785237284713716e+00
8.126544361262894256e+00
4.939246874828187472e+00
1.868740280305436130e+01
4.560790494305940967e+00
9.418027708057383762e+00
6.882324264114306089e+00
6.260825010396435353e+00
4.660071024795391814e+00
6.258841724402150142e+00
7.503669083025767073e+00
9.724740374647627306e+00
4.814031133036760224e+00
8.343413011086683539e+00
5.681472949374886561e+00
1.120988503261248326e+01
6.814987458123073161e+00
4.213494063764782638e+00
5.867476385622536483e+00
4.395730416807691832e+00
3.634906487450330292e+00
5.532423355370976736e+00
4.908921828858420433e+00
9.966046393979235418e+00
5.088639487381774629e+00
4.250926056774083861e+00
6.966416282029554097e+00
6.645490785483419316e+00
5.650411193225033379e+00
3.973023949459531412e+00
3.463858691257269307e+00
4.066408157213963648e+00
3.968319009588995971e+00
4.958190900541572965e+00
1.023594010823615363e+01
2.087269149595723761e+01
4.247157044264428194e+00
4.750514445949666431e+00
3.944688642604146533e+00
1.159984620283607271e+01
7.912568600263623964e+00
8.629406198864854716e+00
1.258101809029500373e+01
3.668971117502153767e+00
3.393537401502154882e+00
5.656451651713957141e+00
5.635996497090977719e+00
3.427729339879773907e+00
6.864318284718131657e+00
1.187289109910856588e+01
4.949346743841005924e+00
4.031981818456748634e+00
4.874682973927945362e+00
3.738085872893337491e+00
2.938847072998111543e+00
3.800507233270531859e+00
5.174921692267559159e+00
6.384400220582911345e+00
3.562862692431739919e+00
5.970580188894582641e+00
6.113116460144863318e+00
3.843985478348928897e+00
1.187280450974507318e+01
6.207110101427566029e+00
9.127340114896606238e+00
4.011107956254114093e+00
3.437228902772268224e+00
5.649927974909491724e+00
6.018802431690315480e+00
6.013502738945227577e+00
5.697442783401896804e+00
6.967441597496034866e+00
1.272466950870590452e+01
7.524616772465010150e+00
1.174418213870516503e+01
6.120448892314500178e+00
4.521804051100931865e+00
5.302879080039887505e+00
6.755428216331949010e+00
6.087051901444865187e+00
4.799390983704152625e+00
1.329707060817976050e+01
5.363347775140828944e+00
7.317171191619986637e+00
4.617494455105406459e+00
3.719919465397290903e+00
4.137742257475845342e+00
6.148322237767986032e+00
7.888944719007363382e+00
7.401438819616674714e+00
4.385156972945005727e+00
4.497231817787596952e+00
5.262751902056945319e+00
4.779758720322469401e+00
5.638308582583288597e+00
8.883655779186751644e+00
5.801924310453659750e+00
4.973706511989224310e+00
4.731680770444045336e+00
7.411778144582862105e+00
4.700964306649747293e+00
4.812230903351601086e+00
5.887039948294052749e+00
6.475948840090954839e+00
3.526519293605129945e+00
4.681531232231380457e+00
8.981779260575747159e+00
5.541185857270158444e+00
1.338576413206210525e+01
6.318535106868510276e+00
1.133202852492238577e+01
6.595005044028040331e+00
4.621458292970033632e+00
6.525566216741816028e+00
5.034841138967094842e+00
5.872837408351706756e+00
3.428707716220622537e+00
3.267366786089214603e+00
1.700932962937225668e+01
3.826224932118969857e+00
7.682686324433734448e+00
6.129704001177704420e+00
5.551855260464235720e+00
4.051468978171841151e+00
7.163452437461097944e+00
5.321070104805714074e+00
4.637376136433613460e+00
7.302983666110816507e+00
7.026548149825176282e+00
3.866817750158912936e+00
5.801959407112266653e+00
3.623025033304513531e+00
5.145512693889965128e+00
6.323125237809965604e+00
6.439165895260438255e+00
5.663058471441596353e+00
5.123325130830811425e+00
6.885829830637582027e+00
7.068894441659688610e+00
4.333438193441494946e+00
5.399378833153758883e+00
4.053820466358697416e+00
4.908450835022439840e+00
5.808903037673321279e+00
9.875179970509398331e+00
6.213243519104426404e+00
4.340143595859737857e+00
5.280748538090781707e+00
1.946742243595607746e+01
6.977093937077965435e+00
7.151322032470229573e+00
4.321383137041589606e+00
5.577095925579568458e+00
4.535736409574139927e+00
6.344898407522329364e+00
3.587540817135020710e+00
4.080258432660639478e+00
4.368920478302117161e+00
4.458347950495902268e+00
3.640704407968553991e+00
3.718373789138523122e+00
6.484466177754008243e+00
5.948465222252394824e+00
3.769469486457025731e+00
6.487328718262509675e+00
1.023129668573138140e+01
5.134446070102876014e+00
3.973332085867767649e+00
5.181760231213105250e+00
8.303654256301955527e+00
4.833909525207053193e+00
5.602683337594914548e+00
4.290326624098820041e+00
5.378673798213396751e+00
3.388044538122448213e+00
3.917770808553527662e+00
5.838030151226160314e+00
3.747836280007703635e+00
4.616623771262601927e+00
6.443756685591754518e+00
6.637644908387231091e+00
5.816426087725813154e+00
3.696579168180164743e+00
9.176589299801621635e+00
4.751212613254275574e+00
3.489353418814436392e+00
1.011662469717350277e+01
7.937938478696329625e+00
6.675995115882311204e+00
9.642483308971499412e+00
8.488190854434069621e+00
6.535366531261034950e+00
8.044913016125308403e+00
5.270141440654174225e+00
8.516517430978813863e+00
1.421206031003221071e+01
4.112372476424768664e+00
