2.084571318626403935e-01
3.091572904586792001e-02
3.021802878379821825e-02
2.984007978439330924e-02
2.994997310638427765e-02
2.997763252258300870e-02
2.995334458351135362e-02
2.980731940269470276e-02
2.996107864379882885e-02
3.005020546913146975e-02
3.000687599182129059e-02
2.997732853889465213e-02
2.991820287704467785e-02
3.012624430656432942e-02
2.993532609939575026e-02
3.004051709175109899e-02
2.993120789527893219e-02
3.022060322761535578e-02
3.022451543807983323e-02
3.021880865097045787e-02
3.001468682289123655e-02
3.031240606307983310e-02
3.026148557662963756e-02
3.037866806983947898e-02
2.998921060562133659e-02
3.055628037452697704e-02
3.077428746223449807e-02
3.038740444183349668e-02
3.061779332160949677e-02
3.017852115631103685e-02
2.994557476043701108e-02
3.028967785835266074e-02
3.043598413467407324e-02
3.057401847839355535e-02
3.034540510177612463e-02
3.059188628196716359e-02
3.058030009269714286e-02
3.071808600425720084e-02
3.041750168800353912e-02
3.043631982803344724e-02
3.043929815292358357e-02
3.063096785545349129e-02
3.034610104560852076e-02
3.085610342025756764e-02
3.104196643829345778e-02
3.047423696517944508e-02
3.095866298675536976e-02
3.053213596343994085e-02
3.020509552955627508e-02
3.080589413642883384e-02
3.067277765274047802e-02
3.080469226837158347e-02
3.034147858619689817e-02
3.078629755973815926e-02
3.032292938232421936e-02
2.996630382537841808e-02
3.113970494270324602e-02
3.094238042831420898e-02
3.082554125785827784e-02
3.057352733612060669e-02
3.073848295211792023e-02
3.043401312828063893e-02
3.112756347656250172e-02
3.095922875404357941e-02
3.084579682350158808e-02
3.077249431610107333e-02
3.096781277656555226e-02
3.081276535987853907e-02
3.096882724761963052e-02
3.080586934089660570e-02
3.075983047485351604e-02
3.127295255661010492e-02
3.101720976829528895e-02
3.098313760757446383e-02
3.120234179496765223e-02
3.071654486656189009e-02
3.059347796440124376e-02
3.068073201179504286e-02
3.113087940216064525e-02
3.107359051704406891e-02
3.106664705276489247e-02
3.066596102714538516e-02
3.120232772827148324e-02
3.104804849624633739e-02
3.138978505134582681e-02
3.107051944732665966e-02
3.124849271774291989e-02
3.104476761817932112e-02
3.120384168624877955e-02
3.113758087158203028e-02
3.095187163352966161e-02
3.111093139648437450e-02
3.077246236801147589e-02
3.098387598991394001e-02
3.075854849815368511e-02
3.154899525642394786e-02
3.119934678077697712e-02
3.102710795402527019e-02
3.135243153572082192e-02
3.132358288764953286e-02
3.147386026382446161e-02
3.103826689720153714e-02
3.128442955017089744e-02
3.142571568489074818e-02
3.008030176162719560e-02
2.973821997642516965e-02
3.152635097503662248e-02
3.155194783210754639e-02
3.137259316444396956e-02
3.135172533988952320e-02
3.169667696952820080e-02
3.179968833923339788e-02
3.164133310317993053e-02
3.160468220710754145e-02
3.140283632278442066e-02
3.145734262466430564e-02
3.150009679794311263e-02
3.166435813903808322e-02
3.143115210533142106e-02
3.135358691215515275e-02
3.160030412673950351e-02
3.115594601631164681e-02
3.085158872604370009e-02
3.042079997062683075e-02
3.156890773773193132e-02
3.147633814811706676e-02
3.143537759780883761e-02
3.148176789283752691e-02
3.099809455871582048e-02
3.149326872825622403e-02
3.142478680610656661e-02
3.150039362907409990e-02
3.143809723854065069e-02
3.118033742904663050e-02
3.136606216430663785e-02
3.108210444450378376e-02
3.165597915649413785e-02
3.155906891822814891e-02
3.139536881446838151e-02
3.084152197837829526e-02
3.187228393554687733e-02
3.136145234107971108e-02
3.109016084671020405e-02
3.188346338272094599e-02
3.173595666885375977e-02
3.173069691658020330e-02
3.118567943572998075e-02
3.149162149429321489e-02
3.151569771766662281e-02
3.073424148559570149e-02
3.139514040946960599e-02
3.155920433998107844e-02
3.135225129127502258e-02
3.179134654998778953e-02
3.161280822753906317e-02
3.176477527618408458e-02
3.184476518630981190e-02
3.162753033638000810e-02
3.073876476287841844e-02
3.175714039802551153e-02
3.177835416793823448e-02
3.170702719688415355e-02
3.196832752227782987e-02
3.156553339958190901e-02
3.163426923751831016e-02
3.177476072311401223e-02
3.173165273666381930e-02
3.159382510185241438e-02
3.160875535011291315e-02
3.111921525001525718e-02
3.152229547500610268e-02
3.176509165763855003e-02
3.086474871635436906e-02
3.157738757133483898e-02
3.168773794174194192e-02
3.178137683868408059e-02
3.187219619750976396e-02
3.172710633277892739e-02
3.199498510360717501e-02
3.045543122291564930e-02
3.018651270866393871e-02
3.167568254470825434e-02
3.185785913467407277e-02
3.140785765647888250e-02
3.184893202781677313e-02
3.174905896186828308e-02
3.162580180168152177e-02
3.184737944602965970e-02
3.179070329666137951e-02
3.169605946540832858e-02
3.181929326057433838e-02
3.193985533714294167e-02
3.172523784637450855e-02
3.177190279960632330e-02
3.206104779243468955e-02
3.210616850852966025e-02
3.185890936851501487e-02
3.161307406425475919e-02
3.048465156555175623e-02
3.086456012725830034e-02
3.128246068954467635e-02
3.171640539169311851e-02
3.057097768783569383e-02
3.140171742439269720e-02
3.204084467887878540e-02
3.205722522735595520e-02
3.165387535095214727e-02
3.175560426712036033e-02
3.149927449226379295e-02
3.191195726394653598e-02
3.162581682205200390e-02
3.136208248138427912e-02
3.129997420310973860e-02
3.127629756927489957e-02
3.145515275001525834e-02
3.140791463851928811e-02
3.131880688667297574e-02
3.149055981636047358e-02
3.169312787055969527e-02
3.160014867782592884e-02
3.131284594535827664e-02
3.168759536743163963e-02
3.150479030609130981e-02
3.178692984580993447e-02
3.143319916725158952e-02
3.137793016433716026e-02
3.152343153953552496e-02
3.178386902809143127e-02
3.192245078086852761e-02
3.139251780509948880e-02
3.112719583511352681e-02
3.166217994689941168e-02
3.174149107933044167e-02
3.169008088111877758e-02
3.145020556449890092e-02
3.187261414527892828e-02
3.163880610466003607e-02
3.157058930397033808e-02
3.129165506362915211e-02
3.165480470657348888e-02
3.149557137489318592e-02
3.177441000938415611e-02
3.179854154586791992e-02
3.120051169395446702e-02
3.152894997596740467e-02
3.146060037612914695e-02
3.144800209999084467e-02
3.130978226661682018e-02
3.136599111557007019e-02
2.987620401382446236e-02
3.134101915359496782e-02
3.146252322196960161e-02
3.153394484519958518e-02
3.187060427665710377e-02
3.158002972602844127e-02
3.207133793830871382e-02
3.156157732009887834e-02
3.136895728111267073e-02
3.146353936195373652e-02
3.189070940017699890e-02
3.164633297920226712e-02
3.148099780082702637e-02
3.162860298156738165e-02
3.170552921295165943e-02
3.114038896560668984e-02
3.189181852340697981e-02
3.173026657104491971e-02
3.136831927299499334e-02
3.076454973220825104e-02
3.119035816192626889e-02
3.153331112861633423e-02
3.107393836975097523e-02
3.144012928009033009e-02
3.166940164566039995e-02
3.120119881629943720e-02
3.152634716033935608e-02
3.131601071357727195e-02
3.133202528953552002e-02
3.087864971160888747e-02
3.128845882415771246e-02
3.130486273765564070e-02
3.157794833183288907e-02
3.113381028175353851e-02
3.151000022888183344e-02
3.143814802169799666e-02
3.127649879455566412e-02
3.152733564376831304e-02
3.091390562057495101e-02
3.138605523109436191e-02
3.135402083396911926e-02
3.150323009490967052e-02
3.128161835670471153e-02
3.108320188522338892e-02
3.122888088226318318e-02
3.142417287826538425e-02
3.105967855453491133e-02
3.068444156646728607e-02
3.109092593193054158e-02
3.056130146980285539e-02
3.062425518035888708e-02
3.176884746551513622e-02
3.162721562385559237e-02
3.143472337722778148e-02
3.106903719902038424e-02
3.143355226516723888e-02
3.124757170677185114e-02
3.104663968086242634e-02
3.036288046836852980e-02
3.137582015991211004e-02
3.151161479949950855e-02
3.162657403945922513e-02
3.147948884963989308e-02
3.115876126289367568e-02
3.167845702171325634e-02
3.157606935501098416e-02
3.185974788665771329e-02
3.142667889595032044e-02
3.190621662139892650e-02
3.108081102371215709e-02
3.117274212837219116e-02
3.126298427581786915e-02
3.168363332748413280e-02
3.135289263725280634e-02
3.155073881149292325e-02
3.159457230567932345e-02
3.173571014404296536e-02
3.165406250953674283e-02
3.175849461555480674e-02
3.154711508750915328e-02
3.164411973953246832e-02
3.163802981376648282e-02
3.151540970802307190e-02
3.126287293434142772e-02
3.182300972938537781e-02
3.125934791564941723e-02
3.180541515350341492e-02
3.163495302200317050e-02
3.172561264038085971e-02
3.155839729309081743e-02
2.981189298629760911e-02
3.119600725173950206e-02
3.013645029067993017e-02
3.128145337104797086e-02
3.202196669578552535e-02
3.161844468116760398e-02
3.151148581504821522e-02
3.073188543319702037e-02
3.090676546096801647e-02
3.108940982818603552e-02
3.073465204238891649e-02
3.108775973320007310e-02
3.192942762374877813e-02
3.150404310226440768e-02
3.157103085517883045e-02
3.118731069564819464e-02
3.189566373825072909e-02
3.179783964157104764e-02
3.107413291931152358e-02
3.174145555496216131e-02
3.183222222328185858e-02
3.198670387268066212e-02
3.169672822952270680e-02
3.167043089866638378e-02
3.167209219932556191e-02
3.159360980987548778e-02
3.166202831268310341e-02
3.185967111587524603e-02
3.136320304870605230e-02
3.148984074592590249e-02
3.184397149085998330e-02
3.196907305717468228e-02
3.170342969894408836e-02
3.161684894561767739e-02
3.170439338684082065e-02
3.103007984161377034e-02
3.192812037467956249e-02
3.184457468986510997e-02
3.208121824264526661e-02
3.163843083381652488e-02
3.186075997352599831e-02
3.228543019294739108e-02
3.195444440841675032e-02
3.189327263832092418e-02
3.145946693420410140e-02
3.164865159988403120e-02
3.171418333053589028e-02
3.186730885505676542e-02
3.163511586189270142e-02
3.147484850883484203e-02
3.194370150566101102e-02
3.174592041969299255e-02
3.166930818557739391e-02
3.177078413963317638e-02
3.066301798820495611e-02
3.177519559860229187e-02
3.186818432807922430e-02
3.122584509849548468e-02
3.230433130264281916e-02
3.195896220207214422e-02
3.136643695831298900e-02
3.176356005668640181e-02
3.145281648635864236e-02
3.197861504554748435e-02
3.153106951713562089e-02
3.108250808715820254e-02
3.218188357353210516e-02
3.198904728889465088e-02
3.178925800323486456e-02
3.152199769020080228e-02
3.172253799438476407e-02
3.165062642097472845e-02
3.140417289733886397e-02
3.151400446891784723e-02
3.144034433364868014e-02
3.144526886940002264e-02
3.169423699378967618e-02
3.107397317886352595e-02
3.127231216430664124e-02
3.133559513092040727e-02
3.128251338005066245e-02
3.088646864891052279e-02
3.126912689208984075e-02
3.124004197120666335e-02
3.114215707778930642e-02
3.097819423675537281e-02
3.092328262329101587e-02
3.100167012214660733e-02
3.185349750518799011e-02
3.186552977561950967e-02
3.224856352806091536e-02
3.216314697265625078e-02
3.226448941230773693e-02
3.227336597442626714e-02
3.190228748321533025e-02
3.233005475997925010e-02
3.208759617805480996e-02
3.140139102935791265e-02
3.172166609764098810e-02
3.197227334976196489e-02
3.163164782524108959e-02
3.199754214286804066e-02
3.173115134239196805e-02
3.138028550148010132e-02
3.177254867553711004e-02
3.213922810554504378e-02
3.199095058441162043e-02
3.198118686676025557e-02
3.205942583084106512e-02
3.194984364509582259e-02
3.181330752372741461e-02
3.170949578285217618e-02
3.189599585533142018e-02
3.211201119422912864e-02
3.193082451820373341e-02
3.113433337211608809e-02
3.189239788055420188e-02
3.235446882247924871e-02
3.154831838607788375e-02
3.187923717498779286e-02
3.210048031806946034e-02
3.208301758766174405e-02
3.195222401618957181e-02
3.260482740402221441e-02
3.221587657928466630e-02
3.201019835472106861e-02
3.197498536109924516e-02
3.219813847541808799e-02
3.218411731719970914e-02
3.194732546806335755e-02
3.217250466346741056e-02
3.245835542678832814e-02
3.207197833061218445e-02
3.220353794097900735e-02
3.161103296279907382e-02
3.097648119926452517e-02
3.212204313278198275e-02
3.206147933006286282e-02
3.193307709693908591e-02
3.209494042396545538e-02
3.159448289871216037e-02
3.072638559341430570e-02
3.222550559043884516e-02
3.175255155563354303e-02
3.150079703330993519e-02
3.123629808425903293e-02
3.211068129539489807e-02
3.234306168556213418e-02
3.126273274421691867e-02
3.214697623252868453e-02
3.200932979583739901e-02
3.187380814552306929e-02
3.195344066619872775e-02
3.171441602706909224e-02
3.009925270080566345e-02
3.145109295845031905e-02
3.143678689002990523e-02
3.157013893127441628e-02
3.226700258255004589e-02
3.196486735343933433e-02
3.195433044433593911e-02
3.189214944839477428e-02
3.202617835998534945e-02
3.188323354721069036e-02
3.183596229553222606e-02
3.158263134956360019e-02
3.173989343643188188e-02
3.213136792182922502e-02
3.118063116073608448e-02
3.174151659011840987e-02
3.202134251594543346e-02
3.204810953140258684e-02
3.189600014686584661e-02
3.173378133773803456e-02
3.206651544570923024e-02
3.123502039909362843e-02
3.230385446548461603e-02
3.207496786117553650e-02
3.255695486068725664e-02
3.236597084999084245e-02
3.254453611373901711e-02
3.214469599723816101e-02
3.233240413665771501e-02
3.079795050621032815e-02
3.200273919105529885e-02
3.221770310401916165e-02
3.245805788040161122e-02
3.229903888702392867e-02
3.200159668922424039e-02
3.195412850379943798e-02
3.228026533126831382e-02
3.195492672920226956e-02
3.240782880783080883e-02
3.218917846679687778e-02
3.239291381835937567e-02
3.252328848838806352e-02
3.212656235694884982e-02
3.245527768135070962e-02
3.256912922859191845e-02
3.244440507888794040e-02
3.246908879280090143e-02
3.214571332931518560e-02
3.227617979049682284e-02
3.237137937545776084e-02
3.222187805175781572e-02
3.240937709808349582e-02
3.164578127861022994e-02
3.256514549255370983e-02
3.273802781105041720e-02
3.244316983222961248e-02
3.276642560958862443e-02
3.279994320869445562e-02
3.264201259613037226e-02
3.257726883888244912e-02
3.262611079216003185e-02
3.262229323387146052e-02
3.336210703849792208e-02
3.245406961441039961e-02
3.266503500938415516e-02
3.249591350555419700e-02
3.271538710594177474e-02
3.234835481643676819e-02
3.274777746200561307e-02
3.257481074333191257e-02
3.260557270050049028e-02
3.250651693344116383e-02
3.230922603607177396e-02
3.255726242065429960e-02
3.238218283653259560e-02
3.245684170722961531e-02
3.274245429039001481e-02
3.171027302742004256e-02
3.145072531700134066e-02
3.294457411766052446e-02
3.260039854049682356e-02
3.294440817832947066e-02
3.249529933929443115e-02
3.192851758003235202e-02
3.073561096191406231e-02
3.224332785606384005e-02
3.290764212608337375e-02
3.287120223045349177e-02
3.319499731063842857e-02
3.282368946075439609e-02
3.262450170516967979e-02
3.277023887634277627e-02
3.292490816116332847e-02
3.289260149002075362e-02
3.281700491905212291e-02
3.328961920738220115e-02
3.275344324111938155e-02
3.312971162796020386e-02
3.279899382591247581e-02
3.309805989265442172e-02
3.285883235931396501e-02
3.269603371620178472e-02
3.254282641410827931e-02
3.287912559509277577e-02
3.294294095039367737e-02
3.334424400329590032e-02
3.288073754310608110e-02
3.302385759353637651e-02
3.272620892524719105e-02
3.273831295967102178e-02
3.319884991645812716e-02
3.320029997825622858e-02
3.206630015373229670e-02
3.316810250282287847e-02
3.352026677131653143e-02
3.311507463455200251e-02
3.327231383323669273e-02
3.311534261703491522e-02
3.345027828216552701e-02
3.342701816558837913e-02
3.309471368789673046e-02
3.297136163711547607e-02
3.295667624473571505e-02
3.302587509155273382e-02
3.289743447303771634e-02
3.304448413848876803e-02
3.266859817504882968e-02
3.298648428916930997e-02
3.290736818313598488e-02
3.319221711158752697e-02
3.286220407485961753e-02
3.292346596717834334e-02
3.281492090225219399e-02
3.290493679046630621e-02
3.271509766578674372e-02
3.305868434906005654e-02
3.325314688682556169e-02
3.330426716804504167e-02
3.293987751007079745e-02
3.279368185997009327e-02
3.323236799240112532e-02
3.289486646652221846e-02
3.328662562370300615e-02
3.310913085937500222e-02
3.321652293205261397e-02
3.298390793800354270e-02
3.322912120819091625e-02
3.325618290901184021e-02
3.270864725112915261e-02
3.335767626762389804e-02
3.331765270233154330e-02
3.375369930267334284e-02
3.324730658531188654e-02
3.310421371459960904e-02
3.311282134056091342e-02
3.293566823005675964e-02
3.303674054145813027e-02
3.299591851234436046e-02
3.316562461853027333e-02
3.303305625915527177e-02
3.330208039283752419e-02
3.337065005302429499e-02
3.324427723884582769e-02
3.350686144828796120e-02
3.289523053169250699e-02
3.348371243476867820e-02
3.259042286872863847e-02
3.317513489723205450e-02
3.366649985313415611e-02
3.307280397415161138e-02
3.368124103546142611e-02
3.327885603904724016e-02
3.328057169914245411e-02
3.337805294990539573e-02
3.319359970092773671e-02
3.322556543350219799e-02
3.368468856811523277e-02
3.346067214012145991e-02
3.335910534858703425e-02
3.276939320564269814e-02
3.278845739364624062e-02
3.335560870170593134e-02
3.331567955017089577e-02
3.365928888320923046e-02
3.331751918792724698e-02
3.337096810340881015e-02
3.332272815704345748e-02
3.328050637245177912e-02
3.361904382705688255e-02
3.337688469886779946e-02
3.338044548034668074e-02
3.367186260223388461e-02
3.331199860572815058e-02
3.257058429718017595e-02
3.317386007308959633e-02
3.331759643554687428e-02
3.306737279891967807e-02
3.333852863311767556e-02
3.321577644348144842e-02
3.344146037101745905e-02
3.317062807083129977e-02
3.305728411674499490e-02
3.330896019935607882e-02
3.339658331871032948e-02
3.312256169319152677e-02
3.321236371994018555e-02
3.372251319885254117e-02
3.366922116279601890e-02
3.336034440994262856e-02
3.322544550895691062e-02
3.327896904945373824e-02
3.331528377532959329e-02
3.352742075920105147e-02
3.323592591285705333e-02
3.332155776023864452e-02
3.349287462234497303e-02
3.330702614784240845e-02
3.290233039855956776e-02
3.325629639625549139e-02
3.353118300437927385e-02
3.342650389671325550e-02
3.355164623260498136e-02
3.324916410446167314e-02
3.321019554138183311e-02
3.350845026969909851e-02
3.327049899101257313e-02
3.334643697738647744e-02
3.355213713645935347e-02
3.333185863494873141e-02
3.331285786628723072e-02
3.323602652549743908e-02
3.326771712303161488e-02
3.333784532546996832e-02
3.348619771003723267e-02
3.317238306999206743e-02
3.322089457511901572e-02
3.305939483642578169e-02
3.322909069061279197e-02
3.318711304664611478e-02
3.320306015014648504e-02
3.321787643432617260e-02
3.358843946456908924e-02
3.327775239944458230e-02
3.247625327110290755e-02
3.314606857299804560e-02
3.179593658447265464e-02
3.339881253242492354e-02
3.362896919250488170e-02
3.318017554283141796e-02
3.376465225219726224e-02
3.343506431579589683e-02
3.356198477745055836e-02
3.369057273864745766e-02
3.333278679847716947e-02
3.358165335655212413e-02
3.390553641319275086e-02
3.334011840820312600e-02
3.328834843635559287e-02
3.345407652854919672e-02
3.298023128509521701e-02
3.396657967567443676e-02
3.378510236740112083e-02
3.381834030151367049e-02
3.334150815010070851e-02
3.279378128051757546e-02
3.310529828071594183e-02
3.329064035415649214e-02
3.314018607139587735e-02
3.328271436691283836e-02
3.303143382072448730e-02
3.296546649932861200e-02
3.285587620735168357e-02
3.312272429466247420e-02
3.315735578536987277e-02
3.181512093544006103e-02
3.210616087913513439e-02
3.336511611938476618e-02
3.328290963172912675e-02
3.335155129432678528e-02
3.286767673492431430e-02
3.346795129776000688e-02
3.306010890007018976e-02
3.317125344276428134e-02
3.316791009902954335e-02
3.357722592353820645e-02
3.311227679252624206e-02
3.321811056137084772e-02
3.286449337005615395e-02
3.356633424758911216e-02
3.315442538261413608e-02
3.314484333992004372e-02
3.301352763175964544e-02
3.296104526519775396e-02
3.342502713203430315e-02
3.349090313911438216e-02
3.302722477912902604e-02
3.336478495597839516e-02
3.309468340873718273e-02
3.328556537628173800e-02
3.304508113861084201e-02
3.305221605300903004e-02
3.311290049552917392e-02
3.294759321212768766e-02
3.327624988555908520e-02
3.260893464088440025e-02
3.286612224578857461e-02
3.274562406539917314e-02
3.279200744628905928e-02
3.286945700645446666e-02
3.294306778907776095e-02
3.282764029502868719e-02
3.296646213531494174e-02
3.325506591796874994e-02
3.283588933944701915e-02
3.294845724105834733e-02
3.301760888099670305e-02
3.287754058837890486e-02
3.285031533241272034e-02
3.332969498634338196e-02
3.305026388168334772e-02
3.320950865745544295e-02
3.258981919288635176e-02
3.284840345382690485e-02
3.339089846611022899e-02
3.288586711883544761e-02
3.317918872833251764e-02
3.325244140624999956e-02
3.291833186149597384e-02
3.279822468757629533e-02
3.311186289787292764e-02
3.317489337921142312e-02
3.290910625457763722e-02
3.259040689468383628e-02
3.305039644241333091e-02
3.292968058586120267e-02
3.323057126998901073e-02
3.310600280761719083e-02
3.280763268470764105e-02
3.278092670440673623e-02
3.300646042823791176e-02
3.308988428115845065e-02
3.296392273902892800e-02
3.318236398696899209e-02
3.294454360008240018e-02
3.307509207725525119e-02
3.324744439125060930e-02
3.299371528625488076e-02
3.287233901023865063e-02
3.308950448036193648e-02
3.329411816596984652e-02
3.336142444610595836e-02
3.288390684127807939e-02
3.230265259742736567e-02
3.314289283752441112e-02
3.333944797515869113e-02
3.371317696571349970e-02
3.358597230911254672e-02
3.318044924736023027e-02
3.308735322952270630e-02
3.319810867309570118e-02
3.392586660385131514e-02
3.276544356346130366e-02
3.356507921218872259e-02
3.313662219047546625e-02
3.309891533851623546e-02
3.321904706954956210e-02
3.358461356163024852e-02
3.326259732246399092e-02
3.201329159736633623e-02
3.320201969146728549e-02
3.330049920082091969e-02
3.310797095298766840e-02
3.314793777465820102e-02
3.341695880889892362e-02
3.299512028694152888e-02
3.299272561073303411e-02
3.338954138755798051e-02
3.332551908493042170e-02
3.338298511505127103e-02
3.357940435409546148e-02
3.373674154281616072e-02
3.354489803314208984e-02
3.322750496864319142e-02
3.264389753341674638e-02
3.332879853248596480e-02
3.351540040969848422e-02
3.373438882827758944e-02
3.303393459320068393e-02
3.347420358657837020e-02
3.329618525505066012e-02
3.361744070053100664e-02
3.307776403427124118e-02
3.337562537193298345e-02
3.303442072868346957e-02
3.335336136817931840e-02
3.337761545181274631e-02
3.311572313308715904e-02
3.300678992271423307e-02
3.323429918289184243e-02
3.306652760505675998e-02
3.318549466133118020e-02
3.343628382682800604e-02
3.314344215393066201e-02
3.325889754295349027e-02
3.322800803184509238e-02
3.297970366477966098e-02
3.221671795845031799e-02
3.346282982826232627e-02
3.338990092277526606e-02
3.319387602806091186e-02
3.313941025733947721e-02
3.313825178146362349e-02
3.337379884719848810e-02
3.322978639602661155e-02
3.373898196220397744e-02
3.350775527954101551e-02
3.334053349494934398e-02
3.322922205924987854e-02
3.365822076797485296e-02
3.353942704200744973e-02
3.304878664016723533e-02
3.344481015205383323e-02
3.238113570213317638e-02
3.297502470016479281e-02
3.315693664550781183e-02
3.332049226760864374e-02
3.658618569374084278e-02
3.326192903518676580e-02
3.319853973388672136e-02
3.330234599113464367e-02
3.334485578536987294e-02
3.360996437072753806e-02
3.326231598854065274e-02
3.318441009521484047e-02
3.349226570129394676e-02
3.313416481018066628e-02
3.341314339637756203e-02
3.331237125396728505e-02
3.362198376655578524e-02
3.329849433898925820e-02
3.327578282356262462e-02
3.311614751815795954e-02
3.376636862754821972e-02
3.353435397148132185e-02
3.311818456649780196e-02
3.358706617355346896e-02
3.351113700866699407e-02
3.321917033195495583e-02
3.344669246673583757e-02
3.370494508743285961e-02
3.318888902664184765e-02
3.316879129409790183e-02
3.360975623130798423e-02
3.345291829109191956e-02
3.357350349426269781e-02
3.338084816932677945e-02
3.362837672233581765e-02
3.342333507537841725e-02
3.385856437683105319e-02
3.360545492172241355e-02
3.311976575851440646e-02
3.327808213233948015e-02
3.365163326263427568e-02
3.362187075614929410e-02
3.359263634681701471e-02
3.338650608062743858e-02
3.343268823623657404e-02
3.369066596031188715e-02
3.360788154602050576e-02
3.363876247406005771e-02
3.376798772811889782e-02
3.350959539413451982e-02
3.365614199638366361e-02
3.333681321144103815e-02
3.342223525047302579e-02
3.337198853492737149e-02
3.334235215187072998e-02
3.325757026672362948e-02
3.352554178237915350e-02
3.365821409225464023e-02
3.351659131050109541e-02
3.339562582969665683e-02
3.339672160148620533e-02
3.346177005767822510e-02
3.407037115097046043e-02
3.371246194839477850e-02
3.332004404067993170e-02
3.330614709854125971e-02
3.346936154365539456e-02
3.372930002212524286e-02
3.361461400985717857e-02
3.339104580879211082e-02
3.395490145683288663e-02
3.359566020965576438e-02
3.377899289131164329e-02
3.302841877937316706e-02
3.351904201507568265e-02
3.350758099555969233e-02
3.379257321357727328e-02
3.340635204315185736e-02
3.335200309753418024e-02
3.309263849258423096e-02
3.285383367538451810e-02
3.354636120796203325e-02
3.371175527572631975e-02
3.424896717071532898e-02
