1.382215366118375357e+02
1.388082461345262004e+02
1.453109752498926071e+02
1.521546671085235971e+02
1.500160913588154017e+02
1.401380137717021341e+02
1.415492992055060313e+02
1.183024455531848673e+02
1.217487687828331673e+02
1.276434864466598214e+02
1.265630351247315559e+02
1.256216450613312077e+02
1.158267117108498923e+02
8.876435806956786223e+01
1.384631727693915764e+02
1.366996818400237714e+02
1.216662493778002414e+02
8.598323189159333424e+01
1.355379687067799921e+02
8.317223748119623394e+01
8.023159946905195739e+01
8.948015571667986023e+01
8.877276047969778006e+01
7.217298388552868005e+01
7.856690211944805924e+01
6.917928579938124756e+01
9.387134355046666201e+01
6.806949360009109284e+01
9.193819106803688612e+01
1.099256122233217354e+02
9.362908768241190671e+01
3.848769980593803552e+01
6.865480032573886149e+01
2.637638383240342321e+01
6.259995714424420754e+01
6.947066894621713118e+01
8.650568120998163124e+01
3.769490804834150310e+01
5.634805637127330158e+01
5.481662826460926397e+01
5.047192158348530455e+01
5.605038187719564746e+01
2.619939614827969621e+01
4.923366119883458936e+01
3.761168503548829989e+01
4.288984279150139400e+01
3.403253104284003427e+01
5.105977379836795649e+01
3.017041540713925940e+01
2.526542587279413610e+01
2.306037189369153495e+01
1.310883578096239077e+01
1.330357802192542138e+01
1.582787440296942627e+01
2.368741405710044745e+01
9.015126709086960233e+00
1.178342524399195668e+01
1.668521190976901281e+01
1.076670501994175844e+01
1.783422546651596008e+01
2.096220556405517854e+01
1.597758476057120625e+01
1.651175400371187862e+01
2.712789380250046278e+01
1.740049259051057007e+01
1.623970418009455940e+01
3.406643514185959987e+01
2.732868151601917006e+01
1.349214795799623268e+01
1.598326192533904866e+01
1.838935239541839906e+01
2.802879354198800499e+01
1.255540450344313896e+01
1.702032782991521742e+01
1.397091304692823321e+01
1.254486098229553193e+01
9.898818950978325759e+00
1.572212269291470932e+01
1.565078830932825227e+01
1.945863242543491367e+01
1.138570144843989773e+01
1.112027978427838093e+01
1.815011914739137211e+01
1.375350537443782351e+01
1.627855690185095128e+01
1.565018046994055467e+01
1.901113969644430668e+01
1.357692875334130989e+01
1.141651554080527475e+01
1.432402508767981963e+01
1.660805326794669767e+01
1.355628243258063215e+01
1.130330343983751717e+01
1.353728925480981005e+01
1.229962478256308600e+01
1.499819727626647570e+01
1.066537115714231909e+01
1.916876757657297503e+01
1.274235676401618456e+01
1.907804727837760339e+01
1.517709044903986104e+01
1.160367814982857304e+01
1.367717841569214698e+01
1.010694825941692621e+01
7.963884356190452429e+00
1.610068984743496046e+01
1.511388759588751007e+01
1.856071254117289371e+01
1.132067514499040861e+01
1.442047341488669687e+01
2.093090057978093199e+01
1.615228685032729672e+01
1.074900973427658357e+01
8.675220129052599205e+00
1.059521670896309331e+01
1.572542256286796203e+01
7.355043223676621444e+00
1.101759166494137787e+01
1.481572482209504749e+01
2.371795599306283009e+01
6.706850952845337943e+00
1.658010345606039948e+01
1.467808710904383673e+01
1.355777590996060233e+01
2.241848102664699383e+01
1.382392715660347093e+01
8.913031517716206054e+00
1.431562537776260591e+01
5.355717429986219358e+00
9.330373531615594018e+00
2.506653298916392814e+01
7.876831313338408691e+00
8.271274227952810421e+00
1.745992385500487032e+01
1.475529216711040625e+01
1.069067357629369752e+01
1.304274864131217804e+01
1.641745593499677369e+01
9.844953013728558133e+00
9.415157542999141427e+00
7.081073044571679631e+00
7.940472187452939146e+00
9.187112781861928923e+00
1.139344776008795534e+01
7.775637649281057051e+00
5.526678075306514337e+00
8.596738437412877687e+00
3.347950860790160021e+01
5.684332487206285478e+00
1.074569047074408878e+01
6.573718277665385301e+00
6.256326500647109157e+00
1.330605266198261916e+01
7.310457475336044730e+00
7.158280659349784969e+00
5.999633115701996644e+00
8.963597456045764744e+00
1.115729393987157181e+01
1.204424853115446581e+01
1.454410319851487898e+01
9.254692985773127489e+00
8.854824838903747164e+00
8.808689147118027307e+00
4.771555886394748924e+00
5.509777851510949453e+00
1.124075940102072657e+01
5.428237383908931513e+00
8.192029835675620930e+00
6.615931265290234009e+00
5.961824358072425056e+00
7.984357855966216277e+00
8.553617531477518909e+00
6.715103484842726012e+00
4.513609321390426032e+00
1.345963509455837581e+01
4.471957546119357474e+00
1.286518096165217173e+01
7.895975522066684071e+00
9.553319359428623869e+00
1.002116564011359579e+01
6.728004907883861740e+00
9.038916614766209889e+00
9.480299855749036553e+00
7.409715892169078444e+00
7.627745695311158869e+00
6.430095545358634368e+00
1.244319526882972937e+01
5.408017416076820183e+00
1.139312478488614566e+01
4.736789109353748195e+00
5.876483042899535825e+00
1.550929986417093431e+01
5.422557938045659220e+00
8.304556413151416905e+00
9.299680319898637748e+00
3.883214738182648507e+00
1.273820863043648899e+01
1.257355763339181287e+01
6.908444820841328493e+00
6.116300600339107163e+00
6.431372175921856282e+00
4.556817210963456155e+00
1.523378475362537543e+01
5.482045951597720901e+00
6.337917409734274088e+00
3.338463666147689679e+01
1.134931355526851782e+01
7.456503944226706260e+00
6.074323083274237867e+00
1.349745571639509123e+01
5.494020619626618362e+00
6.160542333999395659e+00
8.818644373116510948e+00
8.186868176777561956e+00
9.299899866179336172e+00
1.089225187224490732e+01
1.506446839708600827e+01
5.668477098381403678e+00
6.046497132547575148e+00
8.887882532572071170e+00
9.535155636049807981e+00
5.263410502001056201e+00
5.865945169818190585e+00
7.766282099648121218e+00
9.975402927585136581e+00
1.171576574015804617e+01
1.333340698318029460e+01
1.107972554993792969e+01
4.146234633573499195e+00
7.174660143434725690e+00
1.076366886576178317e+01
1.007632800059137779e+01
1.003987380324759471e+01
1.699608836911986032e+01
5.329500469316965194e+00
1.253561109507322513e+01
1.286570335794027464e+01
8.354519834533824962e+00
5.854606755243578320e+00
5.920667888149526270e+00
3.826796437254545324e+00
8.842514151650940235e+00
6.792853937422838051e+00
1.714731632912338810e+01
4.142970771604135294e+00
7.174451957919566247e+00
8.397858688553030859e+00
7.255172355946105434e+00
5.065953930539621730e+00
6.979056037730647866e+00
1.480788727193435150e+01
1.384739902781162613e+01
3.936561158205948985e+00
6.288611916696430271e+00
1.265148123350383358e+01
1.047739362140288044e+01
2.035727220228765333e+01
9.148221540873421986e+00
8.011830764918345338e+00
6.325683047347769872e+00
8.794897569474970922e+00
1.642439085653450448e+01
4.441655378113710029e+00
1.391537964556628282e+01
1.415761449107469794e+01
4.362950294667728990e+00
6.140067818110614972e+00
7.392204014514200061e+00
4.340461887425016485e+00
4.265969242374503700e+00
3.975748545541134771e+00
6.999065701323091915e+00
9.088888246255514503e+00
7.177789531297153580e+00
6.372860426653619292e+00
1.094080208904842877e+01
8.532106829525462288e+00
1.178041226524968188e+01
7.700905780992495231e+00
4.060202514401459517e+00
4.313018431430909239e+00
9.587067034606810978e+00
5.329477005831285474e+00
5.492734619065559265e+00
5.236007166088602283e+00
2.304524741771178498e+01
6.061093133663239207e+00
5.987828096818205381e+00
7.903244790465634217e+00
9.597151055037496548e+00
5.180720636343847829e+00
1.206979272952466964e+01
6.916861590778876412e+00
9.280913380066571960e+00
6.810558803291826280e+00
4.592304900618146668e+00
9.574342195154098789e+00
4.586827564057744056e+00
5.473444038456237060e+00
7.095587428081457482e+00
4.332090460301139423e+00
1.616729910305469531e+01
4.995234960152954429e+00
6.193615930225687016e+00
8.045292371820794486e+00
9.822454068258416271e+00
1.932649687345600498e+01
4.204219625413231576e+00
4.135154581963588427e+00
8.081762834438524834e+00
8.215958367664706330e+00
5.164528226578490866e+00
5.437881230454000736e+00
5.459085055117772534e+00
2.356082305202905403e+01
1.012157299913531538e+01
1.070342249328978923e+01
8.284967902547780483e+00
7.868859668896972970e+00
9.464218479160603437e+00
4.339177134806383229e+00
6.800245489356616879e+00
6.091544254303834727e+00
7.048190803930824977e+00
4.040388140386631299e+00
1.055768818405684151e+01
1.029024153819026033e+01
1.019494696217671681e+01
4.007143373647521045e+00
1.610358677262613369e+01
8.043882535210396867e+00
1.293792733346399437e+01
7.843702634059032341e+00
1.024756477229051299e+01
6.721058286418736039e+00
1.043306636642152085e+01
6.747834982114225610e+00
1.666508743314130214e+01
7.775064461137336735e+00
8.415700586845760611e+00
4.427715146046470096e+00
6.041465221045884348e+00
9.930223022657479248e+00
1.645007512390490945e+01
6.300408632699565636e+00
1.266614140794314558e+01
8.660028504481701361e+00
5.302637887270577721e+00
1.505253706643655853e+01
1.514961591972410915e+01
6.375593588973587522e+00
1.091632590442556250e+01
8.123870115020018545e+00
6.535015567643559287e+00
6.179371170006298541e+00
1.265731451325187606e+01
9.614428145650990132e+00
1.835082406216119466e+01
5.124812827136199900e+00
6.832705775319893426e+00
6.456913467334178591e+00
1.442536666111952748e+01
9.019924731543886409e+00
8.523463782215905837e+00
1.619906108031595693e+01
5.076497328006057685e+00
9.736029740890003836e+00
1.249276195097462505e+01
6.780225423085567193e+00
1.460696873400469720e+01
7.221007407102510989e+00
1.055692747070095550e+01
5.337282389004460725e+00
6.544247891437520614e+00
1.763887716592978094e+01
9.930287014896943987e+00
2.364402335656563992e+01
6.192562216138410847e+00
6.748647825630553321e+00
6.393674080912813196e+00
4.084113849630427673e+00
5.048049484622694649e+00
2.022553927412807440e+01
4.418931523344888923e+00
4.684398723584495272e+00
6.194581415364333488e+00
1.001435501977313969e+01
7.178512113109316140e+00
5.923065599729819830e+00
1.008786295569818314e+01
8.358385258467787793e+00
1.369305452997776484e+01
4.425724161195419448e+00
1.447293745464971515e+01
1.234736981540527090e+01
5.576077659314742085e+00
1.455059690888388246e+01
9.433466334967734568e+00
6.020811640481507965e+00
1.008315457260678194e+01
2.102122296030871240e+01
1.133516618041113766e+01
6.549060588895151191e+00
1.764676603528776511e+01
4.250212864923875955e+00
2.772433899924889644e+01
7.107120642284270318e+00
6.652425553377440792e+00
8.590345972062671365e+00
1.246705846273033735e+01
6.767709771252623518e+00
1.043983067926063768e+01
6.730119329863904376e+00
6.641876779861882518e+00
4.550403553796712686e+00
2.105475673471416087e+01
1.245630450124295407e+01
1.013971794914303004e+01
8.064671948295565329e+00
4.188410827107547085e+00
1.579313029177179395e+01
1.047622642918727465e+01
7.460457013420796812e+00
4.825032598035258857e+00
9.457403882119885807e+00
6.111289114455025206e+00
5.153236672151051856e+00
4.513651430281949040e+00
6.687304203379385470e+00
7.086037871019557066e+00
1.399801095871034562e+01
1.003602084605635802e+01
4.990532811889378806e+00
1.262480025192663824e+01
4.695631102570339444e+00
6.491656920181439361e+00
4.960165471771697199e+00
6.100666852707945509e+00
1.477966491172571573e+01
6.832422158331831419e+00
1.749535200949163638e+01
4.209804523932473508e+00
1.310448952541979573e+01
1.007565905525799899e+01
9.279150971431866068e+00
2.024640184252222852e+01
4.808683971765780107e+00
2.541380384255899472e+01
6.142009396693310030e+00
1.781040833474075313e+01
8.548296130809434956e+00
7.928477864849054590e+00
5.529598890990983229e+00
8.437005617325965545e+00
6.325018182774953424e+00
1.372176464967428267e+01
1.012800132698420796e+01
4.407598106358383561e+00
4.588626076746187721e+00
6.399399553798933660e+00
1.052374456261999391e+01
5.580473014822002753e+00
2.312827601181454895e+01
4.727131263769042135e+00
8.019971438952223863e+00
4.889166602267980721e+00
7.814854363328708864e+00
1.013102938090605498e+01
6.467197030257444190e+00
1.373792298456376848e+01
3.965611852314044228e+00
1.045707436206783036e+01
1.073875371699767456e+01
6.204502300949155114e+00
8.749974068559797757e+00
5.564490336408937310e+00
5.372568426106848705e+00
1.979504476052641948e+01
5.574811635405276355e+00
9.214051149351506709e+00
8.289236771152861394e+00
2.008684639378930825e+01
1.104556314847009091e+01
4.761186671822056127e+00
5.232639121795362058e+00
5.109580286189751241e+00
1.480094876080398514e+01
1.152183303838732797e+01
2.987233861075813479e+01
1.051472198787653589e+01
9.819213827585622667e+00
4.664111843517440548e+01
1.037288724812850660e+01
4.080113663527692225e+00
5.467739033589356090e+00
5.541316916892108146e+00
2.275878274030102943e+01
8.314476934913036743e+00
8.656877921139455978e+00
4.499557066139838746e+00
1.176168834481419978e+01
5.980149191167593692e+00
6.938415913442458560e+00
3.631472834179459319e+00
6.091770953487739781e+00
7.960984141748644660e+00
4.825763749982140638e+00
8.817778965131426006e+00
6.957763048000265904e+00
1.061891836102548758e+01
9.623337784521860172e+00
1.236999476078312021e+01
8.305962691768797868e+00
2.851704904777076521e+01
1.685587579662115587e+01
8.391744636439474547e+00
6.941980078674449217e+00
8.884489787122069160e+00
4.731302272613998383e+00
8.917660422931859898e+00
1.356654158361843621e+01
1.970910038193073888e+01
2.338349881897086036e+01
1.357922155071028492e+01
6.319766246260706488e+00
2.250928659568567980e+01
1.050214079260458711e+01
8.094181897404990167e+00
7.822718465919067832e+00
1.136472463067029715e+01
8.224155343405291418e+00
1.249926866897853728e+01
1.324766740808307475e+01
8.979167961165774869e+00
4.274903861041531528e+00
2.329521868599483625e+01
7.469294561472821670e+00
7.268618553295059570e+00
1.117064320311029846e+01
6.989033338571037035e+00
4.957379999997888476e+00
7.831435032103791549e+00
7.189443501908313827e+00
1.368958103395396542e+01
4.995795788759115119e+00
1.550172382058370957e+01
5.059902447469004194e+00
9.538180764060426142e+00
8.951322134074800374e+00
1.769897085094518374e+01
1.182031789149636403e+01
5.348131542551946893e+00
1.351100784051706150e+01
2.051186653906381707e+01
6.314105836521408222e+00
7.929735043022552610e+00
5.763938736433311227e+00
6.278638059330424959e+00
1.145472366741664061e+01
8.580185522165738377e+00
5.453101206265968059e+00
1.404432136386043872e+01
6.548053938148298059e+00
1.972318578371863040e+01
1.567985811077225833e+01
9.560107446298788503e+00
8.310533086985737228e+00
9.404997290142686595e+00
6.970319298307857458e+00
3.402421969211136155e+00
5.487180115955254678e+00
5.154710942420352104e+00
1.430409217434579361e+01
4.505729948330824186e+00
1.747518393001830361e+01
1.058473969860942532e+01
1.174819011688923709e+01
5.619218970229582055e+00
8.784257565264724121e+00
2.136336557853725537e+01
8.440982376439301049e+00
1.038853215633601224e+01
5.513856289220935736e+00
1.950556035115398146e+01
6.088085621359760502e+00
4.084898285578867139e+00
1.927526269087348254e+01
4.380542560296637689e+00
6.361754311572053844e+00
4.554600628467222911e+00
1.285096550125355641e+01
8.861150078731190760e+00
3.442160945788253823e+00
5.111067219867203804e+00
9.111786034117884014e+00
1.009533839253201748e+01
5.357403765466440149e+00
9.978826929085373720e+00
8.633353410936637218e+00
4.008482263670416934e+00
3.974722376143781766e+00
6.579728388342245715e+00
3.811691954711514452e+00
5.336845942353240169e+00
7.405960846008205145e+00
1.277102443283123456e+01
6.151530312661241950e+00
9.011034667878202953e+00
5.183031749704595903e+00
2.137902131215600576e+01
4.382488489480076410e+00
7.482859464710474917e+00
4.374554898678431059e+00
1.930461751846012319e+01
8.261854032749814891e+00
2.042989213564732864e+01
2.976530120996378770e+01
8.575935754160331825e+00
1.188891587005032591e+01
1.137692789126762172e+01
5.742111061154701268e+00
5.111578639813432190e+00
1.016435512869897551e+01
7.597404609843423806e+00
5.876018682988394914e+00
2.637199823027315659e+01
1.007488059145168258e+01
1.020566853830228204e+01
7.008402786207041046e+00
2.273204952048155647e+01
1.128797229840272287e+01
5.018652968365519662e+00
4.785694765538079487e+00
4.779013279213960352e+00
1.389301769997373803e+01
3.438787722941064118e+01
7.775671757117923910e+00
5.392336287485081314e+00
7.259549713720511832e+00
6.023444251958454565e+00
4.552517999661871428e+00
5.843142791652144119e+00
2.022152597415318809e+01
1.266430482075331554e+01
1.728739667432166627e+01
4.752718255590507646e+00
1.228122807099413372e+01
1.677555343979203784e+01
1.291130912590093338e+01
1.586081230660221308e+01
2.291157055286959121e+01
1.176487556382427968e+01
2.006510104993881782e+01
1.087807425490287550e+01
6.834710896027238469e+00
2.610617791793645281e+01
7.333281119389130076e+00
1.255773995369456841e+01
8.452418420043180447e+00
1.152761442566127670e+01
1.580970251124832870e+01
5.376227696572841275e+00
1.744263831216532168e+01
1.132960772565050966e+01
1.611835180211849661e+01
6.516811030112790171e+00
7.201918960572966988e+00
9.210140100017392584e+00
6.435257607117629064e+00
8.885847689778907821e+00
4.348430260529807967e+00
1.333002726277658212e+01
5.659392102838634919e+00
6.703103405480534960e+00
1.593826482183082938e+01
1.706907217013691991e+01
1.115711347715365953e+01
1.906120732601832657e+01
1.253165980174295235e+01
1.182324143707316288e+01
1.300215133058859607e+01
1.017708214330860095e+01
5.227766846136693069e+00
6.509444115783555418e+00
2.424960211651044517e+01
5.721958053084770235e+00
5.375468944060636467e+00
1.244440574971527980e+01
6.264315254585394399e+00
6.654342569248932193e+00
6.624262108263847537e+00
1.443291233940841245e+01
1.493155247831927213e+01
6.171528693968505230e+00
1.311391733391802461e+01
3.283128125518552309e+01
3.688291329047581613e+00
4.028039075234996602e+00
4.917208545509345718e+00
4.647035758646405945e+00
8.259444564486944529e+00
1.492365234482588399e+01
1.420922688082148433e+01
2.373586056909947928e+01
4.262149638112136429e+00
1.892519861875402398e+01
3.915113805573380734e+00
6.415651672369728331e+00
2.019079742202664818e+01
5.931644412281772638e+00
1.084584618021338187e+01
7.747820360967462960e+00
8.019228206254343405e+00
8.478686406210158566e+00
5.353853736425179477e+00
5.996590376213346119e+00
1.481781683377946912e+01
4.080128089726444784e+01
5.219319534574553110e+00
4.862819237849984155e+00
1.019632631307697501e+01
1.794311940798537108e+01
1.462684641327093615e+01
1.758816211985473643e+01
5.811757986696110656e+00
1.432723634754783504e+01
1.023534492350318814e+01
1.197649754355107810e+01
5.013319748607077742e+00
4.757039303222142301e+00
9.883001466248131806e+00
3.038572834035111025e+00
4.822146371866491421e+00
3.818547329694466441e+01
9.545035637283090679e+00
8.026172246806876132e+00
3.670998115482117186e+01
1.549424606594916831e+01
2.433115299675975507e+01
8.488917663347605114e+00
4.122235270603867185e+00
5.998805934752903468e+00
9.551382955159885668e+00
9.914312053759537946e+00
9.811783964480264686e+00
8.412321556154603641e+00
4.186764416242822584e+00
5.628272265182380885e+00
1.038886029154396873e+01
5.474952178676471881e+00
3.005643169467242526e+00
1.617159523935307419e+01
7.935601886691202367e+00
1.018588566205961676e+01
1.197956337835725193e+01
1.534178062913913010e+01
1.787172877127964199e+01
1.482011261926502321e+01
4.524299644535815013e+00
4.287371903270931206e+00
4.517560022731034408e+00
4.230544706808765376e+00
9.900218438116114683e+00
8.094553741477291453e+00
4.713915583632881656e+00
4.565709884776297578e+00
4.915006220589621222e+00
3.251363105985918267e+00
2.120904003859574516e+01
1.221956128491036431e+01
5.875160470218098396e+00
1.848097765584287089e+01
2.290744324597195458e+01
4.752904093438578670e+00
5.803330878130498860e+00
7.940609770081378471e+00
9.637113076954253899e+00
8.381082946072988094e+00
4.284729244455365738e+00
1.164429007054446430e+01
1.465353742828261829e+01
4.530802475554873254e+00
6.999503227844806830e+00
5.106688116242792397e+00
1.303462300795388451e+01
6.821483544899819229e+00
1.337929922171026575e+01
2.199665196663383782e+01
9.857915307840713126e+00
3.060723989793331157e+01
7.481173614838066754e+00
4.113610525873815149e+00
2.517507684910733090e+01
5.761724545701269129e+00
6.224332838513637611e+00
1.578983266076634706e+01
5.740638542404704836e+00
7.795178733948400662e+00
9.408914230633106612e+00
7.605313502089823707e+00
7.263467056114428111e+00
1.361172617013672870e+01
7.499947721471987627e+00
1.238247347480192495e+01
7.888423418491612438e+00
1.012963421074782921e+01
1.042017082763604741e+01
7.074529393179478376e+00
4.752232956287216759e+00
4.626152123673884731e+00
1.581358027044749370e+01
2.041111905383600700e+01
5.580206147864164912e+00
3.087110537453187931e+01
1.118699867394202307e+01
1.300449045317777497e+01
2.519573995297240643e+01
2.550359070734882394e+01
7.534260250262185821e+00
2.334507849786064426e+01
8.908198647859977726e+00
4.428456108403459268e+00
1.178068920396842501e+01
4.884636906015291657e+00
1.830595252544205209e+01
1.086829152147018007e+01
4.384974262799484102e+00
7.192481941439229587e+00
1.168415830949447098e+01
4.811352066547561535e+00
5.400476052506234304e+00
1.297275424412261380e+01
8.422856334552925262e+00
4.789762194077548330e+00
2.497728992789641467e+01
1.138586765379623245e+01
4.249423889363520779e+00
1.829447632031929061e+01
3.092738550968221922e+00
1.956040014276725003e+01
1.303786846414136491e+01
4.245470673762041791e+00
3.695287262876473466e+00
1.771329880347406416e+01
5.513734913371608926e+00
7.952015137091270169e+00
1.258961749078065928e+01
5.804964181493116548e+00
5.209477680654545750e+00
1.022879231794916066e+01
7.857130748078590798e+00
1.985420832338579800e+01
2.290958569232841313e+01
6.088493042625320761e+00
5.570634123797032267e+00
2.317460706219929278e+01
6.500894450173023031e+00
5.014561837263385335e+00
1.054183001065714897e+01
1.545100401325377071e+01
1.737117831694898484e+01
5.287944759843729692e+00
5.081259596016688640e+00
5.451924600941979726e+00
5.121364446358520617e+00
6.390333289378067327e+00
9.851050700216285705e+00
5.302952124261514300e+00
3.638920459056002699e+00
2.605294400664951127e+01
6.331846829669444787e+00
3.626475282240829490e+00
4.314754770822409569e+01
1.578833991221305943e+01
3.072828191643738549e+00
9.506830085927276741e+00
8.932635758438584261e+00
1.330710423517365726e+01
1.284553159792042543e+01
2.380174749364358178e+01
3.396970912925570296e+00
1.197513593114857677e+01
4.434361314483173722e+00
5.855055049105739151e+00
5.275089159427389873e+00
8.866103708184766674e+00
5.501510021101100989e+00
6.552065759351098251e+00
4.545124906542496568e+00
6.070660633174790100e+00
2.688608258082702562e+01
2.260552151704239421e+01
2.176248824528126491e+01
8.075811945937411807e+00
9.574811073614167611e+00
6.617880023092250319e+00
7.970370549798373894e+00
8.058110473843113297e+00
1.024082636684242154e+01
1.859366635110491828e+01
4.651440413359887671e+00
2.582120603661741143e+01
1.323760174561833303e+01
2.199069795504447100e+01
7.101779279782769017e+00
2.159227363249243226e+01
2.568245989773680549e+01
3.287161196768362714e+00
6.267663930996066668e+00
6.773666904728950833e+00
8.051423810843532536e+00
2.943916537452590187e+00
1.296864035260192693e+01
3.281578386162703698e+00
5.028374169939138660e+00
6.357330656052539553e+00
1.814016091836054656e+01
7.868626253380805124e+00
1.462009369504412604e+01
1.034363799857112376e+01
8.495680783226081445e+00
5.514183952031176617e+00
5.385833454398947673e+00
9.958876653195339657e+00
7.908503773101398515e+00
7.294129061255599566e+00
4.033724239364251396e+00
7.746849078398025057e+00
8.361854816002530555e+00
5.415020055518610320e+00
5.641772767506902930e+00
2.530705350449683522e+01
8.859986332206599258e+00
1.461937419368436508e+01
1.171419260096886461e+01
2.172871218623940592e+01
2.839504958255186651e+01
3.909711887428345634e+00
5.214750228311204161e+00
1.059451849844646887e+01
6.249703293452353314e+00
1.774942235803806412e+01
3.811474147961005698e+00
3.586428750146756439e+00
1.830601199856058869e+01
1.168388266352694238e+01
7.285176394474937034e+00
8.150123408086935584e+00
2.346748335590214296e+01
2.125857498148621616e+01
1.149066617036394078e+01
1.868056342795806657e+01
4.323884705440698362e+00
1.156334935803439734e+01
8.397956530255937579e+00
5.218120857251526523e+00
4.191146249379666067e+00
4.958994794075954005e+00
5.749902406418004652e+00
3.778686944140978277e+00
2.863052449553484990e+01
2.425662429701377221e+01
1.131400124343162084e+01
1.136252390794365752e+01
8.456459529525291785e+00
3.921726885826366971e+00
1.026973583017196212e+01
6.366669900040215602e+00
3.971916945922305153e+00
5.967776309058510087e+00
5.230387703058808846e+00
6.182943831592903727e+00
1.244620753829059367e+01
7.403069999209134444e+00
9.193690875307760635e+00
8.517391263207946039e+00
2.950269504367695816e+01
5.817544974915590750e+00
1.803294873427401512e+01
9.966997767956584653e+00
7.798449441000847138e+00
2.855228940986829400e+01
3.870967962957774233e+01
7.457461207556503879e+00
5.146465185032639056e+00
8.711997685579483175e+00
4.072664302885317333e+00
4.220465448889755500e+00
1.014519801233106122e+01
1.633531994027186229e+01
2.265539905420050815e+01
4.478950243136397447e+00
6.760385455219800832e+00
1.390794435270126783e+01
9.760934215406647851e+00
8.165670877166359531e+00
7.100460278247604506e+00
1.017571181315002349e+01
4.075206118314313564e+00
