2.155186042785644518e-01
3.302839255332946922e-02
3.246591496467590016e-02
3.211473965644836420e-02
3.221896839141845381e-02
3.212070703506469949e-02
3.217676281929016113e-02
3.218180346488952459e-02
3.227409934997558377e-02
3.216611099243164157e-02
3.241547036170959462e-02
3.229058337211608565e-02
3.229301238059997803e-02
3.223842740058899259e-02
3.205678510665893599e-02
3.214101815223693870e-02
3.242075586318969582e-02
3.230766892433166448e-02
3.242302513122558710e-02
3.241341996192931979e-02
3.237376499176025657e-02
3.233977651596069147e-02
3.231539726257324358e-02
3.222724986076355019e-02
3.243174624443054266e-02
3.270314884185791110e-02
3.265776634216308733e-02
3.246815872192383018e-02
3.234820437431335655e-02
3.277676248550415172e-02
3.251768279075622353e-02
3.195481491088867504e-02
3.261042332649231185e-02
3.302510499954223328e-02
3.260463356971740612e-02
3.273628497123718534e-02
3.270220923423767384e-02
3.279108858108520375e-02
3.219235110282898243e-02
3.250632739067077503e-02
3.196130537986755643e-02
3.236984086036682334e-02
3.236161470413208285e-02
3.304484868049621660e-02
3.270085215568542536e-02
3.289371061325073453e-02
3.270772814750671359e-02
3.257884240150451388e-02
3.291418480873108121e-02
3.281043934822082397e-02
3.238836836814880382e-02
3.299378299713134899e-02
3.247098994255066123e-02
3.261358046531677435e-02
3.273991799354553089e-02
3.304943537712096840e-02
3.255288720130920105e-02
3.302603340148925481e-02
3.275628399848937861e-02
3.303243899345397611e-02
3.301089382171630560e-02
3.312643074989318759e-02
3.311824917793274037e-02
3.264295029640197632e-02
3.306875562667846435e-02
3.273599910736083723e-02
3.283619427680969233e-02
3.288896584510803134e-02
3.299197387695312206e-02
3.319415187835693393e-02
3.329504251480102511e-02
3.292988276481628729e-02
3.326826095581054965e-02
3.276579260826111006e-02
3.311711096763610834e-02
3.342242646217346430e-02
3.336412620544433605e-02
3.328021907806396479e-02
3.299604392051697088e-02
3.313160300254822110e-02
3.349622035026550426e-02
3.313423252105712757e-02
3.287478375434875477e-02
3.270057392120361006e-02
3.336240363121032587e-02
3.276627683639526251e-02
3.308958625793457370e-02
3.341765570640563981e-02
3.303773450851440335e-02
3.348510074615478754e-02
3.317448067665099837e-02
3.328446054458618353e-02
3.356453704833984447e-02
3.370866894721984836e-02
3.361683654785155989e-02
3.380914640426635476e-02
3.358281016349792814e-02
3.351525926589965509e-02
3.347343564033508634e-02
3.358211684226989485e-02
3.316956186294555547e-02
3.349729728698730424e-02
3.356062579154968362e-02
3.366190052032470847e-02
3.349851465225219677e-02
3.365202569961547874e-02
3.346142792701721491e-02
3.324853563308715482e-02
3.341101002693176031e-02
3.373078179359435824e-02
3.374701547622680625e-02
3.319131684303283647e-02
3.246146702766418424e-02
3.313470530509948775e-02
3.368278479576111012e-02
3.332631230354309027e-02
3.349270915985107233e-02
3.271240925788879150e-02
3.376250028610229548e-02
3.349061417579651118e-02
3.361821889877319308e-02
3.361351561546326028e-02
3.342801260948181225e-02
3.351253843307495234e-02
3.367686462402343789e-02
3.375291705131530651e-02
3.375530886650085494e-02
3.389995670318603216e-02
3.388075661659240706e-02
3.380822324752807279e-02
3.329861831665038852e-02
3.369779825210571234e-02
3.383047604560852212e-02
3.396429371833801364e-02
3.351053142547607416e-02
3.363017225265502869e-02
3.313084006309509333e-02
3.350747489929199047e-02
3.358140277862548678e-02
3.367615890502929921e-02
3.296606183052062933e-02
3.336655759811401473e-02
3.368248462677001648e-02
3.357686400413513461e-02
3.361114358901977350e-02
3.283910083770751748e-02
3.370626759529114086e-02
3.379873251914978366e-02
3.384277391433716115e-02
3.364256906509399681e-02
3.358766484260559265e-02
3.349412775039672940e-02
3.367602968215942238e-02
3.407072472572326982e-02
3.376232957839965521e-02
3.362694907188415461e-02
3.364575839042663330e-02
3.340900802612304515e-02
3.390565514564514160e-02
3.411569571495055853e-02
3.342916083335876337e-02
3.372799706459045366e-02
3.385132861137390287e-02
3.365104651451111123e-02
3.385729312896728488e-02
3.395997118949890120e-02
3.366273570060730053e-02
3.401808834075927684e-02
3.422905421257019243e-02
3.380889010429382474e-02
3.379877996444702326e-02
3.398611402511596963e-02
3.395724940299987837e-02
3.327083921432495012e-02
3.371790266036987088e-02
3.376230549812316711e-02
3.409843230247497359e-02
3.376398205757141086e-02
3.392487740516662853e-02
3.379348850250243896e-02
3.368636250495910672e-02
3.411717247962951782e-02
3.440272188186645208e-02
3.420416975021361994e-02
3.401998043060303067e-02
3.374288034439086592e-02
3.404676294326781927e-02
3.427799081802368475e-02
3.399582672119140503e-02
3.411619806289672985e-02
3.392565083503722850e-02
3.330353951454162464e-02
3.373721981048583701e-02
3.422600960731506103e-02
3.377610135078430026e-02
3.405233192443847534e-02
3.395054554939270358e-02
3.339751029014587091e-02
3.427795696258544716e-02
3.390234518051147422e-02
3.386930990219116228e-02
3.385566258430480757e-02
3.359694957733154463e-02
3.496470832824707248e-02
3.432141256332397333e-02
3.402526617050170843e-02
3.385207152366637856e-02
3.412837195396423162e-02
3.416699719429015791e-02
3.432223510742187650e-02
3.423034429550170926e-02
3.392019820213317688e-02
3.433209156990051081e-02
3.403572988510131930e-02
3.384244632720947304e-02
3.426904726028442288e-02
3.394580674171447654e-02
3.418207764625549178e-02
3.357643628120422080e-02
3.392100596427917447e-02
3.407357668876648260e-02
3.406285572052002164e-02
3.415240716934204307e-02
3.399602723121643300e-02
3.377542901039123219e-02
3.296694135665893810e-02
3.370648956298828020e-02
3.391945600509643777e-02
3.395760536193847406e-02
3.316016864776611534e-02
3.416243267059326100e-02
3.429374527931213640e-02
3.376364946365356667e-02
3.432925558090210022e-02
3.409964108467102017e-02
3.421726465225219393e-02
3.371088242530823065e-02
3.394954752922058061e-02
3.257003331184387535e-02
3.374373030662536355e-02
3.262982130050659513e-02
3.418620896339416571e-02
3.439511632919311362e-02
3.406761193275451710e-02
3.404264807701110757e-02
3.434855723381042419e-02
3.422017097473144254e-02
3.451167964935302618e-02
3.399494385719298989e-02
3.407751464843750133e-02
3.438443326950073320e-02
3.447259545326233215e-02
3.406788015365600636e-02
3.431208944320678772e-02
3.380078268051147500e-02
3.409853243827819930e-02
3.409830212593078363e-02
3.396649670600890986e-02
3.407561326026916498e-02
3.399359273910522450e-02
3.422615170478821023e-02
3.422487759590148865e-02
3.391492223739624168e-02
3.383025503158569591e-02
3.344296956062316889e-02
3.378343224525451327e-02
3.394396877288818198e-02
3.414485931396484680e-02
3.400594139099120949e-02
3.423862743377685536e-02
3.398015952110290672e-02
3.336321282386779663e-02
3.373747396469116422e-02
3.401496624946594161e-02
3.390883970260619856e-02
3.417583632469177457e-02
3.354569530487060830e-02
3.340427780151367099e-02
3.393089461326598971e-02
3.401437807083129705e-02
3.409236049652099310e-02
3.400057816505432096e-02
3.413529491424560636e-02
3.397842884063720370e-02
3.385248994827270291e-02
3.389229869842529108e-02
3.421427679061889854e-02
3.395162963867187633e-02
3.381363201141357466e-02
3.366015934944152632e-02
3.397110629081726008e-02
3.347157335281372020e-02
3.382562255859374728e-02
3.352083539962768394e-02
3.415228104591369607e-02
3.425552773475647184e-02
3.435509610176086526e-02
3.444498586654663047e-02
3.409150075912475292e-02
3.415477728843688970e-02
3.400029897689819253e-02
3.418786597251892434e-02
3.401785063743591186e-02
3.410736012458800981e-02
3.403241825103759527e-02
3.403790426254272444e-02
3.429349994659423861e-02
3.411083245277404807e-02
3.406941604614258101e-02
3.419171357154845992e-02
3.407033824920654291e-02
3.421644306182861084e-02
3.412646865844726901e-02
3.324621820449829429e-02
3.272349858283996743e-02
3.414575624465942399e-02
3.440410065650940236e-02
3.448895120620727728e-02
3.256076073646545221e-02
3.288096475601196000e-02
3.422746896743774497e-02
3.428435587882995572e-02
3.343379330635070507e-02
3.362267899513244479e-02
3.338466930389404064e-02
3.388758015632629267e-02
3.407053542137145757e-02
3.374019742012023676e-02
3.422226858139038042e-02
3.432891774177550953e-02
3.436303043365478843e-02
3.434193778038024947e-02
3.383477282524108981e-02
3.397537040710449374e-02
3.368498301506042680e-02
3.414644908905029030e-02
3.421004176139831598e-02
3.433809757232666321e-02
3.348336338996887179e-02
3.407625031471252230e-02
3.404395532608032321e-02
3.383427834510803478e-02
3.432810497283935586e-02
3.428113579750061146e-02
3.433761119842529408e-02
3.439009118080139232e-02
3.429499197006225658e-02
3.450081801414489613e-02
3.403001809120178439e-02
3.405943179130554305e-02
3.433928632736205772e-02
3.430084085464477767e-02
3.440054273605346741e-02
3.419443702697753940e-02
3.423948073387145935e-02
3.423883223533630282e-02
3.430080866813659674e-02
3.433727455139160001e-02
3.476324343681335555e-02
3.435950922966003740e-02
3.425198650360107566e-02
3.419935989379882524e-02
3.447336053848266274e-02
3.423583889007568437e-02
3.415914320945739879e-02
3.431116724014281888e-02
3.428865098953247370e-02
3.436472296714782743e-02
3.429368042945862144e-02
3.423450064659118441e-02
3.474200534820556796e-02
3.447466325759887540e-02
3.448853874206542908e-02
3.446582031249999928e-02
3.440469384193420299e-02
3.411699700355529802e-02
3.435030770301818887e-02
3.454153013229370461e-02
3.445032453536987088e-02
3.422269058227538768e-02
3.454985570907592729e-02
3.431943511962890631e-02
3.430151510238647200e-02
3.434076905250549316e-02
3.460932874679565480e-02
3.403488016128539823e-02
3.414864349365234059e-02
3.442488193511963196e-02
3.450523233413696489e-02
3.437211775779724227e-02
3.440562558174133090e-02
3.469263935089111212e-02
3.479664111137389937e-02
3.466382098197937078e-02
3.356864857673644981e-02
3.337477946281432878e-02
3.435884785652160850e-02
3.447640323638916093e-02
3.417298316955566517e-02
3.409438800811767645e-02
3.326565051078796131e-02
3.438999223709106323e-02
3.366972208023071012e-02
3.479621315002441595e-02
3.486905217170715304e-02
3.479193472862243675e-02
3.478250694274902244e-02
3.427002024650573769e-02
3.418193602561950956e-02
3.433261442184448037e-02
3.410746598243713512e-02
3.453511476516723383e-02
3.434073424339294245e-02
3.471620416641235662e-02
3.457657814025878740e-02
3.449939322471618636e-02
3.444511842727661366e-02
3.423274564743041676e-02
3.256544089317321700e-02
3.360332584381103826e-02
3.390185332298278897e-02
3.466768884658813499e-02
3.445740771293639981e-02
3.422416543960571378e-02
3.432540345191955472e-02
3.446215105056762984e-02
3.445447039604186690e-02
3.377182555198669778e-02
3.435721206665039162e-02
3.473289370536804255e-02
3.442305350303649647e-02
3.383649754524230974e-02
3.408487033843993902e-02
3.440415120124817178e-02
3.424778962135315019e-02
3.437503504753113004e-02
3.355386137962341336e-02
3.309447407722473228e-02
3.461640024185180797e-02
3.449818086624145685e-02
3.466008162498473988e-02
3.441884756088256503e-02
3.451175403594970714e-02
3.456663894653320274e-02
3.474298930168152194e-02
3.445835757255553966e-02
3.446411085128784496e-02
3.456400775909423961e-02
3.498340845108031949e-02
3.468020415306091037e-02
3.465609288215637518e-02
3.408745622634887923e-02
3.465327954292297258e-02
3.493493103981017839e-02
3.470353674888610601e-02
3.444758129119872975e-02
3.472110915184020707e-02
3.441804623603821056e-02
3.386682939529418734e-02
3.441908884048461986e-02
3.447098803520202981e-02
3.466747713088989130e-02
3.424414658546447859e-02
3.478227496147155706e-02
3.472819876670837219e-02
3.428291964530944674e-02
3.476952576637268311e-02
3.477045965194702076e-02
3.462117075920104897e-02
3.418452668190002236e-02
3.505433464050292797e-02
3.470523452758789151e-02
3.494295334815979148e-02
3.461098408699035678e-02
3.464744806289672685e-02
3.452958726882934815e-02
3.456653118133545116e-02
3.491315960884094211e-02
3.463182568550109836e-02
3.469063496589660373e-02
3.408474516868591209e-02
3.462354850769042841e-02
3.438854360580444192e-02
3.467937898635864435e-02
3.464184308052063038e-02
3.443262577056884627e-02
3.455581521987915322e-02
3.416955852508545000e-02
3.425610494613647722e-02
3.440313673019409352e-02
3.451707267761230241e-02
3.429919648170471486e-02
3.433671188354492365e-02
3.383270502090453963e-02
3.429635143280029136e-02
3.440951061248779391e-02
3.404861688613891602e-02
3.453535962104797158e-02
3.423276662826538197e-02
3.432228970527648887e-02
3.403793954849242825e-02
3.425389933586120428e-02
3.399973535537719610e-02
3.399299073219299444e-02
3.426369237899780373e-02
3.430341362953186202e-02
3.396280479431152549e-02
3.395902299880981107e-02
3.413633990287780889e-02
3.407825517654419073e-02
3.411117863655090121e-02
3.336366462707519853e-02
3.330925726890564265e-02
3.401097798347473000e-02
3.455058264732360773e-02
3.446440696716308871e-02
3.441644215583801458e-02
3.433916592597961726e-02
3.466955852508545044e-02
3.438548755645751825e-02
3.429851841926574718e-02
3.464689874649047596e-02
3.454503130912781050e-02
3.449652910232543779e-02
3.453041100502014099e-02
3.446354436874389526e-02
3.471590232849121327e-02
3.439048552513122858e-02
3.445653843879699363e-02
3.469022822380066207e-02
3.456198835372924910e-02
3.458655881881713551e-02
3.454284882545471252e-02
3.437780308723449585e-02
3.440832591056823542e-02
3.452906370162964200e-02
3.472096824645996144e-02
3.460861730575561651e-02
3.459507679939270025e-02
3.445413637161254955e-02
3.461316776275634444e-02
3.467499494552612332e-02
3.497682571411132868e-02
3.504166769981384433e-02
3.479721188545226856e-02
3.477361845970153992e-02
3.462602305412292719e-02
3.445309805870055975e-02
3.437431216239929255e-02
3.440977597236632990e-02
3.447503089904785378e-02
3.431649589538574019e-02
3.474021959304809254e-02
3.427131247520447122e-02
3.468057012557983210e-02
3.418854188919067533e-02
3.422211337089538230e-02
3.383355784416199052e-02
3.348415255546569741e-02
3.379270434379577637e-02
3.392100739479064764e-02
3.427729463577270513e-02
3.400010418891906416e-02
3.400359082221984797e-02
3.409566235542297458e-02
3.394705295562744363e-02
3.392234969139099054e-02
3.386909437179565219e-02
3.415641617774963640e-02
3.436954832077026428e-02
3.455788564682006625e-02
3.457407164573669117e-02
3.487917304039001715e-02
3.484656381607055542e-02
3.443925666809082020e-02
3.464544773101806835e-02
3.482076334953308067e-02
3.486404609680175681e-02
3.468666863441467046e-02
3.486109209060669206e-02
3.483286404609680503e-02
3.489794683456420854e-02
3.473275208473205339e-02
3.460565471649169889e-02
3.484415626525878829e-02
3.481709623336792098e-02
3.480010461807250821e-02
3.483931875228881564e-02
3.434029054641723339e-02
3.439799070358276478e-02
3.359712839126587081e-02
3.428100800514221475e-02
3.474633383750915655e-02
3.476801204681396334e-02
3.462769484519958446e-02
3.470829772949218794e-02
3.490391612052917703e-02
3.491532778739929455e-02
3.498433089256286488e-02
3.525820016860961581e-02
3.523377084732055853e-02
3.532231950759887745e-02
3.503778624534607117e-02
3.545221948623657193e-02
3.427811288833618186e-02
3.526361131668091092e-02
3.546930050849914778e-02
3.515246057510375971e-02
3.538606929779052751e-02
3.602991390228271751e-02
3.539919757843017906e-02
3.533058381080627502e-02
3.558372187614440574e-02
3.522283339500427435e-02
3.504308199882507496e-02
3.533857226371765053e-02
3.564568996429443026e-02
3.465181422233581249e-02
3.507840108871460028e-02
3.503271126747131009e-02
3.549316263198852572e-02
3.553946590423583823e-02
3.557566428184509577e-02
3.506888484954834295e-02
3.562582612037658997e-02
3.534291410446167153e-02
3.533355212211609225e-02
3.570140671730041848e-02
3.564589858055114413e-02
3.548736548423767068e-02
3.590466904640197965e-02
3.531337618827819907e-02
3.553542876243591386e-02
3.537250924110412614e-02
3.551123619079590149e-02
3.563574886322021240e-02
3.539811491966247253e-02
3.559228229522705400e-02
3.561863112449645957e-02
3.566018652915954601e-02
3.452041935920715371e-02
3.486182188987731884e-02
3.551759314537048656e-02
3.577253413200378457e-02
3.538270831108093067e-02
3.550876545906066911e-02
3.544905638694763328e-02
3.553608107566833679e-02
3.553021264076233060e-02
3.528843283653259472e-02
3.559909462928771695e-02
3.534885954856872847e-02
3.547282338142394853e-02
3.566403436660766507e-02
3.511198472976684304e-02
3.535302233695983981e-02
3.541274929046631104e-02
3.566309165954589799e-02
3.559586787223815996e-02
3.547379875183105657e-02
3.576330995559692111e-02
3.551814460754394720e-02
3.606656575202941972e-02
3.552207469940185658e-02
3.552040767669677884e-02
3.512007284164428422e-02
3.552348780632019060e-02
3.560287332534790156e-02
3.559553837776183866e-02
3.559867358207702975e-02
3.569698286056518372e-02
3.562132287025451816e-02
3.545116424560546681e-02
3.586909794807434382e-02
3.611040282249450978e-02
3.580458092689513955e-02
3.560967278480529907e-02
3.559005856513976912e-02
3.582898235321044927e-02
3.542190909385681263e-02
3.611617302894592346e-02
3.590221691131591925e-02
3.557518053054809642e-02
3.585264086723327637e-02
3.616382455825805503e-02
3.559804797172546470e-02
3.550878262519836098e-02
3.584780311584472717e-02
3.558001041412353627e-02
3.544726991653442127e-02
3.421500658988952531e-02
3.567806482315063338e-02
3.584469032287597445e-02
3.574198603630066029e-02
3.583117485046386635e-02
3.588737654685974360e-02
3.603790831565856917e-02
3.548251819610595548e-02
3.556593322753906494e-02
3.526557731628417874e-02
3.564053177833557268e-02
3.502939844131469638e-02
3.436043000221252613e-02
3.375734257698059099e-02
3.576126241683959955e-02
3.543222475051879816e-02
3.552324342727661288e-02
3.565762805938720720e-02
3.555778789520263466e-02
3.524910378456115601e-02
3.554750466346740662e-02
3.568523907661438205e-02
3.606255888938903614e-02
3.565538144111633084e-02
3.565389442443847590e-02
3.555223107337951438e-02
3.572073197364807051e-02
3.441579151153564137e-02
3.543221092224121266e-02
3.524724555015563976e-02
3.577139449119567938e-02
3.573183298110962219e-02
3.595978212356567422e-02
3.584488558769226285e-02
3.599364733695983865e-02
3.589164638519286993e-02
3.570016098022461143e-02
3.579173731803893949e-02
3.600512719154357749e-02
3.565199327468872303e-02
3.593082594871521013e-02
3.557892775535583668e-02
3.593833136558532981e-02
3.543092203140258550e-02
3.584640884399414168e-02
3.458051848411559936e-02
3.460747694969177474e-02
3.591920161247253579e-02
3.578243637084960876e-02
3.601847815513610496e-02
3.608405876159667680e-02
3.596394133567810264e-02
3.592299294471740928e-02
3.579941654205322232e-02
3.596241259574890076e-02
3.568274998664856118e-02
3.573961615562439020e-02
3.573930931091308383e-02
3.571856117248534829e-02
3.565142774581909341e-02
3.597881150245666598e-02
3.603113126754761003e-02
3.588919997215270913e-02
3.593109130859375305e-02
3.606137752532959095e-02
3.622330594062805192e-02
3.545072317123412753e-02
3.497401928901672230e-02
3.392960429191589633e-02
3.553198409080505354e-02
3.580085682868957425e-02
3.597146129608154441e-02
3.594073009490966752e-02
3.480779266357422047e-02
3.573907518386840870e-02
3.586086249351501387e-02
3.624822545051574474e-02
3.599559712409973466e-02
3.608268141746520663e-02
3.607134723663329989e-02
3.542087435722351269e-02
3.614218044281005543e-02
3.593700599670410223e-02
3.599669027328491339e-02
3.610235023498534895e-02
3.623975086212158359e-02
3.542914843559265281e-02
3.565291142463684199e-02
3.575221037864684953e-02
3.601055479049682789e-02
3.584411263465881597e-02
3.567171430587768449e-02
3.582347106933593539e-02
3.609204244613647278e-02
3.606873130798339544e-02
3.619364905357360523e-02
3.556017136573791371e-02
3.607580614089965498e-02
3.630178427696228310e-02
3.584006142616272261e-02
3.604619455337524508e-02
3.613388657569885365e-02
3.600233769416809337e-02
3.578161525726318570e-02
3.616181659698486373e-02
3.597940039634704712e-02
3.592399621009826488e-02
3.611653733253478854e-02
3.597804808616638511e-02
3.593125605583191023e-02
3.644160485267639027e-02
3.620832610130310381e-02
3.618375229835510409e-02
3.584926009178161788e-02
3.624470448493957719e-02
3.611041235923766884e-02
3.511455798149108742e-02
3.630553007125854326e-02
3.612663817405700750e-02
3.657682514190673667e-02
3.667649149894714605e-02
3.597999286651611117e-02
3.596883273124695107e-02
3.639834666252136225e-02
3.621351075172424272e-02
3.597032761573791537e-02
3.596465539932251071e-02
3.596916294097900202e-02
3.623457860946655007e-02
3.598744297027588190e-02
3.617493605613708585e-02
3.642197513580322510e-02
3.600998759269714161e-02
3.597920894622802512e-02
3.610028862953185841e-02
3.577736282348632779e-02
3.664679932594299555e-02
3.617278409004211215e-02
3.607504630088806397e-02
3.653226256370544628e-02
3.601546907424926780e-02
3.614242839813232300e-02
3.634200882911681890e-02
3.615650701522827443e-02
3.693951892852782859e-02
3.598503184318542492e-02
3.602710914611816084e-02
3.636694598197937056e-02
3.615243768692016912e-02
3.596487355232239058e-02
3.608708167076110640e-02
3.653504514694214111e-02
3.619930171966552479e-02
3.620810675621032731e-02
3.582994985580444103e-02
3.621625185012817411e-02
3.626006746292114585e-02
3.614935708045959734e-02
3.615700078010559287e-02
3.656443929672241466e-02
3.621444463729858732e-02
3.619107913970947416e-02
3.624097394943237571e-02
3.600446319580077881e-02
3.631752777099609558e-02
3.630328512191772355e-02
3.619707894325256692e-02
3.629302906990051342e-02
3.622756719589233232e-02
3.613580894470214827e-02
3.625805544853210466e-02
3.630740261077881198e-02
3.638019299507141285e-02
3.657884454727172718e-02
3.644262266159057490e-02
3.687420487403869629e-02
3.611862993240356340e-02
3.633527803421020275e-02
3.620885181427001970e-02
3.643222379684447898e-02
3.644235992431640869e-02
3.620782804489135892e-02
3.617488670349121305e-02
3.618252730369567877e-02
3.613333797454833934e-02
3.631565380096435369e-02
3.618305397033691473e-02
3.633234357833862310e-02
3.644165968894958613e-02
3.622902464866638306e-02
3.665808725357055931e-02
3.614789581298828020e-02
3.638248944282531511e-02
3.609143877029418607e-02
3.438596320152282476e-02
3.599260592460632596e-02
3.620091462135315019e-02
3.656449460983276362e-02
3.692780113220214822e-02
3.611415743827819935e-02
3.667548775672912348e-02
3.644186615943909024e-02
3.671909976005554438e-02
3.672060823440551763e-02
3.681745481491088823e-02
3.656482124328613165e-02
3.647967386245727639e-02
3.627364301681518244e-02
3.680481815338134538e-02
3.660601329803466614e-02
3.669955205917358604e-02
3.652775478363037148e-02
3.676008367538451810e-02
3.653456354141235152e-02
3.630964708328247165e-02
3.638022875785827670e-02
3.650782155990600630e-02
3.588788175582885431e-02
3.443641400337218994e-02
3.584936356544494301e-02
3.689381051063537337e-02
3.627777647972106612e-02
3.632280802726745722e-02
3.670449018478393749e-02
3.673403310775756603e-02
3.615775156021118486e-02
3.642646956443786749e-02
3.515384078025817621e-02
3.562054514884948481e-02
3.699963498115539651e-02
3.676632475852966569e-02
3.659367179870605391e-02
3.654175043106078907e-02
3.640785741806030346e-02
3.643888759613037043e-02
3.645950579643249256e-02
3.641153883934020868e-02
3.650367212295532043e-02
3.646309781074524164e-02
3.634503459930420177e-02
3.662970542907714733e-02
3.663049387931823636e-02
3.622202014923095459e-02
3.630965185165405118e-02
3.635452985763550082e-02
3.664728140830993824e-02
3.653813648223876859e-02
3.650288271903991827e-02
3.670806980133056729e-02
3.677417230606078863e-02
3.660999250411987177e-02
3.608212804794311279e-02
3.626896691322326755e-02
3.655926942825317438e-02
3.642846369743347329e-02
3.680152225494384699e-02
3.675387883186340132e-02
3.653302192687988420e-02
3.652269363403320285e-02
3.600050187110900857e-02
3.682025837898254134e-02
3.684344291687011858e-02
3.646747541427612649e-02
3.660701060295105252e-02
3.655036950111389266e-02
3.640586972236633384e-02
3.623665881156921259e-02
3.660068011283874184e-02
3.639950466156005593e-02
3.697541308403014954e-02
3.678319430351257441e-02
3.677117466926574374e-02
3.678087139129638389e-02
3.679626083374023388e-02
3.651886343955993569e-02
3.660844874382018777e-02
3.607845544815063699e-02
3.671602463722228871e-02
3.664768338203430037e-02
3.569889307022094949e-02
3.580377531051635864e-02
3.691269803047179943e-02
3.585380077362060325e-02
3.670655632019043102e-02
3.676926040649414196e-02
3.691209387779235962e-02
3.672364211082458640e-02
3.671397805213928028e-02
3.660134506225586060e-02
3.661021518707275463e-02
3.662711930274963057e-02
3.679761552810668912e-02
3.676046180725097562e-02
3.686020374298095564e-02
3.635531520843506004e-02
3.705952453613281516e-02
3.683332347869872764e-02
3.687102389335632224e-02
3.677600765228271340e-02
3.693813109397887928e-02
3.684782958030700939e-02
3.666872501373290988e-02
3.696999192237854226e-02
3.677873897552490223e-02
3.668098783493042164e-02
3.670838308334350292e-02
3.629745864868164085e-02
3.483825898170471447e-02
3.664463376998901289e-02
